Namespace(conf='../conf/My_EMNIST_balance_conf.json', dataset='mnist', gpu=1.0, iid=True, use_pretrained_model=False)
X shape : (60000, 28, 28)
y shape : (60000,)
X shape : (10000, 28, 28)
y shape : (10000,)
19    6000
18    6000
17    6000
16    6000
15    6000
14    6000
13    6000
12    6000
11    6000
10    6000
dtype: int64
============================================================
============================================================
X shape : (10000, 28, 28)
y shape : (10000,)
model 0 : ResNet18_1
model 1 : ResNet34_1
model 2 : mobilenet_1
model 3 : shufflenet_1
model 4 : ResNet18_2
model 5 : ResNet34_2
model 6 : mobilenet_2
model 7 : shufflenet_2
model 8 : ResNet18_3
model 9 : ResNet34_3
model 10 : mobilenet_3
model 11 : shufflenet_3
model 12 : ResNet18_4
model 13 : ResNet34_4
model 14 : mobilenet_4
model 15 : shufflenet_4
model 16 : ResNet18_5
model 17 : ResNet34_5
model 18 : mobilenet_5
model 19 : shufflenet_5
Training model  0
Training model  1
Training model  2
Training model  3
Training model  4
Training model  5
Training model  6
Training model  7
Training model  8
Training model  9
Training model  10
Training model  11
Training model  12
Training model  13
Training model  14
Training model  15
Training model  16
Training model  17
Training model  18
Training model  19
pre-train accuracy: 
[0.9920886075949367, 0.9918908227848101, 0.990506329113924, 0.9910007911392406, 0.9918908227848101, 0.9907041139240507, 0.9872428797468354, 0.9901107594936709, 0.9909018987341772, 0.9915941455696202, 0.990506329113924, 0.9896162974683544, 0.9924841772151899, 0.991495253164557, 0.9899129746835443, 0.9834849683544303, 0.9936708860759493, 0.992879746835443, 0.9653876582278481, 0.9907041139240507]
publice_dataset[y]: [5 0 4 ... 5 6 8]
calculate the theoretical upper bounds for participants: 
the upper bounds are: [0.7939297124600639, 0.7821485623003195, 0.7459065495207667, 0.744508785942492, 0.795826677316294, 0.7760583067092651, 0.7160543130990416, 0.7270367412140575, 0.8030151757188498, 0.7694688498402555, 0.7662739616613419, 0.7823482428115016, 0.7848442492012779, 0.7686701277955271, 0.724341054313099, 0.7305311501597445, 0.7961261980830671, 0.7288338658146964, 0.7533945686900958, 0.7635782747603834]
start model initialization: 
finish model initialization: 
round  0
update logits ... 
cosdist:
[[1, 0.7482225160469711, 0.7614984406195223, 0.9069584763701155, 0.8985236812730542, 0.642061426659971, 0.8093436536953771, 0.8921010353763164, 0.9101483390534452, 0.6952663641532026, 0.7852722650465168, 0.8665164573490811, 0.8872576506483586, 0.7833847553050309, 0.72647606560223, 0.8532023884862066, 0.8935976331759612, 0.6114867872662656, 0.8282128170578472, 0.8109266538289025], [0.7482225160469711, 1, 0.6665292310888138, 0.7407602975833112, 0.7760622589877004, 0.8187753123180229, 0.6469262057156523, 0.728963447908267, 0.7860850970366061, 0.7269401180474125, 0.7356568216490226, 0.7525185750520834, 0.7768906591666919, 0.7712858776630032, 0.6377576963409384, 0.7338501809653827, 0.7848463555282226, 0.7310137834247543, 0.7425689913925165, 0.7226187512127515], [0.7614984406195223, 0.6665292310888138, 1, 0.7596120444751085, 0.6952433425166161, 0.526134236429717, 0.8601659044306204, 0.7697544019499772, 0.7477779439837845, 0.724169765091428, 0.8612524411471573, 0.7977618444833433, 0.7746106745530089, 0.7402969395962976, 0.7970429159427399, 0.7667766222581761, 0.7726524017875261, 0.6156100920936153, 0.8608433066900805, 0.7305904512726125], [0.9069584763701155, 0.7407602975833112, 0.7596120444751085, 1, 0.8557393417293736, 0.6373059118060811, 0.8139612229353453, 0.8909901825883795, 0.9147762141857916, 0.6614611294072849, 0.783084320583545, 0.8986748977409318, 0.885944003284367, 0.8136092328106214, 0.7104086749882841, 0.9021361870686624, 0.910575698978189, 0.5909162452201462, 0.8241767233220666, 0.8882332452787792], [0.8985236812730542, 0.7760622589877004, 0.6952433425166161, 0.8557393417293736, 1, 0.6985354956146999, 0.742620922740801, 0.8521286728614985, 0.8772723963870863, 0.6914139671392305, 0.7229714588308587, 0.8180906778228825, 0.8600627544109216, 0.7540924915523746, 0.6570199187469907, 0.7849691449125785, 0.8513820384301602, 0.6262557961676477, 0.7653955011807806, 0.7645967354331448], [0.642061426659971, 0.8187753123180229, 0.526134236429717, 0.6373059118060811, 0.6985354956146999, 1, 0.505463380674582, 0.618583179635873, 0.7021439013734148, 0.5861067581619948, 0.5551356566139733, 0.6586721101128379, 0.6659729104489848, 0.7104176123406573, 0.48685858907640017, 0.6321173219706049, 0.6885999350284826, 0.49719693086285555, 0.6016312976288068, 0.624392472038235], [0.8093436536953771, 0.6469262057156523, 0.8601659044306204, 0.8139612229353453, 0.742620922740801, 0.505463380674582, 1, 0.7889670558765594, 0.7964069901180981, 0.6364852110917044, 0.8109687662539782, 0.834479075866571, 0.7880827111105091, 0.7793901765386487, 0.8065237373420672, 0.8164824175384305, 0.7847602056008862, 0.5447472963385384, 0.8881070597677105, 0.7964505672701143], [0.8921010353763164, 0.728963447908267, 0.7697544019499772, 0.8909901825883795, 0.8521286728614985, 0.618583179635873, 0.7889670558765594, 1, 0.8944383819491171, 0.7265688376854011, 0.8034645844230887, 0.9060279482395739, 0.907116332374352, 0.7714168330799834, 0.7678194828505426, 0.8732182707949643, 0.9111668042134261, 0.6507577333687776, 0.8537390317141315, 0.8592602428087921], [0.9101483390534452, 0.7860850970366061, 0.7477779439837845, 0.9147762141857916, 0.8772723963870863, 0.7021439013734148, 0.7964069901180981, 0.8944383819491171, 1, 0.703189512596854, 0.7921753280518771, 0.9130944686323377, 0.9117166238041741, 0.8214485527663968, 0.7189792467749327, 0.8959899648483091, 0.9302268877275969, 0.6415903912948858, 0.8461852656366411, 0.8670528627443763], [0.6952663641532026, 0.7269401180474125, 0.724169765091428, 0.6614611294072849, 0.6914139671392305, 0.5861067581619948, 0.6364852110917044, 0.7265688376854011, 0.703189512596854, 1, 0.7438038214270614, 0.69872465014916, 0.7504249126052984, 0.6303812878696795, 0.6566136702951554, 0.6443747384302256, 0.7224321024929103, 0.6629550439286299, 0.7544625389647894, 0.6284897644871845], [0.7852722650465168, 0.7356568216490226, 0.8612524411471573, 0.783084320583545, 0.7229714588308587, 0.5551356566139733, 0.8109687662539782, 0.8034645844230887, 0.7921753280518771, 0.7438038214270614, 1, 0.8126713015659683, 0.8017372763454716, 0.7584375363674786, 0.8287828104264506, 0.7793399623381221, 0.8038534539656206, 0.6854615800676349, 0.881736800964733, 0.7456704526026338], [0.8665164573490811, 0.7525185750520834, 0.7977618444833433, 0.8986748977409318, 0.8180906778228825, 0.6586721101128379, 0.834479075866571, 0.9060279482395739, 0.9130944686323377, 0.69872465014916, 0.8126713015659683, 1, 0.9220732000129472, 0.8031897501845284, 0.7987724006974601, 0.9216333681484258, 0.9234125466726995, 0.6240432184512936, 0.8851544920114974, 0.8960958465448314], [0.8872576506483586, 0.7768906591666919, 0.7746106745530089, 0.885944003284367, 0.8600627544109216, 0.6659729104489848, 0.7880827111105091, 0.907116332374352, 0.9117166238041741, 0.7504249126052984, 0.8017372763454716, 0.9220732000129472, 1, 0.7853315378038768, 0.7477964557596425, 0.897111921466555, 0.9433067431591301, 0.6545376749186615, 0.8562117119223895, 0.8701383187852231], [0.7833847553050309, 0.7712858776630032, 0.7402969395962976, 0.8136092328106214, 0.7540924915523746, 0.7104176123406573, 0.7793901765386487, 0.7714168330799834, 0.8214485527663968, 0.6303812878696795, 0.7584375363674786, 0.8031897501845284, 0.7853315378038768, 1, 0.6673827459770854, 0.8032850772209092, 0.811941342834527, 0.5652047593335254, 0.7960367944705938, 0.7748049141923199], [0.72647606560223, 0.6377576963409384, 0.7970429159427399, 0.7104086749882841, 0.6570199187469907, 0.48685858907640017, 0.8065237373420672, 0.7678194828505426, 0.7189792467749327, 0.6566136702951554, 0.8287828104264506, 0.7987724006974601, 0.7477964557596425, 0.6673827459770854, 1, 0.7461982493504865, 0.7586486698812825, 0.5509934812709517, 0.8534102348773908, 0.719980493226916], [0.8532023884862066, 0.7338501809653827, 0.7667766222581761, 0.9021361870686624, 0.7849691449125785, 0.6321173219706049, 0.8164824175384305, 0.8732182707949643, 0.8959899648483091, 0.6443747384302256, 0.7793399623381221, 0.9216333681484258, 0.897111921466555, 0.8032850772209092, 0.7461982493504865, 1, 0.9182830864059, 0.6148738056611232, 0.8433175895044446, 0.9152881290896441], [0.8935976331759612, 0.7848463555282226, 0.7726524017875261, 0.910575698978189, 0.8513820384301602, 0.6885999350284826, 0.7847602056008862, 0.9111668042134261, 0.9302268877275969, 0.7224321024929103, 0.8038534539656206, 0.9234125466726995, 0.9433067431591301, 0.811941342834527, 0.7586486698812825, 0.9182830864059, 1, 0.6306028389679704, 0.857939486082031, 0.8886267240392878], [0.6114867872662656, 0.7310137834247543, 0.6156100920936153, 0.5909162452201462, 0.6262557961676477, 0.49719693086285555, 0.5447472963385384, 0.6507577333687776, 0.6415903912948858, 0.6629550439286299, 0.6854615800676349, 0.6240432184512936, 0.6545376749186615, 0.5652047593335254, 0.5509934812709517, 0.6148738056611232, 0.6306028389679704, 1, 0.6367602190949244, 0.57755898402267], [0.8282128170578472, 0.7425689913925165, 0.8608433066900805, 0.8241767233220666, 0.7653955011807806, 0.6016312976288068, 0.8881070597677105, 0.8537390317141315, 0.8461852656366411, 0.7544625389647894, 0.881736800964733, 0.8851544920114974, 0.8562117119223895, 0.7960367944705938, 0.8534102348773908, 0.8433175895044446, 0.857939486082031, 0.6367602190949244, 1, 0.8385644007431265], [0.8109266538289025, 0.7226187512127515, 0.7305904512726125, 0.8882332452787792, 0.7645967354331448, 0.624392472038235, 0.7964505672701143, 0.8592602428087921, 0.8670528627443763, 0.6284897644871845, 0.7456704526026338, 0.8960958465448314, 0.8701383187852231, 0.7748049141923199, 0.719980493226916, 0.9152881290896441, 0.8886267240392878, 0.57755898402267, 0.8385644007431265, 1]]
thresholdtopk: [[0.6114867872662656, 0.642061426659971, 0.6952663641532026, 0.72647606560223, 0.7482225160469711, 0.7614984406195223, 0.7833847553050309, 0.7852722650465168, 0.8093436536953771, 0.8109266538289025, 0.8282128170578472, 0.8532023884862066, 0.8665164573490811, 0.8872576506483586, 0.8921010353763164, 0.8935976331759612, 0.8985236812730542, 0.9069584763701155, 0.9101483390534452, 1], [0.6377576963409384, 0.6469262057156523, 0.6665292310888138, 0.7226187512127515, 0.7269401180474125, 0.728963447908267, 0.7310137834247543, 0.7338501809653827, 0.7356568216490226, 0.7407602975833112, 0.7425689913925165, 0.7482225160469711, 0.7525185750520834, 0.7712858776630032, 0.7760622589877004, 0.7768906591666919, 0.7848463555282226, 0.7860850970366061, 0.8187753123180229, 1], [0.526134236429717, 0.6156100920936153, 0.6665292310888138, 0.6952433425166161, 0.724169765091428, 0.7305904512726125, 0.7402969395962976, 0.7477779439837845, 0.7596120444751085, 0.7614984406195223, 0.7667766222581761, 0.7697544019499772, 0.7726524017875261, 0.7746106745530089, 0.7970429159427399, 0.7977618444833433, 0.8601659044306204, 0.8608433066900805, 0.8612524411471573, 1], [0.5909162452201462, 0.6373059118060811, 0.6614611294072849, 0.7104086749882841, 0.7407602975833112, 0.7596120444751085, 0.783084320583545, 0.8136092328106214, 0.8139612229353453, 0.8241767233220666, 0.8557393417293736, 0.885944003284367, 0.8882332452787792, 0.8909901825883795, 0.8986748977409318, 0.9021361870686624, 0.9069584763701155, 0.910575698978189, 0.9147762141857916, 1], [0.6262557961676477, 0.6570199187469907, 0.6914139671392305, 0.6952433425166161, 0.6985354956146999, 0.7229714588308587, 0.742620922740801, 0.7540924915523746, 0.7645967354331448, 0.7653955011807806, 0.7760622589877004, 0.7849691449125785, 0.8180906778228825, 0.8513820384301602, 0.8521286728614985, 0.8557393417293736, 0.8600627544109216, 0.8772723963870863, 0.8985236812730542, 1], [0.48685858907640017, 0.49719693086285555, 0.505463380674582, 0.526134236429717, 0.5551356566139733, 0.5861067581619948, 0.6016312976288068, 0.618583179635873, 0.624392472038235, 0.6321173219706049, 0.6373059118060811, 0.642061426659971, 0.6586721101128379, 0.6659729104489848, 0.6885999350284826, 0.6985354956146999, 0.7021439013734148, 0.7104176123406573, 0.8187753123180229, 1], [0.505463380674582, 0.5447472963385384, 0.6364852110917044, 0.6469262057156523, 0.742620922740801, 0.7793901765386487, 0.7847602056008862, 0.7880827111105091, 0.7889670558765594, 0.7964069901180981, 0.7964505672701143, 0.8065237373420672, 0.8093436536953771, 0.8109687662539782, 0.8139612229353453, 0.8164824175384305, 0.834479075866571, 0.8601659044306204, 0.8881070597677105, 1], [0.618583179635873, 0.6507577333687776, 0.7265688376854011, 0.728963447908267, 0.7678194828505426, 0.7697544019499772, 0.7714168330799834, 0.7889670558765594, 0.8034645844230887, 0.8521286728614985, 0.8537390317141315, 0.8592602428087921, 0.8732182707949643, 0.8909901825883795, 0.8921010353763164, 0.8944383819491171, 0.9060279482395739, 0.907116332374352, 0.9111668042134261, 1], [0.6415903912948858, 0.7021439013734148, 0.703189512596854, 0.7189792467749327, 0.7477779439837845, 0.7860850970366061, 0.7921753280518771, 0.7964069901180981, 0.8214485527663968, 0.8461852656366411, 0.8670528627443763, 0.8772723963870863, 0.8944383819491171, 0.8959899648483091, 0.9101483390534452, 0.9117166238041741, 0.9130944686323377, 0.9147762141857916, 0.9302268877275969, 1], [0.5861067581619948, 0.6284897644871845, 0.6303812878696795, 0.6364852110917044, 0.6443747384302256, 0.6566136702951554, 0.6614611294072849, 0.6629550439286299, 0.6914139671392305, 0.6952663641532026, 0.69872465014916, 0.703189512596854, 0.7224321024929103, 0.724169765091428, 0.7265688376854011, 0.7269401180474125, 0.7438038214270614, 0.7504249126052984, 0.7544625389647894, 1], [0.5551356566139733, 0.6854615800676349, 0.7229714588308587, 0.7356568216490226, 0.7438038214270614, 0.7456704526026338, 0.7584375363674786, 0.7793399623381221, 0.783084320583545, 0.7852722650465168, 0.7921753280518771, 0.8017372763454716, 0.8034645844230887, 0.8038534539656206, 0.8109687662539782, 0.8126713015659683, 0.8287828104264506, 0.8612524411471573, 0.881736800964733, 1], [0.6240432184512936, 0.6586721101128379, 0.69872465014916, 0.7525185750520834, 0.7977618444833433, 0.7987724006974601, 0.8031897501845284, 0.8126713015659683, 0.8180906778228825, 0.834479075866571, 0.8665164573490811, 0.8851544920114974, 0.8960958465448314, 0.8986748977409318, 0.9060279482395739, 0.9130944686323377, 0.9216333681484258, 0.9220732000129472, 0.9234125466726995, 1], [0.6545376749186615, 0.6659729104489848, 0.7477964557596425, 0.7504249126052984, 0.7746106745530089, 0.7768906591666919, 0.7853315378038768, 0.7880827111105091, 0.8017372763454716, 0.8562117119223895, 0.8600627544109216, 0.8701383187852231, 0.885944003284367, 0.8872576506483586, 0.897111921466555, 0.907116332374352, 0.9117166238041741, 0.9220732000129472, 0.9433067431591301, 1], [0.5652047593335254, 0.6303812878696795, 0.6673827459770854, 0.7104176123406573, 0.7402969395962976, 0.7540924915523746, 0.7584375363674786, 0.7712858776630032, 0.7714168330799834, 0.7748049141923199, 0.7793901765386487, 0.7833847553050309, 0.7853315378038768, 0.7960367944705938, 0.8031897501845284, 0.8032850772209092, 0.811941342834527, 0.8136092328106214, 0.8214485527663968, 1], [0.48685858907640017, 0.5509934812709517, 0.6377576963409384, 0.6566136702951554, 0.6570199187469907, 0.6673827459770854, 0.7104086749882841, 0.7189792467749327, 0.719980493226916, 0.72647606560223, 0.7461982493504865, 0.7477964557596425, 0.7586486698812825, 0.7678194828505426, 0.7970429159427399, 0.7987724006974601, 0.8065237373420672, 0.8287828104264506, 0.8534102348773908, 1], [0.6148738056611232, 0.6321173219706049, 0.6443747384302256, 0.7338501809653827, 0.7461982493504865, 0.7667766222581761, 0.7793399623381221, 0.7849691449125785, 0.8032850772209092, 0.8164824175384305, 0.8433175895044446, 0.8532023884862066, 0.8732182707949643, 0.8959899648483091, 0.897111921466555, 0.9021361870686624, 0.9152881290896441, 0.9182830864059, 0.9216333681484258, 1], [0.6306028389679704, 0.6885999350284826, 0.7224321024929103, 0.7586486698812825, 0.7726524017875261, 0.7847602056008862, 0.7848463555282226, 0.8038534539656206, 0.811941342834527, 0.8513820384301602, 0.857939486082031, 0.8886267240392878, 0.8935976331759612, 0.910575698978189, 0.9111668042134261, 0.9182830864059, 0.9234125466726995, 0.9302268877275969, 0.9433067431591301, 1], [0.49719693086285555, 0.5447472963385384, 0.5509934812709517, 0.5652047593335254, 0.57755898402267, 0.5909162452201462, 0.6114867872662656, 0.6148738056611232, 0.6156100920936153, 0.6240432184512936, 0.6262557961676477, 0.6306028389679704, 0.6367602190949244, 0.6415903912948858, 0.6507577333687776, 0.6545376749186615, 0.6629550439286299, 0.6854615800676349, 0.7310137834247543, 1], [0.6016312976288068, 0.6367602190949244, 0.7425689913925165, 0.7544625389647894, 0.7653955011807806, 0.7960367944705938, 0.8241767233220666, 0.8282128170578472, 0.8385644007431265, 0.8433175895044446, 0.8461852656366411, 0.8534102348773908, 0.8537390317141315, 0.8562117119223895, 0.857939486082031, 0.8608433066900805, 0.881736800964733, 0.8851544920114974, 0.8881070597677105, 1], [0.57755898402267, 0.624392472038235, 0.6284897644871845, 0.719980493226916, 0.7226187512127515, 0.7305904512726125, 0.7456704526026338, 0.7645967354331448, 0.7748049141923199, 0.7964505672701143, 0.8109266538289025, 0.8385644007431265, 0.8592602428087921, 0.8670528627443763, 0.8701383187852231, 0.8882332452787792, 0.8886267240392878, 0.8960958465448314, 0.9152881290896441, 1]]
index,index2,cosdist[index][index2],deepcopy_cosdist[index][0]: 0 0 1 0.6114867872662656
model_id_of_model0_used: 0
index,index2,cosdist[index][index2],deepcopy_cosdist[index][0]: 0 1 0.7482225160469711 0.6114867872662656
model_id_of_model0_used: 1
index,index2,cosdist[index][index2],deepcopy_cosdist[index][0]: 0 2 0.7614984406195223 0.6114867872662656
model_id_of_model0_used: 2
index,index2,cosdist[index][index2],deepcopy_cosdist[index][0]: 0 3 0.9069584763701155 0.6114867872662656
model_id_of_model0_used: 3
index,index2,cosdist[index][index2],deepcopy_cosdist[index][0]: 0 4 0.8985236812730542 0.6114867872662656
model_id_of_model0_used: 4
index,index2,cosdist[index][index2],deepcopy_cosdist[index][0]: 0 5 0.642061426659971 0.6114867872662656
model_id_of_model0_used: 5
index,index2,cosdist[index][index2],deepcopy_cosdist[index][0]: 0 6 0.8093436536953771 0.6114867872662656
model_id_of_model0_used: 6
index,index2,cosdist[index][index2],deepcopy_cosdist[index][0]: 0 7 0.8921010353763164 0.6114867872662656
model_id_of_model0_used: 7
index,index2,cosdist[index][index2],deepcopy_cosdist[index][0]: 0 8 0.9101483390534452 0.6114867872662656
model_id_of_model0_used: 8
index,index2,cosdist[index][index2],deepcopy_cosdist[index][0]: 0 9 0.6952663641532026 0.6114867872662656
model_id_of_model0_used: 9
index,index2,cosdist[index][index2],deepcopy_cosdist[index][0]: 0 10 0.7852722650465168 0.6114867872662656
model_id_of_model0_used: 10
index,index2,cosdist[index][index2],deepcopy_cosdist[index][0]: 0 11 0.8665164573490811 0.6114867872662656
model_id_of_model0_used: 11
index,index2,cosdist[index][index2],deepcopy_cosdist[index][0]: 0 12 0.8872576506483586 0.6114867872662656
model_id_of_model0_used: 12
index,index2,cosdist[index][index2],deepcopy_cosdist[index][0]: 0 13 0.7833847553050309 0.6114867872662656
model_id_of_model0_used: 13
index,index2,cosdist[index][index2],deepcopy_cosdist[index][0]: 0 14 0.72647606560223 0.6114867872662656
model_id_of_model0_used: 14
index,index2,cosdist[index][index2],deepcopy_cosdist[index][0]: 0 15 0.8532023884862066 0.6114867872662656
model_id_of_model0_used: 15
index,index2,cosdist[index][index2],deepcopy_cosdist[index][0]: 0 16 0.8935976331759612 0.6114867872662656
model_id_of_model0_used: 16
index,index2,cosdist[index][index2],deepcopy_cosdist[index][0]: 0 18 0.8282128170578472 0.6114867872662656
model_id_of_model0_used: 18
index,index2,cosdist[index][index2],deepcopy_cosdist[index][0]: 0 19 0.8109266538289025 0.6114867872662656
model_id_of_model0_used: 19
model_num of model 0 used
-- 19 --
min_max_sun of model 0 used: 4.080721661689064
index,index2,cosdist[index][index2],deepcopy_cosdist[index][0]: 1 0 0.7482225160469711 0.6377576963409384
model_id_of_model1_used: 0
index,index2,cosdist[index][index2],deepcopy_cosdist[index][0]: 1 1 1 0.6377576963409384
model_id_of_model1_used: 1
index,index2,cosdist[index][index2],deepcopy_cosdist[index][0]: 1 2 0.6665292310888138 0.6377576963409384
model_id_of_model1_used: 2
index,index2,cosdist[index][index2],deepcopy_cosdist[index][0]: 1 3 0.7407602975833112 0.6377576963409384
model_id_of_model1_used: 3
index,index2,cosdist[index][index2],deepcopy_cosdist[index][0]: 1 4 0.7760622589877004 0.6377576963409384
model_id_of_model1_used: 4
index,index2,cosdist[index][index2],deepcopy_cosdist[index][0]: 1 5 0.8187753123180229 0.6377576963409384
model_id_of_model1_used: 5
index,index2,cosdist[index][index2],deepcopy_cosdist[index][0]: 1 6 0.6469262057156523 0.6377576963409384
model_id_of_model1_used: 6
index,index2,cosdist[index][index2],deepcopy_cosdist[index][0]: 1 7 0.728963447908267 0.6377576963409384
model_id_of_model1_used: 7
index,index2,cosdist[index][index2],deepcopy_cosdist[index][0]: 1 8 0.7860850970366061 0.6377576963409384
model_id_of_model1_used: 8
index,index2,cosdist[index][index2],deepcopy_cosdist[index][0]: 1 9 0.7269401180474125 0.6377576963409384
model_id_of_model1_used: 9
index,index2,cosdist[index][index2],deepcopy_cosdist[index][0]: 1 10 0.7356568216490226 0.6377576963409384
model_id_of_model1_used: 10
index,index2,cosdist[index][index2],deepcopy_cosdist[index][0]: 1 11 0.7525185750520834 0.6377576963409384
model_id_of_model1_used: 11
index,index2,cosdist[index][index2],deepcopy_cosdist[index][0]: 1 12 0.7768906591666919 0.6377576963409384
model_id_of_model1_used: 12
index,index2,cosdist[index][index2],deepcopy_cosdist[index][0]: 1 13 0.7712858776630032 0.6377576963409384
model_id_of_model1_used: 13
index,index2,cosdist[index][index2],deepcopy_cosdist[index][0]: 1 15 0.7338501809653827 0.6377576963409384
model_id_of_model1_used: 15
index,index2,cosdist[index][index2],deepcopy_cosdist[index][0]: 1 16 0.7848463555282226 0.6377576963409384
model_id_of_model1_used: 16
index,index2,cosdist[index][index2],deepcopy_cosdist[index][0]: 1 17 0.7310137834247543 0.6377576963409384
model_id_of_model1_used: 17
index,index2,cosdist[index][index2],deepcopy_cosdist[index][0]: 1 18 0.7425689913925165 0.6377576963409384
model_id_of_model1_used: 18
index,index2,cosdist[index][index2],deepcopy_cosdist[index][0]: 1 19 0.7226187512127515 0.6377576963409384
model_id_of_model1_used: 19
model_num of model 1 used
-- 19 --
min_max_sun of model 1 used: 2.2731182503093574
index,index2,cosdist[index][index2],deepcopy_cosdist[index][0]: 2 0 0.7614984406195223 0.526134236429717
model_id_of_model2_used: 0
index,index2,cosdist[index][index2],deepcopy_cosdist[index][0]: 2 1 0.6665292310888138 0.526134236429717
model_id_of_model2_used: 1
index,index2,cosdist[index][index2],deepcopy_cosdist[index][0]: 2 2 1 0.526134236429717
model_id_of_model2_used: 2
index,index2,cosdist[index][index2],deepcopy_cosdist[index][0]: 2 3 0.7596120444751085 0.526134236429717
model_id_of_model2_used: 3
index,index2,cosdist[index][index2],deepcopy_cosdist[index][0]: 2 4 0.6952433425166161 0.526134236429717
model_id_of_model2_used: 4
index,index2,cosdist[index][index2],deepcopy_cosdist[index][0]: 2 6 0.8601659044306204 0.526134236429717
model_id_of_model2_used: 6
index,index2,cosdist[index][index2],deepcopy_cosdist[index][0]: 2 7 0.7697544019499772 0.526134236429717
model_id_of_model2_used: 7
index,index2,cosdist[index][index2],deepcopy_cosdist[index][0]: 2 8 0.7477779439837845 0.526134236429717
model_id_of_model2_used: 8
index,index2,cosdist[index][index2],deepcopy_cosdist[index][0]: 2 9 0.724169765091428 0.526134236429717
model_id_of_model2_used: 9
index,index2,cosdist[index][index2],deepcopy_cosdist[index][0]: 2 10 0.8612524411471573 0.526134236429717
model_id_of_model2_used: 10
index,index2,cosdist[index][index2],deepcopy_cosdist[index][0]: 2 11 0.7977618444833433 0.526134236429717
model_id_of_model2_used: 11
index,index2,cosdist[index][index2],deepcopy_cosdist[index][0]: 2 12 0.7746106745530089 0.526134236429717
model_id_of_model2_used: 12
index,index2,cosdist[index][index2],deepcopy_cosdist[index][0]: 2 13 0.7402969395962976 0.526134236429717
model_id_of_model2_used: 13
index,index2,cosdist[index][index2],deepcopy_cosdist[index][0]: 2 14 0.7970429159427399 0.526134236429717
model_id_of_model2_used: 14
index,index2,cosdist[index][index2],deepcopy_cosdist[index][0]: 2 15 0.7667766222581761 0.526134236429717
model_id_of_model2_used: 15
index,index2,cosdist[index][index2],deepcopy_cosdist[index][0]: 2 16 0.7726524017875261 0.526134236429717
model_id_of_model2_used: 16
index,index2,cosdist[index][index2],deepcopy_cosdist[index][0]: 2 17 0.6156100920936153 0.526134236429717
model_id_of_model2_used: 17
index,index2,cosdist[index][index2],deepcopy_cosdist[index][0]: 2 18 0.8608433066900805 0.526134236429717
model_id_of_model2_used: 18
index,index2,cosdist[index][index2],deepcopy_cosdist[index][0]: 2 19 0.7305904512726125 0.526134236429717
model_id_of_model2_used: 19
model_num of model 2 used
-- 19 --
min_max_sun of model 2 used: 4.705638271815806
index,index2,cosdist[index][index2],deepcopy_cosdist[index][0]: 3 0 0.9069584763701155 0.5909162452201462
model_id_of_model3_used: 0
index,index2,cosdist[index][index2],deepcopy_cosdist[index][0]: 3 1 0.7407602975833112 0.5909162452201462
model_id_of_model3_used: 1
index,index2,cosdist[index][index2],deepcopy_cosdist[index][0]: 3 2 0.7596120444751085 0.5909162452201462
model_id_of_model3_used: 2
index,index2,cosdist[index][index2],deepcopy_cosdist[index][0]: 3 3 1 0.5909162452201462
model_id_of_model3_used: 3
index,index2,cosdist[index][index2],deepcopy_cosdist[index][0]: 3 4 0.8557393417293736 0.5909162452201462
model_id_of_model3_used: 4
index,index2,cosdist[index][index2],deepcopy_cosdist[index][0]: 3 5 0.6373059118060811 0.5909162452201462
model_id_of_model3_used: 5
index,index2,cosdist[index][index2],deepcopy_cosdist[index][0]: 3 6 0.8139612229353453 0.5909162452201462
model_id_of_model3_used: 6
index,index2,cosdist[index][index2],deepcopy_cosdist[index][0]: 3 7 0.8909901825883795 0.5909162452201462
model_id_of_model3_used: 7
index,index2,cosdist[index][index2],deepcopy_cosdist[index][0]: 3 8 0.9147762141857916 0.5909162452201462
model_id_of_model3_used: 8
index,index2,cosdist[index][index2],deepcopy_cosdist[index][0]: 3 9 0.6614611294072849 0.5909162452201462
model_id_of_model3_used: 9
index,index2,cosdist[index][index2],deepcopy_cosdist[index][0]: 3 10 0.783084320583545 0.5909162452201462
model_id_of_model3_used: 10
index,index2,cosdist[index][index2],deepcopy_cosdist[index][0]: 3 11 0.8986748977409318 0.5909162452201462
model_id_of_model3_used: 11
index,index2,cosdist[index][index2],deepcopy_cosdist[index][0]: 3 12 0.885944003284367 0.5909162452201462
model_id_of_model3_used: 12
index,index2,cosdist[index][index2],deepcopy_cosdist[index][0]: 3 13 0.8136092328106214 0.5909162452201462
model_id_of_model3_used: 13
index,index2,cosdist[index][index2],deepcopy_cosdist[index][0]: 3 14 0.7104086749882841 0.5909162452201462
model_id_of_model3_used: 14
index,index2,cosdist[index][index2],deepcopy_cosdist[index][0]: 3 15 0.9021361870686624 0.5909162452201462
model_id_of_model3_used: 15
index,index2,cosdist[index][index2],deepcopy_cosdist[index][0]: 3 16 0.910575698978189 0.5909162452201462
model_id_of_model3_used: 16
index,index2,cosdist[index][index2],deepcopy_cosdist[index][0]: 3 18 0.8241767233220666 0.5909162452201462
model_id_of_model3_used: 18
index,index2,cosdist[index][index2],deepcopy_cosdist[index][0]: 3 19 0.8882332452787792 0.5909162452201462
model_id_of_model3_used: 19
model_num of model 3 used
-- 19 --
min_max_sun of model 3 used: 4.570999145953459
index,index2,cosdist[index][index2],deepcopy_cosdist[index][0]: 4 0 0.8985236812730542 0.6262557961676477
model_id_of_model4_used: 0
index,index2,cosdist[index][index2],deepcopy_cosdist[index][0]: 4 1 0.7760622589877004 0.6262557961676477
model_id_of_model4_used: 1
index,index2,cosdist[index][index2],deepcopy_cosdist[index][0]: 4 2 0.6952433425166161 0.6262557961676477
model_id_of_model4_used: 2
index,index2,cosdist[index][index2],deepcopy_cosdist[index][0]: 4 3 0.8557393417293736 0.6262557961676477
model_id_of_model4_used: 3
index,index2,cosdist[index][index2],deepcopy_cosdist[index][0]: 4 4 1 0.6262557961676477
model_id_of_model4_used: 4
index,index2,cosdist[index][index2],deepcopy_cosdist[index][0]: 4 5 0.6985354956146999 0.6262557961676477
model_id_of_model4_used: 5
index,index2,cosdist[index][index2],deepcopy_cosdist[index][0]: 4 6 0.742620922740801 0.6262557961676477
model_id_of_model4_used: 6
index,index2,cosdist[index][index2],deepcopy_cosdist[index][0]: 4 7 0.8521286728614985 0.6262557961676477
model_id_of_model4_used: 7
index,index2,cosdist[index][index2],deepcopy_cosdist[index][0]: 4 8 0.8772723963870863 0.6262557961676477
model_id_of_model4_used: 8
index,index2,cosdist[index][index2],deepcopy_cosdist[index][0]: 4 9 0.6914139671392305 0.6262557961676477
model_id_of_model4_used: 9
index,index2,cosdist[index][index2],deepcopy_cosdist[index][0]: 4 10 0.7229714588308587 0.6262557961676477
model_id_of_model4_used: 10
index,index2,cosdist[index][index2],deepcopy_cosdist[index][0]: 4 11 0.8180906778228825 0.6262557961676477
model_id_of_model4_used: 11
index,index2,cosdist[index][index2],deepcopy_cosdist[index][0]: 4 12 0.8600627544109216 0.6262557961676477
model_id_of_model4_used: 12
index,index2,cosdist[index][index2],deepcopy_cosdist[index][0]: 4 13 0.7540924915523746 0.6262557961676477
model_id_of_model4_used: 13
index,index2,cosdist[index][index2],deepcopy_cosdist[index][0]: 4 14 0.6570199187469907 0.6262557961676477
model_id_of_model4_used: 14
index,index2,cosdist[index][index2],deepcopy_cosdist[index][0]: 4 15 0.7849691449125785 0.6262557961676477
model_id_of_model4_used: 15
index,index2,cosdist[index][index2],deepcopy_cosdist[index][0]: 4 16 0.8513820384301602 0.6262557961676477
model_id_of_model4_used: 16
index,index2,cosdist[index][index2],deepcopy_cosdist[index][0]: 4 18 0.7653955011807806 0.6262557961676477
model_id_of_model4_used: 18
index,index2,cosdist[index][index2],deepcopy_cosdist[index][0]: 4 19 0.7645967354331448 0.6262557961676477
model_id_of_model4_used: 19
model_num of model 4 used
-- 19 --
min_max_sun of model 4 used: 3.1672606733854467
index,index2,cosdist[index][index2],deepcopy_cosdist[index][0]: 5 0 0.642061426659971 0.48685858907640017
model_id_of_model5_used: 0
index,index2,cosdist[index][index2],deepcopy_cosdist[index][0]: 5 1 0.8187753123180229 0.48685858907640017
model_id_of_model5_used: 1
index,index2,cosdist[index][index2],deepcopy_cosdist[index][0]: 5 2 0.526134236429717 0.48685858907640017
model_id_of_model5_used: 2
index,index2,cosdist[index][index2],deepcopy_cosdist[index][0]: 5 3 0.6373059118060811 0.48685858907640017
model_id_of_model5_used: 3
index,index2,cosdist[index][index2],deepcopy_cosdist[index][0]: 5 4 0.6985354956146999 0.48685858907640017
model_id_of_model5_used: 4
index,index2,cosdist[index][index2],deepcopy_cosdist[index][0]: 5 5 1 0.48685858907640017
model_id_of_model5_used: 5
index,index2,cosdist[index][index2],deepcopy_cosdist[index][0]: 5 6 0.505463380674582 0.48685858907640017
model_id_of_model5_used: 6
index,index2,cosdist[index][index2],deepcopy_cosdist[index][0]: 5 7 0.618583179635873 0.48685858907640017
model_id_of_model5_used: 7
index,index2,cosdist[index][index2],deepcopy_cosdist[index][0]: 5 8 0.7021439013734148 0.48685858907640017
model_id_of_model5_used: 8
index,index2,cosdist[index][index2],deepcopy_cosdist[index][0]: 5 9 0.5861067581619948 0.48685858907640017
model_id_of_model5_used: 9
index,index2,cosdist[index][index2],deepcopy_cosdist[index][0]: 5 10 0.5551356566139733 0.48685858907640017
model_id_of_model5_used: 10
index,index2,cosdist[index][index2],deepcopy_cosdist[index][0]: 5 11 0.6586721101128379 0.48685858907640017
model_id_of_model5_used: 11
index,index2,cosdist[index][index2],deepcopy_cosdist[index][0]: 5 12 0.6659729104489848 0.48685858907640017
model_id_of_model5_used: 12
index,index2,cosdist[index][index2],deepcopy_cosdist[index][0]: 5 13 0.7104176123406573 0.48685858907640017
model_id_of_model5_used: 13
index,index2,cosdist[index][index2],deepcopy_cosdist[index][0]: 5 15 0.6321173219706049 0.48685858907640017
model_id_of_model5_used: 15
index,index2,cosdist[index][index2],deepcopy_cosdist[index][0]: 5 16 0.6885999350284826 0.48685858907640017
model_id_of_model5_used: 16
index,index2,cosdist[index][index2],deepcopy_cosdist[index][0]: 5 17 0.49719693086285555 0.48685858907640017
model_id_of_model5_used: 17
index,index2,cosdist[index][index2],deepcopy_cosdist[index][0]: 5 18 0.6016312976288068 0.48685858907640017
model_id_of_model5_used: 18
index,index2,cosdist[index][index2],deepcopy_cosdist[index][0]: 5 19 0.624392472038235 0.48685858907640017
model_id_of_model5_used: 19
model_num of model 5 used
-- 19 --
min_max_sun of model 5 used: 3.1189326572681915
index,index2,cosdist[index][index2],deepcopy_cosdist[index][0]: 6 0 0.8093436536953771 0.505463380674582
model_id_of_model6_used: 0
index,index2,cosdist[index][index2],deepcopy_cosdist[index][0]: 6 1 0.6469262057156523 0.505463380674582
model_id_of_model6_used: 1
index,index2,cosdist[index][index2],deepcopy_cosdist[index][0]: 6 2 0.8601659044306204 0.505463380674582
model_id_of_model6_used: 2
index,index2,cosdist[index][index2],deepcopy_cosdist[index][0]: 6 3 0.8139612229353453 0.505463380674582
model_id_of_model6_used: 3
index,index2,cosdist[index][index2],deepcopy_cosdist[index][0]: 6 4 0.742620922740801 0.505463380674582
model_id_of_model6_used: 4
index,index2,cosdist[index][index2],deepcopy_cosdist[index][0]: 6 6 1 0.505463380674582
model_id_of_model6_used: 6
index,index2,cosdist[index][index2],deepcopy_cosdist[index][0]: 6 7 0.7889670558765594 0.505463380674582
model_id_of_model6_used: 7
index,index2,cosdist[index][index2],deepcopy_cosdist[index][0]: 6 8 0.7964069901180981 0.505463380674582
model_id_of_model6_used: 8
index,index2,cosdist[index][index2],deepcopy_cosdist[index][0]: 6 9 0.6364852110917044 0.505463380674582
model_id_of_model6_used: 9
index,index2,cosdist[index][index2],deepcopy_cosdist[index][0]: 6 10 0.8109687662539782 0.505463380674582
model_id_of_model6_used: 10
index,index2,cosdist[index][index2],deepcopy_cosdist[index][0]: 6 11 0.834479075866571 0.505463380674582
model_id_of_model6_used: 11
index,index2,cosdist[index][index2],deepcopy_cosdist[index][0]: 6 12 0.7880827111105091 0.505463380674582
model_id_of_model6_used: 12
index,index2,cosdist[index][index2],deepcopy_cosdist[index][0]: 6 13 0.7793901765386487 0.505463380674582
model_id_of_model6_used: 13
index,index2,cosdist[index][index2],deepcopy_cosdist[index][0]: 6 14 0.8065237373420672 0.505463380674582
model_id_of_model6_used: 14
index,index2,cosdist[index][index2],deepcopy_cosdist[index][0]: 6 15 0.8164824175384305 0.505463380674582
model_id_of_model6_used: 15
index,index2,cosdist[index][index2],deepcopy_cosdist[index][0]: 6 16 0.7847602056008862 0.505463380674582
model_id_of_model6_used: 16
index,index2,cosdist[index][index2],deepcopy_cosdist[index][0]: 6 17 0.5447472963385384 0.505463380674582
model_id_of_model6_used: 17
index,index2,cosdist[index][index2],deepcopy_cosdist[index][0]: 6 18 0.8881070597677105 0.505463380674582
model_id_of_model6_used: 18
index,index2,cosdist[index][index2],deepcopy_cosdist[index][0]: 6 19 0.7964505672701143 0.505463380674582
model_id_of_model6_used: 19
model_num of model 6 used
-- 19 --
min_max_sun of model 6 used: 5.341064947414555
index,index2,cosdist[index][index2],deepcopy_cosdist[index][0]: 7 0 0.8921010353763164 0.618583179635873
model_id_of_model7_used: 0
index,index2,cosdist[index][index2],deepcopy_cosdist[index][0]: 7 1 0.728963447908267 0.618583179635873
model_id_of_model7_used: 1
index,index2,cosdist[index][index2],deepcopy_cosdist[index][0]: 7 2 0.7697544019499772 0.618583179635873
model_id_of_model7_used: 2
index,index2,cosdist[index][index2],deepcopy_cosdist[index][0]: 7 3 0.8909901825883795 0.618583179635873
model_id_of_model7_used: 3
index,index2,cosdist[index][index2],deepcopy_cosdist[index][0]: 7 4 0.8521286728614985 0.618583179635873
model_id_of_model7_used: 4
index,index2,cosdist[index][index2],deepcopy_cosdist[index][0]: 7 6 0.7889670558765594 0.618583179635873
model_id_of_model7_used: 6
index,index2,cosdist[index][index2],deepcopy_cosdist[index][0]: 7 7 1 0.618583179635873
model_id_of_model7_used: 7
index,index2,cosdist[index][index2],deepcopy_cosdist[index][0]: 7 8 0.8944383819491171 0.618583179635873
model_id_of_model7_used: 8
index,index2,cosdist[index][index2],deepcopy_cosdist[index][0]: 7 9 0.7265688376854011 0.618583179635873
model_id_of_model7_used: 9
index,index2,cosdist[index][index2],deepcopy_cosdist[index][0]: 7 10 0.8034645844230887 0.618583179635873
model_id_of_model7_used: 10
index,index2,cosdist[index][index2],deepcopy_cosdist[index][0]: 7 11 0.9060279482395739 0.618583179635873
model_id_of_model7_used: 11
index,index2,cosdist[index][index2],deepcopy_cosdist[index][0]: 7 12 0.907116332374352 0.618583179635873
model_id_of_model7_used: 12
index,index2,cosdist[index][index2],deepcopy_cosdist[index][0]: 7 13 0.7714168330799834 0.618583179635873
model_id_of_model7_used: 13
index,index2,cosdist[index][index2],deepcopy_cosdist[index][0]: 7 14 0.7678194828505426 0.618583179635873
model_id_of_model7_used: 14
index,index2,cosdist[index][index2],deepcopy_cosdist[index][0]: 7 15 0.8732182707949643 0.618583179635873
model_id_of_model7_used: 15
index,index2,cosdist[index][index2],deepcopy_cosdist[index][0]: 7 16 0.9111668042134261 0.618583179635873
model_id_of_model7_used: 16
index,index2,cosdist[index][index2],deepcopy_cosdist[index][0]: 7 17 0.6507577333687776 0.618583179635873
model_id_of_model7_used: 17
index,index2,cosdist[index][index2],deepcopy_cosdist[index][0]: 7 18 0.8537390317141315 0.618583179635873
model_id_of_model7_used: 18
index,index2,cosdist[index][index2],deepcopy_cosdist[index][0]: 7 19 0.8592602428087921 0.618583179635873
model_id_of_model7_used: 19
model_num of model 7 used
-- 19 --
min_max_sun of model 7 used: 4.094818866981562
index,index2,cosdist[index][index2],deepcopy_cosdist[index][0]: 8 0 0.9101483390534452 0.6415903912948858
model_id_of_model8_used: 0
index,index2,cosdist[index][index2],deepcopy_cosdist[index][0]: 8 1 0.7860850970366061 0.6415903912948858
model_id_of_model8_used: 1
index,index2,cosdist[index][index2],deepcopy_cosdist[index][0]: 8 2 0.7477779439837845 0.6415903912948858
model_id_of_model8_used: 2
index,index2,cosdist[index][index2],deepcopy_cosdist[index][0]: 8 3 0.9147762141857916 0.6415903912948858
model_id_of_model8_used: 3
index,index2,cosdist[index][index2],deepcopy_cosdist[index][0]: 8 4 0.8772723963870863 0.6415903912948858
model_id_of_model8_used: 4
index,index2,cosdist[index][index2],deepcopy_cosdist[index][0]: 8 5 0.7021439013734148 0.6415903912948858
model_id_of_model8_used: 5
index,index2,cosdist[index][index2],deepcopy_cosdist[index][0]: 8 6 0.7964069901180981 0.6415903912948858
model_id_of_model8_used: 6
index,index2,cosdist[index][index2],deepcopy_cosdist[index][0]: 8 7 0.8944383819491171 0.6415903912948858
model_id_of_model8_used: 7
index,index2,cosdist[index][index2],deepcopy_cosdist[index][0]: 8 8 1 0.6415903912948858
model_id_of_model8_used: 8
index,index2,cosdist[index][index2],deepcopy_cosdist[index][0]: 8 9 0.703189512596854 0.6415903912948858
model_id_of_model8_used: 9
index,index2,cosdist[index][index2],deepcopy_cosdist[index][0]: 8 10 0.7921753280518771 0.6415903912948858
model_id_of_model8_used: 10
