Namespace(conf='../conf/EMNIST_balance_conf.json', dataset='mnist', gpu=1.0, iid=True, use_pretrained_model=False)
X shape : (36000, 28, 28)
y shape : (36000,)
X shape : (6000, 28, 28)
y shape : (6000,)
15    6000
14    6000
13    6000
12    6000
11    6000
10    6000
dtype: int64
mod_private_class1: [10 11 12]
mod_private_class2: [13 14 15]
============================================================
============================================================
============================================================
X shape : (3000, 28, 28)
y shape : (3000,)
X shape : (3000, 28, 28)
y shape : (3000,)
model 0 : CNN_128_256
model 1 : CNN_128_384
model 2 : CNN_128_512
model 3 : CNN_256_256
model 4 : CNN_256_512
model 5 : CNN_64_128_256
model 6 : CNN_64_128_192
model 7 : CNN_128_192_256
model 8 : CNN_128_128_128
model 9 : CNN_128_128_192
Training model  0
Training model  1
Training model  2
Training model  3
Training model  4
Training model  5
Training model  6
Training model  7
Training model  8
Training model  9
pre-train accuracy: 
[0.9871439873417721, 0.9849683544303798, 0.9870450949367089, 0.9878362341772152, 0.9851661392405063, 0.9915941455696202, 0.9900118670886076, 0.9909018987341772, 0.9908030063291139, 0.9911985759493671]
publice_dataset[y]: [5 0 4 ... 5 6 8]
calculate the theoretical upper bounds for participants: 
the upper bounds are: [0.0, 0.0, 0.0, 0.0, 0.0, 0.0, 0.0, 0.0, 0.0, 0.0]
start model initialization: 
finish model initialization: 
round  0
update logits ... 
cosdist:
[[1, 0.9710803840996972, 0.9481367352917102, 0.9808221019745349, 0.968288344700025, 0.8247831588480393, 0.7779640012441512, 0.8645143816553004, 0.8250899832573579, 0.8127851149109349], [0.9710803840996972, 1, 0.9871646373568785, 0.9900500546618198, 0.990733498651118, 0.7868598486213013, 0.7557622343557716, 0.8041428772137689, 0.7871794698848199, 0.7803901762536872], [0.9481367352917102, 0.9871646373568785, 1, 0.9822249451496915, 0.9860486253356485, 0.7232464337040265, 0.6923313738638096, 0.7371414804487476, 0.7220697014940781, 0.7144092381803664], [0.9808221019745349, 0.9900500546618198, 0.9822249451496915, 1, 0.9921040565836252, 0.7953512304457065, 0.7568961890796815, 0.8198203317947683, 0.793031217111048, 0.7843594736457604], [0.968288344700025, 0.990733498651118, 0.9860486253356485, 0.9921040565836252, 1, 0.7850561853057775, 0.7528564303836625, 0.7999478020195954, 0.781449396927554, 0.774305299197319], [0.8247831588480393, 0.7868598486213013, 0.7232464337040265, 0.7953512304457065, 0.7850561853057775, 1, 0.9781194077510919, 0.967873649522945, 0.9885467081441824, 0.9874383688808386], [0.7779640012441512, 0.7557622343557716, 0.6923313738638096, 0.7568961890796815, 0.7528564303836625, 0.9781194077510919, 1, 0.9331720902718489, 0.9814229257755734, 0.9876705788367469], [0.8645143816553004, 0.8041428772137689, 0.7371414804487476, 0.8198203317947683, 0.7999478020195954, 0.967873649522945, 0.9331720902718489, 1, 0.9667120874663816, 0.9588357484345841], [0.8250899832573579, 0.7871794698848199, 0.7220697014940781, 0.793031217111048, 0.781449396927554, 0.9885467081441824, 0.9814229257755734, 0.9667120874663816, 1, 0.9899191962078564], [0.8127851149109349, 0.7803901762536872, 0.7144092381803664, 0.7843594736457604, 0.774305299197319, 0.9874383688808386, 0.9876705788367469, 0.9588357484345841, 0.9899191962078564, 1]]
thresholdtopk: [0.8645143816553004, 0.8041428772137689, 0.7371414804487476, 0.8198203317947683, 0.7999478020195954, 0.8247831588480393, 0.7779640012441512, 0.8645143816553004, 0.8250899832573579, 0.8127851149109349]
index,index2,cosdist[index][index2],thresholdtopk[index]: 0 0 1 0.8645143816553004
model_id_of_model0_used: 0
index,index2,cosdist[index][index2],thresholdtopk[index]: 0 1 0.9710803840996972 0.8645143816553004
model_id_of_model0_used: 1
index,index2,cosdist[index][index2],thresholdtopk[index]: 0 2 0.9481367352917102 0.8645143816553004
model_id_of_model0_used: 2
index,index2,cosdist[index][index2],thresholdtopk[index]: 0 3 0.9808221019745349 0.8645143816553004
model_id_of_model0_used: 3
index,index2,cosdist[index][index2],thresholdtopk[index]: 0 4 0.968288344700025 0.8645143816553004
model_id_of_model0_used: 4
model_num of model 0 used
-- 5 --
index,index2,cosdist[index][index2],thresholdtopk[index]: 1 0 0.9710803840996972 0.8041428772137689
model_id_of_model1_used: 0
index,index2,cosdist[index][index2],thresholdtopk[index]: 1 1 1 0.8041428772137689
model_id_of_model1_used: 1
index,index2,cosdist[index][index2],thresholdtopk[index]: 1 2 0.9871646373568785 0.8041428772137689
model_id_of_model1_used: 2
index,index2,cosdist[index][index2],thresholdtopk[index]: 1 3 0.9900500546618198 0.8041428772137689
model_id_of_model1_used: 3
index,index2,cosdist[index][index2],thresholdtopk[index]: 1 4 0.990733498651118 0.8041428772137689
model_id_of_model1_used: 4
model_num of model 1 used
-- 5 --
index,index2,cosdist[index][index2],thresholdtopk[index]: 2 0 0.9481367352917102 0.7371414804487476
model_id_of_model2_used: 0
index,index2,cosdist[index][index2],thresholdtopk[index]: 2 1 0.9871646373568785 0.7371414804487476
model_id_of_model2_used: 1
index,index2,cosdist[index][index2],thresholdtopk[index]: 2 2 1 0.7371414804487476
model_id_of_model2_used: 2
index,index2,cosdist[index][index2],thresholdtopk[index]: 2 3 0.9822249451496915 0.7371414804487476
model_id_of_model2_used: 3
index,index2,cosdist[index][index2],thresholdtopk[index]: 2 4 0.9860486253356485 0.7371414804487476
model_id_of_model2_used: 4
model_num of model 2 used
-- 5 --
index,index2,cosdist[index][index2],thresholdtopk[index]: 3 0 0.9808221019745349 0.8198203317947683
model_id_of_model3_used: 0
index,index2,cosdist[index][index2],thresholdtopk[index]: 3 1 0.9900500546618198 0.8198203317947683
model_id_of_model3_used: 1
index,index2,cosdist[index][index2],thresholdtopk[index]: 3 2 0.9822249451496915 0.8198203317947683
model_id_of_model3_used: 2
index,index2,cosdist[index][index2],thresholdtopk[index]: 3 3 1 0.8198203317947683
model_id_of_model3_used: 3
index,index2,cosdist[index][index2],thresholdtopk[index]: 3 4 0.9921040565836252 0.8198203317947683
model_id_of_model3_used: 4
model_num of model 3 used
-- 5 --
index,index2,cosdist[index][index2],thresholdtopk[index]: 4 0 0.968288344700025 0.7999478020195954
model_id_of_model4_used: 0
index,index2,cosdist[index][index2],thresholdtopk[index]: 4 1 0.990733498651118 0.7999478020195954
model_id_of_model4_used: 1
index,index2,cosdist[index][index2],thresholdtopk[index]: 4 2 0.9860486253356485 0.7999478020195954
model_id_of_model4_used: 2
index,index2,cosdist[index][index2],thresholdtopk[index]: 4 3 0.9921040565836252 0.7999478020195954
model_id_of_model4_used: 3
index,index2,cosdist[index][index2],thresholdtopk[index]: 4 4 1 0.7999478020195954
model_id_of_model4_used: 4
model_num of model 4 used
-- 5 --
index,index2,cosdist[index][index2],thresholdtopk[index]: 5 5 1 0.8247831588480393
model_id_of_model5_used: 5
index,index2,cosdist[index][index2],thresholdtopk[index]: 5 6 0.9781194077510919 0.8247831588480393
model_id_of_model5_used: 6
index,index2,cosdist[index][index2],thresholdtopk[index]: 5 7 0.967873649522945 0.8247831588480393
model_id_of_model5_used: 7
index,index2,cosdist[index][index2],thresholdtopk[index]: 5 8 0.9885467081441824 0.8247831588480393
model_id_of_model5_used: 8
index,index2,cosdist[index][index2],thresholdtopk[index]: 5 9 0.9874383688808386 0.8247831588480393
model_id_of_model5_used: 9
model_num of model 5 used
-- 5 --
index,index2,cosdist[index][index2],thresholdtopk[index]: 6 5 0.9781194077510919 0.7779640012441512
model_id_of_model6_used: 5
index,index2,cosdist[index][index2],thresholdtopk[index]: 6 6 1 0.7779640012441512
model_id_of_model6_used: 6
index,index2,cosdist[index][index2],thresholdtopk[index]: 6 7 0.9331720902718489 0.7779640012441512
model_id_of_model6_used: 7
index,index2,cosdist[index][index2],thresholdtopk[index]: 6 8 0.9814229257755734 0.7779640012441512
model_id_of_model6_used: 8
index,index2,cosdist[index][index2],thresholdtopk[index]: 6 9 0.9876705788367469 0.7779640012441512
model_id_of_model6_used: 9
model_num of model 6 used
-- 5 --
index,index2,cosdist[index][index2],thresholdtopk[index]: 7 5 0.967873649522945 0.8645143816553004
model_id_of_model7_used: 5
index,index2,cosdist[index][index2],thresholdtopk[index]: 7 6 0.9331720902718489 0.8645143816553004
model_id_of_model7_used: 6
index,index2,cosdist[index][index2],thresholdtopk[index]: 7 7 1 0.8645143816553004
model_id_of_model7_used: 7
index,index2,cosdist[index][index2],thresholdtopk[index]: 7 8 0.9667120874663816 0.8645143816553004
model_id_of_model7_used: 8
index,index2,cosdist[index][index2],thresholdtopk[index]: 7 9 0.9588357484345841 0.8645143816553004
model_id_of_model7_used: 9
model_num of model 7 used
-- 5 --
index,index2,cosdist[index][index2],thresholdtopk[index]: 8 5 0.9885467081441824 0.8250899832573579
model_id_of_model8_used: 5
index,index2,cosdist[index][index2],thresholdtopk[index]: 8 6 0.9814229257755734 0.8250899832573579
model_id_of_model8_used: 6
index,index2,cosdist[index][index2],thresholdtopk[index]: 8 7 0.9667120874663816 0.8250899832573579
model_id_of_model8_used: 7
index,index2,cosdist[index][index2],thresholdtopk[index]: 8 8 1 0.8250899832573579
model_id_of_model8_used: 8
index,index2,cosdist[index][index2],thresholdtopk[index]: 8 9 0.9899191962078564 0.8250899832573579
model_id_of_model8_used: 9
model_num of model 8 used
-- 5 --
index,index2,cosdist[index][index2],thresholdtopk[index]: 9 5 0.9874383688808386 0.8127851149109349
model_id_of_model9_used: 5
index,index2,cosdist[index][index2],thresholdtopk[index]: 9 6 0.9876705788367469 0.8127851149109349
model_id_of_model9_used: 6
index,index2,cosdist[index][index2],thresholdtopk[index]: 9 7 0.9588357484345841 0.8127851149109349
model_id_of_model9_used: 7
index,index2,cosdist[index][index2],thresholdtopk[index]: 9 8 0.9899191962078564 0.8127851149109349
model_id_of_model9_used: 8
index,index2,cosdist[index][index2],thresholdtopk[index]: 9 9 1 0.8127851149109349
model_id_of_model9_used: 9
model_num of model 9 used
-- 5 --
test performance ... 
model 0 use private_data_1 test
0.9166666668780307
model 1 use private_data_1 test
0.9267508869475507
model 2 use private_data_1 test
0.9294104614156358
model 3 use private_data_1 test
0.9131205677986145
model 4 use private_data_1 test
0.9053634753886689
model 5 use private_data_2 test
0.9256427307078179
model 6 use private_data_2 test
0.633311170212766
model 7 use private_data_2 test
0.6993572699262741
model 8 use private_data_2 test
0.8537234042553191
model 9 use private_data_2 test
0.8877437945376051
updates models ...
model 0 starting alignment with public logits... 
model 0 done alignment
model 0 starting training with private data... 
model 0 done private training. 

model 1 starting alignment with public logits... 
model 1 done alignment
model 1 starting training with private data... 
model 1 done private training. 

model 2 starting alignment with public logits... 
model 2 done alignment
model 2 starting training with private data... 
model 2 done private training. 

model 3 starting alignment with public logits... 
model 3 done alignment
model 3 starting training with private data... 
model 3 done private training. 

model 4 starting alignment with public logits... 
model 4 done alignment
model 4 starting training with private data... 
model 4 done private training. 

model 5 starting alignment with public logits... 
model 5 done alignment
model 5 starting training with private data... 
model 5 done private training. 

model 6 starting alignment with public logits... 
model 6 done alignment
model 6 starting training with private data... 
model 6 done private training. 

model 7 starting alignment with public logits... 
model 7 done alignment
model 7 starting training with private data... 
model 7 done private training. 

model 8 starting alignment with public logits... 
model 8 done alignment
model 8 starting training with private data... 
model 8 done private training. 

model 9 starting alignment with public logits... 
model 9 done alignment
model 9 starting training with private data... 
model 9 done private training. 

round  1
update logits ... 
cosdist:
[[1, 0.9956749704228783, 0.9937780824957057, 0.9957099885204084, 0.9932401328029568, 0.9827319892975399, 0.9861216323174633, 0.9836454663389259, 0.9788567332824017, 0.9822392327409519], [0.9956749704228783, 1, 0.9946460676084907, 0.9964569045475432, 0.9964453411728064, 0.9826690346670949, 0.9862700984704577, 0.9825844358746038, 0.9796536994978687, 0.9809362169789019], [0.9937780824957057, 0.9946460676084907, 1, 0.9934355431578922, 0.9908225331421097, 0.9891365975199803, 0.9913938909560727, 0.9872016934626869, 0.9871943654509071, 0.9885339683277345], [0.9957099885204084, 0.9964569045475432, 0.9934355431578922, 1, 0.9964206391989607, 0.983269471687587, 0.9875667041272683, 0.9828120314669515, 0.9799604783169591, 0.9835584396403695], [0.9932401328029568, 0.9964453411728064, 0.9908225331421097, 0.9964206391989607, 1, 0.9797380900460606, 0.9867066806288866, 0.9782728765228216, 0.9758012593353825, 0.9797430548276365], [0.9827319892975399, 0.9826690346670949, 0.9891365975199803, 0.983269471687587, 0.9797380900460606, 1, 0.994678320652324, 0.9936841179216447, 0.9943516443126533, 0.9950082021001031], [0.9861216323174633, 0.9862700984704577, 0.9913938909560727, 0.9875667041272683, 0.9867066806288866, 0.994678320652324, 1, 0.9899804939251851, 0.9920004077580439, 0.995807002239155], [0.9836454663389259, 0.9825844358746038, 0.9872016934626869, 0.9828120314669515, 0.9782728765228216, 0.9936841179216447, 0.9899804939251851, 1, 0.9915190038226283, 0.9887859489928251], [0.9788567332824017, 0.9796536994978687, 0.9871943654509071, 0.9799604783169591, 0.9758012593353825, 0.9943516443126533, 0.9920004077580439, 0.9915190038226283, 1, 0.9920446964960161], [0.9822392327409519, 0.9809362169789019, 0.9885339683277345, 0.9835584396403695, 0.9797430548276365, 0.9950082021001031, 0.995807002239155, 0.9887859489928251, 0.9920446964960161, 1]]
thresholdtopk: [0.9861216323174633, 0.9862700984704577, 0.9908225331421097, 0.9875667041272683, 0.9867066806288866, 0.9891365975199803, 0.9899804939251851, 0.9872016934626869, 0.9871943654509071, 0.9885339683277345]
index,index2,cosdist[index][index2],thresholdtopk[index]: 0 0 1 0.9861216323174633
model_id_of_model0_used: 0
index,index2,cosdist[index][index2],thresholdtopk[index]: 0 1 0.9956749704228783 0.9861216323174633
model_id_of_model0_used: 1
index,index2,cosdist[index][index2],thresholdtopk[index]: 0 2 0.9937780824957057 0.9861216323174633
model_id_of_model0_used: 2
index,index2,cosdist[index][index2],thresholdtopk[index]: 0 3 0.9957099885204084 0.9861216323174633
model_id_of_model0_used: 3
index,index2,cosdist[index][index2],thresholdtopk[index]: 0 4 0.9932401328029568 0.9861216323174633
model_id_of_model0_used: 4
model_num of model 0 used
-- 5 --
index,index2,cosdist[index][index2],thresholdtopk[index]: 1 0 0.9956749704228783 0.9862700984704577
model_id_of_model1_used: 0
index,index2,cosdist[index][index2],thresholdtopk[index]: 1 1 1 0.9862700984704577
model_id_of_model1_used: 1
index,index2,cosdist[index][index2],thresholdtopk[index]: 1 2 0.9946460676084907 0.9862700984704577
model_id_of_model1_used: 2
index,index2,cosdist[index][index2],thresholdtopk[index]: 1 3 0.9964569045475432 0.9862700984704577
model_id_of_model1_used: 3
index,index2,cosdist[index][index2],thresholdtopk[index]: 1 4 0.9964453411728064 0.9862700984704577
model_id_of_model1_used: 4
model_num of model 1 used
-- 5 --
index,index2,cosdist[index][index2],thresholdtopk[index]: 2 0 0.9937780824957057 0.9908225331421097
model_id_of_model2_used: 0
index,index2,cosdist[index][index2],thresholdtopk[index]: 2 1 0.9946460676084907 0.9908225331421097
model_id_of_model2_used: 1
index,index2,cosdist[index][index2],thresholdtopk[index]: 2 2 1 0.9908225331421097
model_id_of_model2_used: 2
index,index2,cosdist[index][index2],thresholdtopk[index]: 2 3 0.9934355431578922 0.9908225331421097
model_id_of_model2_used: 3
index,index2,cosdist[index][index2],thresholdtopk[index]: 2 6 0.9913938909560727 0.9908225331421097
model_id_of_model2_used: 6
model_num of model 2 used
-- 5 --
index,index2,cosdist[index][index2],thresholdtopk[index]: 3 0 0.9957099885204084 0.9875667041272683
model_id_of_model3_used: 0
index,index2,cosdist[index][index2],thresholdtopk[index]: 3 1 0.9964569045475432 0.9875667041272683
model_id_of_model3_used: 1
index,index2,cosdist[index][index2],thresholdtopk[index]: 3 2 0.9934355431578922 0.9875667041272683
model_id_of_model3_used: 2
index,index2,cosdist[index][index2],thresholdtopk[index]: 3 3 1 0.9875667041272683
model_id_of_model3_used: 3
index,index2,cosdist[index][index2],thresholdtopk[index]: 3 4 0.9964206391989607 0.9875667041272683
model_id_of_model3_used: 4
model_num of model 3 used
-- 5 --
index,index2,cosdist[index][index2],thresholdtopk[index]: 4 0 0.9932401328029568 0.9867066806288866
model_id_of_model4_used: 0
index,index2,cosdist[index][index2],thresholdtopk[index]: 4 1 0.9964453411728064 0.9867066806288866
model_id_of_model4_used: 1
index,index2,cosdist[index][index2],thresholdtopk[index]: 4 2 0.9908225331421097 0.9867066806288866
model_id_of_model4_used: 2
index,index2,cosdist[index][index2],thresholdtopk[index]: 4 3 0.9964206391989607 0.9867066806288866
model_id_of_model4_used: 3
index,index2,cosdist[index][index2],thresholdtopk[index]: 4 4 1 0.9867066806288866
model_id_of_model4_used: 4
model_num of model 4 used
-- 5 --
index,index2,cosdist[index][index2],thresholdtopk[index]: 5 5 1 0.9891365975199803
model_id_of_model5_used: 5
index,index2,cosdist[index][index2],thresholdtopk[index]: 5 6 0.994678320652324 0.9891365975199803
model_id_of_model5_used: 6
index,index2,cosdist[index][index2],thresholdtopk[index]: 5 7 0.9936841179216447 0.9891365975199803
model_id_of_model5_used: 7
index,index2,cosdist[index][index2],thresholdtopk[index]: 5 8 0.9943516443126533 0.9891365975199803
model_id_of_model5_used: 8
index,index2,cosdist[index][index2],thresholdtopk[index]: 5 9 0.9950082021001031 0.9891365975199803
model_id_of_model5_used: 9
model_num of model 5 used
-- 5 --
index,index2,cosdist[index][index2],thresholdtopk[index]: 6 2 0.9913938909560727 0.9899804939251851
model_id_of_model6_used: 2
index,index2,cosdist[index][index2],thresholdtopk[index]: 6 5 0.994678320652324 0.9899804939251851
model_id_of_model6_used: 5
index,index2,cosdist[index][index2],thresholdtopk[index]: 6 6 1 0.9899804939251851
model_id_of_model6_used: 6
index,index2,cosdist[index][index2],thresholdtopk[index]: 6 8 0.9920004077580439 0.9899804939251851
model_id_of_model6_used: 8
index,index2,cosdist[index][index2],thresholdtopk[index]: 6 9 0.995807002239155 0.9899804939251851
model_id_of_model6_used: 9
model_num of model 6 used
-- 5 --
index,index2,cosdist[index][index2],thresholdtopk[index]: 7 5 0.9936841179216447 0.9872016934626869
model_id_of_model7_used: 5
index,index2,cosdist[index][index2],thresholdtopk[index]: 7 6 0.9899804939251851 0.9872016934626869
model_id_of_model7_used: 6
index,index2,cosdist[index][index2],thresholdtopk[index]: 7 7 1 0.9872016934626869
model_id_of_model7_used: 7
index,index2,cosdist[index][index2],thresholdtopk[index]: 7 8 0.9915190038226283 0.9872016934626869
model_id_of_model7_used: 8
index,index2,cosdist[index][index2],thresholdtopk[index]: 7 9 0.9887859489928251 0.9872016934626869
model_id_of_model7_used: 9
model_num of model 7 used
-- 5 --
index,index2,cosdist[index][index2],thresholdtopk[index]: 8 5 0.9943516443126533 0.9871943654509071
model_id_of_model8_used: 5
index,index2,cosdist[index][index2],thresholdtopk[index]: 8 6 0.9920004077580439 0.9871943654509071
model_id_of_model8_used: 6
index,index2,cosdist[index][index2],thresholdtopk[index]: 8 7 0.9915190038226283 0.9871943654509071
model_id_of_model8_used: 7
index,index2,cosdist[index][index2],thresholdtopk[index]: 8 8 1 0.9871943654509071
model_id_of_model8_used: 8
index,index2,cosdist[index][index2],thresholdtopk[index]: 8 9 0.9920446964960161 0.9871943654509071
model_id_of_model8_used: 9
model_num of model 8 used
-- 5 --
index,index2,cosdist[index][index2],thresholdtopk[index]: 9 5 0.9950082021001031 0.9885339683277345
model_id_of_model9_used: 5
index,index2,cosdist[index][index2],thresholdtopk[index]: 9 6 0.995807002239155 0.9885339683277345
model_id_of_model9_used: 6
index,index2,cosdist[index][index2],thresholdtopk[index]: 9 7 0.9887859489928251 0.9885339683277345
model_id_of_model9_used: 7
index,index2,cosdist[index][index2],thresholdtopk[index]: 9 8 0.9920446964960161 0.9885339683277345
model_id_of_model9_used: 8
index,index2,cosdist[index][index2],thresholdtopk[index]: 9 9 1 0.9885339683277345
model_id_of_model9_used: 9
model_num of model 9 used
-- 5 --
test performance ... 
model 0 use private_data_1 test
0.9027039009205838
model 1 use private_data_1 test
0.9046985817716476
model 2 use private_data_1 test
0.9148936170212766
model 3 use private_data_1 test
0.8857491136865413
model 4 use private_data_1 test
0.8955008869475507
model 5 use private_data_2 test
0.9155585106382979
model 6 use private_data_2 test
0.6576906030482434
model 7 use private_data_2 test
0.7833554966652647
model 8 use private_data_2 test
0.8059618796439881
model 9 use private_data_2 test
0.8851950358837208
updates models ...
model 0 starting alignment with public logits... 
model 0 done alignment
model 0 starting training with private data... 
model 0 done private training. 

model 1 starting alignment with public logits... 
model 1 done alignment
model 1 starting training with private data... 
model 1 done private training. 

model 2 starting alignment with public logits... 
model 2 done alignment
model 2 starting training with private data... 
model 2 done private training. 

model 3 starting alignment with public logits... 
model 3 done alignment
model 3 starting training with private data... 
model 3 done private training. 

model 4 starting alignment with public logits... 
model 4 done alignment
model 4 starting training with private data... 
model 4 done private training. 

model 5 starting alignment with public logits... 
model 5 done alignment
model 5 starting training with private data... 
model 5 done private training. 

model 6 starting alignment with public logits... 
model 6 done alignment
model 6 starting training with private data... 
model 6 done private training. 

model 7 starting alignment with public logits... 
model 7 done alignment
model 7 starting training with private data... 
model 7 done private training. 

model 8 starting alignment with public logits... 
model 8 done alignment
model 8 starting training with private data... 
model 8 done private training. 

model 9 starting alignment with public logits... 
model 9 done alignment
model 9 starting training with private data... 
model 9 done private training. 

round  2
update logits ... 
cosdist:
[[1, 0.9984104345189984, 0.9973664066527026, 0.9984564371617937, 0.9977307226235048, 0.9950651487946123, 0.994085680493958, 0.9942418619447764, 0.9939198610283143, 0.9939975184895001], [0.9984104345189984, 1, 0.9980565795295505, 0.9977674713125574, 0.9974488446862119, 0.994852101564027, 0.9947386706850678, 0.9936977574803749, 0.9939469012975375, 0.9939403357520284], [0.9973664066527026, 0.9980565795295505, 1, 0.9974463675186004, 0.9975140916412624, 0.9922573916405655, 0.9917482144739387, 0.9913266503372865, 0.9911494895974948, 0.9915705390287746], [0.9984564371617937, 0.9977674713125574, 0.9974463675186004, 1, 0.9977193123368145, 0.9928052992610897, 0.9918246045511301, 0.991803023178602, 0.9911585320814458, 0.9919379394109853], [0.9977307226235048, 0.9974488446862119, 0.9975140916412624, 0.9977193123368145, 1, 0.9938984141772339, 0.9936555274614768, 0.9927124585331482, 0.9926817362056578, 0.9938790302235422], [0.9950651487946123, 0.994852101564027, 0.9922573916405655, 0.9928052992610897, 0.9938984141772339, 1, 0.9980749931303814, 0.9979563673194624, 0.9981372906931689, 0.9984216777066894], [0.994085680493958, 0.9947386706850678, 0.9917482144739387, 0.9918246045511301, 0.9936555274614768, 0.9980749931303814, 1, 0.9960368224184096, 0.9976534313409668, 0.9985094471552983], [0.9942418619447764, 0.9936977574803749, 0.9913266503372865, 0.991803023178602, 0.9927124585331482, 0.9979563673194624, 0.9960368224184096, 1, 0.9969265128056655, 0.9964654661188658], [0.9939198610283143, 0.9939469012975375, 0.9911494895974948, 0.9911585320814458, 0.9926817362056578, 0.9981372906931689, 0.9976534313409668, 0.9969265128056655, 1, 0.9976043475050647], [0.9939975184895001, 0.9939403357520284, 0.9915705390287746, 0.9919379394109853, 0.9938790302235422, 0.9984216777066894, 0.9985094471552983, 0.9964654661188658, 0.9976043475050647, 1]]
thresholdtopk: [0.9950651487946123, 0.994852101564027, 0.9922573916405655, 0.9928052992610897, 0.9938984141772339, 0.9950651487946123, 0.9947386706850678, 0.9942418619447764, 0.9939469012975375, 0.9939975184895001]
index,index2,cosdist[index][index2],thresholdtopk[index]: 0 0 1 0.9950651487946123
model_id_of_model0_used: 0
index,index2,cosdist[index][index2],thresholdtopk[index]: 0 1 0.9984104345189984 0.9950651487946123
model_id_of_model0_used: 1
index,index2,cosdist[index][index2],thresholdtopk[index]: 0 2 0.9973664066527026 0.9950651487946123
model_id_of_model0_used: 2
index,index2,cosdist[index][index2],thresholdtopk[index]: 0 3 0.9984564371617937 0.9950651487946123
model_id_of_model0_used: 3
index,index2,cosdist[index][index2],thresholdtopk[index]: 0 4 0.9977307226235048 0.9950651487946123
model_id_of_model0_used: 4
model_num of model 0 used
-- 5 --
index,index2,cosdist[index][index2],thresholdtopk[index]: 1 0 0.9984104345189984 0.994852101564027
model_id_of_model1_used: 0
index,index2,cosdist[index][index2],thresholdtopk[index]: 1 1 1 0.994852101564027
model_id_of_model1_used: 1
index,index2,cosdist[index][index2],thresholdtopk[index]: 1 2 0.9980565795295505 0.994852101564027
model_id_of_model1_used: 2
index,index2,cosdist[index][index2],thresholdtopk[index]: 1 3 0.9977674713125574 0.994852101564027
model_id_of_model1_used: 3
index,index2,cosdist[index][index2],thresholdtopk[index]: 1 4 0.9974488446862119 0.994852101564027
model_id_of_model1_used: 4
model_num of model 1 used
-- 5 --
index,index2,cosdist[index][index2],thresholdtopk[index]: 2 0 0.9973664066527026 0.9922573916405655
model_id_of_model2_used: 0
index,index2,cosdist[index][index2],thresholdtopk[index]: 2 1 0.9980565795295505 0.9922573916405655
model_id_of_model2_used: 1
index,index2,cosdist[index][index2],thresholdtopk[index]: 2 2 1 0.9922573916405655
model_id_of_model2_used: 2
index,index2,cosdist[index][index2],thresholdtopk[index]: 2 3 0.9974463675186004 0.9922573916405655
model_id_of_model2_used: 3
index,index2,cosdist[index][index2],thresholdtopk[index]: 2 4 0.9975140916412624 0.9922573916405655
model_id_of_model2_used: 4
model_num of model 2 used
-- 5 --
index,index2,cosdist[index][index2],thresholdtopk[index]: 3 0 0.9984564371617937 0.9928052992610897
model_id_of_model3_used: 0
index,index2,cosdist[index][index2],thresholdtopk[index]: 3 1 0.9977674713125574 0.9928052992610897
model_id_of_model3_used: 1
index,index2,cosdist[index][index2],thresholdtopk[index]: 3 2 0.9974463675186004 0.9928052992610897
model_id_of_model3_used: 2
index,index2,cosdist[index][index2],thresholdtopk[index]: 3 3 1 0.9928052992610897
model_id_of_model3_used: 3
index,index2,cosdist[index][index2],thresholdtopk[index]: 3 4 0.9977193123368145 0.9928052992610897
model_id_of_model3_used: 4
model_num of model 3 used
-- 5 --
index,index2,cosdist[index][index2],thresholdtopk[index]: 4 0 0.9977307226235048 0.9938984141772339
model_id_of_model4_used: 0
index,index2,cosdist[index][index2],thresholdtopk[index]: 4 1 0.9974488446862119 0.9938984141772339
model_id_of_model4_used: 1
index,index2,cosdist[index][index2],thresholdtopk[index]: 4 2 0.9975140916412624 0.9938984141772339
model_id_of_model4_used: 2
index,index2,cosdist[index][index2],thresholdtopk[index]: 4 3 0.9977193123368145 0.9938984141772339
model_id_of_model4_used: 3
index,index2,cosdist[index][index2],thresholdtopk[index]: 4 4 1 0.9938984141772339
model_id_of_model4_used: 4
model_num of model 4 used
-- 5 --
index,index2,cosdist[index][index2],thresholdtopk[index]: 5 5 1 0.9950651487946123
model_id_of_model5_used: 5
index,index2,cosdist[index][index2],thresholdtopk[index]: 5 6 0.9980749931303814 0.9950651487946123
model_id_of_model5_used: 6
index,index2,cosdist[index][index2],thresholdtopk[index]: 5 7 0.9979563673194624 0.9950651487946123
model_id_of_model5_used: 7
index,index2,cosdist[index][index2],thresholdtopk[index]: 5 8 0.9981372906931689 0.9950651487946123
model_id_of_model5_used: 8
index,index2,cosdist[index][index2],thresholdtopk[index]: 5 9 0.9984216777066894 0.9950651487946123
model_id_of_model5_used: 9
model_num of model 5 used
-- 5 --
index,index2,cosdist[index][index2],thresholdtopk[index]: 6 5 0.9980749931303814 0.9947386706850678
model_id_of_model6_used: 5
index,index2,cosdist[index][index2],thresholdtopk[index]: 6 6 1 0.9947386706850678
model_id_of_model6_used: 6
index,index2,cosdist[index][index2],thresholdtopk[index]: 6 7 0.9960368224184096 0.9947386706850678
model_id_of_model6_used: 7
index,index2,cosdist[index][index2],thresholdtopk[index]: 6 8 0.9976534313409668 0.9947386706850678
model_id_of_model6_used: 8
index,index2,cosdist[index][index2],thresholdtopk[index]: 6 9 0.9985094471552983 0.9947386706850678
model_id_of_model6_used: 9
model_num of model 6 used
-- 5 --
index,index2,cosdist[index][index2],thresholdtopk[index]: 7 5 0.9979563673194624 0.9942418619447764
model_id_of_model7_used: 5
index,index2,cosdist[index][index2],thresholdtopk[index]: 7 6 0.9960368224184096 0.9942418619447764
model_id_of_model7_used: 6
index,index2,cosdist[index][index2],thresholdtopk[index]: 7 7 1 0.9942418619447764
model_id_of_model7_used: 7
index,index2,cosdist[index][index2],thresholdtopk[index]: 7 8 0.9969265128056655 0.9942418619447764
model_id_of_model7_used: 8
index,index2,cosdist[index][index2],thresholdtopk[index]: 7 9 0.9964654661188658 0.9942418619447764
model_id_of_model7_used: 9
model_num of model 7 used
-- 5 --
index,index2,cosdist[index][index2],thresholdtopk[index]: 8 5 0.9981372906931689 0.9939469012975375
model_id_of_model8_used: 5
index,index2,cosdist[index][index2],thresholdtopk[index]: 8 6 0.9976534313409668 0.9939469012975375
model_id_of_model8_used: 6
index,index2,cosdist[index][index2],thresholdtopk[index]: 8 7 0.9969265128056655 0.9939469012975375
model_id_of_model8_used: 7
index,index2,cosdist[index][index2],thresholdtopk[index]: 8 8 1 0.9939469012975375
model_id_of_model8_used: 8
index,index2,cosdist[index][index2],thresholdtopk[index]: 8 9 0.9976043475050647 0.9939469012975375
model_id_of_model8_used: 9
model_num of model 8 used
-- 5 --
index,index2,cosdist[index][index2],thresholdtopk[index]: 9 5 0.9984216777066894 0.9939975184895001
model_id_of_model9_used: 5
index,index2,cosdist[index][index2],thresholdtopk[index]: 9 6 0.9985094471552983 0.9939975184895001
model_id_of_model9_used: 6
index,index2,cosdist[index][index2],thresholdtopk[index]: 9 7 0.9964654661188658 0.9939975184895001
model_id_of_model9_used: 7
index,index2,cosdist[index][index2],thresholdtopk[index]: 9 8 0.9976043475050647 0.9939975184895001
model_id_of_model9_used: 8
index,index2,cosdist[index][index2],thresholdtopk[index]: 9 9 1 0.9939975184895001
model_id_of_model9_used: 9
model_num of model 9 used
-- 5 --
test performance ... 
model 0 use private_data_1 test
0.9073581562397328
model 1 use private_data_1 test
0.9318484042553191
model 2 use private_data_1 test
0.8918439720539336
model 3 use private_data_1 test
0.8984929082241464
model 4 use private_data_1 test
0.9143395392184562
model 5 use private_data_2 test
0.9229831562397328
model 6 use private_data_2 test
0.8045212765957447
model 7 use private_data_2 test
0.8326684401390401
model 8 use private_data_2 test
0.8231382978723404
model 9 use private_data_2 test
0.8888519507773379
updates models ...
model 0 starting alignment with public logits... 
model 0 done alignment
model 0 starting training with private data... 
model 0 done private training. 

model 1 starting alignment with public logits... 
model 1 done alignment
model 1 starting training with private data... 
model 1 done private training. 

model 2 starting alignment with public logits... 
model 2 done alignment
model 2 starting training with private data... 
model 2 done private training. 

model 3 starting alignment with public logits... 
model 3 done alignment
model 3 starting training with private data... 
model 3 done private training. 

model 4 starting alignment with public logits... 
model 4 done alignment
model 4 starting training with private data... 
model 4 done private training. 

model 5 starting alignment with public logits... 
model 5 done alignment
model 5 starting training with private data... 
model 5 done private training. 

model 6 starting alignment with public logits... 
model 6 done alignment
model 6 starting training with private data... 
model 6 done private training. 

model 7 starting alignment with public logits... 
model 7 done alignment
model 7 starting training with private data... 
model 7 done private training. 

model 8 starting alignment with public logits... 
model 8 done alignment
model 8 starting training with private data... 
model 8 done private training. 

model 9 starting alignment with public logits... 
model 9 done alignment
model 9 starting training with private data... 
model 9 done private training. 

round  3
update logits ... 
cosdist:
[[1, 0.9988984412350885, 0.998533216878117, 0.9991610088259961, 0.9988652592772496, 0.9955983502420727, 0.9964331906567646, 0.9966793575626014, 0.9963645776099781, 0.9940204013950624], [0.9988984412350885, 1, 0.9985796904208842, 0.9989501511530285, 0.9985579138519192, 0.9949123362419073, 0.9957464640522923, 0.9955513386043312, 0.995767272971642, 0.9928931413699459], [0.998533216878117, 0.9985796904208842, 1, 0.9988964517912053, 0.9992985658339715, 0.994942181641086, 0.9957438405415914, 0.9959193794915452, 0.9960604477387628, 0.993672431948685], [0.9991610088259961, 0.9989501511530285, 0.9988964517912053, 1, 0.9991588290862927, 0.9962743224762375, 0.9968701647470241, 0.9967312026981, 0.9970054951408942, 0.994901979135371], [0.9988652592772496, 0.9985579138519192, 0.9992985658339715, 0.9991588290862927, 1, 0.9960224598769468, 0.9965409746070517, 0.9966143370154248, 0.9967368484684078, 0.9949842942606203], [0.9955983502420727, 0.9949123362419073, 0.994942181641086, 0.9962743224762375, 0.9960224598769468, 1, 0.9985811973252466, 0.9977809766165551, 0.9989393373867336, 0.998571436321149], [0.9964331906567646, 0.9957464640522923, 0.9957438405415914, 0.9968701647470241, 0.9965409746070517, 0.9985811973252466, 1, 0.9980943466438614, 0.9989907350976587, 0.9983367292693026], [0.9966793575626014, 0.9955513386043312, 0.9959193794915452, 0.9967312026981, 0.9966143370154248, 0.9977809766165551, 0.9980943466438614, 1, 0.9982024838632207, 0.9970384997680255], [0.9963645776099781, 0.995767272971642, 0.9960604477387628, 0.9970054951408942, 0.9967368484684078, 0.9989393373867336, 0.9989907350976587, 0.9982024838632207, 1, 0.9986526403289144], [0.9940204013950624, 0.9928931413699459, 0.993672431948685, 0.994901979135371, 0.9949842942606203, 0.998571436321149, 0.9983367292693026, 0.9970384997680255, 0.9986526403289144, 1]]
thresholdtopk: [0.9966793575626014, 0.995767272971642, 0.9960604477387628, 0.9970054951408942, 0.9967368484684078, 0.9962743224762375, 0.9968701647470241, 0.9967312026981, 0.9970054951408942, 0.9949842942606203]
index,index2,cosdist[index][index2],thresholdtopk[index]: 0 0 1 0.9966793575626014
model_id_of_model0_used: 0
index,index2,cosdist[index][index2],thresholdtopk[index]: 0 1 0.9988984412350885 0.9966793575626014
model_id_of_model0_used: 1
index,index2,cosdist[index][index2],thresholdtopk[index]: 0 2 0.998533216878117 0.9966793575626014
model_id_of_model0_used: 2
index,index2,cosdist[index][index2],thresholdtopk[index]: 0 3 0.9991610088259961 0.9966793575626014
model_id_of_model0_used: 3
index,index2,cosdist[index][index2],thresholdtopk[index]: 0 4 0.9988652592772496 0.9966793575626014
model_id_of_model0_used: 4
model_num of model 0 used
-- 5 --
index,index2,cosdist[index][index2],thresholdtopk[index]: 1 0 0.9988984412350885 0.995767272971642
model_id_of_model1_used: 0
index,index2,cosdist[index][index2],thresholdtopk[index]: 1 1 1 0.995767272971642
model_id_of_model1_used: 1
index,index2,cosdist[index][index2],thresholdtopk[index]: 1 2 0.9985796904208842 0.995767272971642
model_id_of_model1_used: 2
index,index2,cosdist[index][index2],thresholdtopk[index]: 1 3 0.9989501511530285 0.995767272971642
model_id_of_model1_used: 3
index,index2,cosdist[index][index2],thresholdtopk[index]: 1 4 0.9985579138519192 0.995767272971642
model_id_of_model1_used: 4
model_num of model 1 used
-- 5 --
index,index2,cosdist[index][index2],thresholdtopk[index]: 2 0 0.998533216878117 0.9960604477387628
model_id_of_model2_used: 0
index,index2,cosdist[index][index2],thresholdtopk[index]: 2 1 0.9985796904208842 0.9960604477387628
model_id_of_model2_used: 1
index,index2,cosdist[index][index2],thresholdtopk[index]: 2 2 1 0.9960604477387628
model_id_of_model2_used: 2
index,index2,cosdist[index][index2],thresholdtopk[index]: 2 3 0.9988964517912053 0.9960604477387628
model_id_of_model2_used: 3
index,index2,cosdist[index][index2],thresholdtopk[index]: 2 4 0.9992985658339715 0.9960604477387628
model_id_of_model2_used: 4
model_num of model 2 used
-- 5 --
index,index2,cosdist[index][index2],thresholdtopk[index]: 3 0 0.9991610088259961 0.9970054951408942
model_id_of_model3_used: 0
index,index2,cosdist[index][index2],thresholdtopk[index]: 3 1 0.9989501511530285 0.9970054951408942
model_id_of_model3_used: 1
index,index2,cosdist[index][index2],thresholdtopk[index]: 3 2 0.9988964517912053 0.9970054951408942
model_id_of_model3_used: 2
index,index2,cosdist[index][index2],thresholdtopk[index]: 3 3 1 0.9970054951408942
model_id_of_model3_used: 3
index,index2,cosdist[index][index2],thresholdtopk[index]: 3 4 0.9991588290862927 0.9970054951408942
model_id_of_model3_used: 4
model_num of model 3 used
-- 5 --
index,index2,cosdist[index][index2],thresholdtopk[index]: 4 0 0.9988652592772496 0.9967368484684078
model_id_of_model4_used: 0
index,index2,cosdist[index][index2],thresholdtopk[index]: 4 1 0.9985579138519192 0.9967368484684078
model_id_of_model4_used: 1
index,index2,cosdist[index][index2],thresholdtopk[index]: 4 2 0.9992985658339715 0.9967368484684078
model_id_of_model4_used: 2
index,index2,cosdist[index][index2],thresholdtopk[index]: 4 3 0.9991588290862927 0.9967368484684078
model_id_of_model4_used: 3
index,index2,cosdist[index][index2],thresholdtopk[index]: 4 4 1 0.9967368484684078
model_id_of_model4_used: 4
model_num of model 4 used
-- 5 --
index,index2,cosdist[index][index2],thresholdtopk[index]: 5 5 1 0.9962743224762375
model_id_of_model5_used: 5
index,index2,cosdist[index][index2],thresholdtopk[index]: 5 6 0.9985811973252466 0.9962743224762375
model_id_of_model5_used: 6
index,index2,cosdist[index][index2],thresholdtopk[index]: 5 7 0.9977809766165551 0.9962743224762375
model_id_of_model5_used: 7
index,index2,cosdist[index][index2],thresholdtopk[index]: 5 8 0.9989393373867336 0.9962743224762375
model_id_of_model5_used: 8
index,index2,cosdist[index][index2],thresholdtopk[index]: 5 9 0.998571436321149 0.9962743224762375
model_id_of_model5_used: 9
model_num of model 5 used
-- 5 --
index,index2,cosdist[index][index2],thresholdtopk[index]: 6 5 0.9985811973252466 0.9968701647470241
model_id_of_model6_used: 5
index,index2,cosdist[index][index2],thresholdtopk[index]: 6 6 1 0.9968701647470241
model_id_of_model6_used: 6
index,index2,cosdist[index][index2],thresholdtopk[index]: 6 7 0.9980943466438614 0.9968701647470241
model_id_of_model6_used: 7
