Namespace(conf='../conf/EMNIST_balance_conf.json', dataset='mnist', gpu=1.0, iid=True, use_pretrained_model=False)
X shape : (36000, 28, 28)
y shape : (36000,)
X shape : (6000, 28, 28)
y shape : (6000,)
15    6000
14    6000
13    6000
12    6000
11    6000
10    6000
dtype: int64
mod_private_class1: [10 11 12]
mod_private_class2: [13 14 15]
============================================================
============================================================
============================================================
X shape : (3000, 28, 28)
y shape : (3000,)
X shape : (3000, 28, 28)
y shape : (3000,)
model 0 : CNN_128_256
model 1 : CNN_128_384
model 2 : CNN_128_512
model 3 : CNN_256_256
model 4 : CNN_256_512
model 5 : CNN_64_128_256
model 6 : CNN_64_128_192
model 7 : CNN_128_192_256
model 8 : CNN_128_128_128
model 9 : CNN_128_128_192
Training model  0
Training model  1
Training model  2
Training model  3
Training model  4
Training model  5
Training model  6
Training model  7
Training model  8
Training model  9
pre-train accuracy: 
[0.9868473101265823, 0.9858583860759493, 0.9869462025316456, 0.9864517405063291, 0.9857594936708861, 0.9911985759493671, 0.9902096518987342, 0.9921875, 0.9915941455696202, 0.9911985759493671]
publice_dataset[y]: [5 0 4 ... 5 6 8]
calculate the theoretical upper bounds for participants: 
the upper bounds are: [0.0, 0.0, 0.0, 0.0, 0.0, 0.0, 0.0, 0.0, 0.0, 0.0]
start model initialization: 
finish model initialization: 
round  0
update logits ... 
cosdist:
[[1, 0.9916986817142625, 0.983847886028776, 0.9902444836132264, 0.9723779936984065, 0.7290344071656017, 0.7364282689904826, 0.7333316177501497, 0.7381065157995861, 0.7459206797560308], [0.9916986817142625, 1, 0.9874538497079851, 0.9875219770771533, 0.9657370245262765, 0.736428389591304, 0.7449027793982248, 0.7433515883752214, 0.7396401123289653, 0.7508559440480689], [0.983847886028776, 0.9874538497079851, 1, 0.9843906981295253, 0.9722092580196805, 0.7646067520872512, 0.7770650327815143, 0.7692922475080496, 0.7867642748939562, 0.7875226358315746], [0.9902444836132264, 0.9875219770771533, 0.9843906981295253, 1, 0.9738812755696497, 0.7632393592900663, 0.7683790284316238, 0.76703437696066, 0.7729879143690233, 0.7807165619335655], [0.9723779936984065, 0.9657370245262765, 0.9722092580196805, 0.9738812755696497, 1, 0.7868383418105421, 0.7985679553324428, 0.7885226945084088, 0.8165654676376756, 0.814949809608361], [0.7290344071656017, 0.736428389591304, 0.7646067520872512, 0.7632393592900663, 0.7868383418105421, 1, 0.9870609601616922, 0.9830076796589874, 0.9651865185344781, 0.9837876907411381], [0.7364282689904826, 0.7449027793982248, 0.7770650327815143, 0.7683790284316238, 0.7985679553324428, 0.9870609601616922, 1, 0.982632517281005, 0.9770266256455143, 0.9859517528661625], [0.7333316177501497, 0.7433515883752214, 0.7692922475080496, 0.76703437696066, 0.7885226945084088, 0.9830076796589874, 0.982632517281005, 1, 0.9610824777603776, 0.9788222865841487], [0.7381065157995861, 0.7396401123289653, 0.7867642748939562, 0.7729879143690233, 0.8165654676376756, 0.9651865185344781, 0.9770266256455143, 0.9610824777603776, 1, 0.9804772416085226], [0.7459206797560308, 0.7508559440480689, 0.7875226358315746, 0.7807165619335655, 0.814949809608361, 0.9837876907411381, 0.9859517528661625, 0.9788222865841487, 0.9804772416085226, 1]]
thresholdtopk: [0.7459206797560308, 0.7508559440480689, 0.7875226358315746, 0.7807165619335655, 0.8165654676376756, 0.7868383418105421, 0.7985679553324428, 0.7885226945084088, 0.8165654676376756, 0.814949809608361]
index,index2,cosdist[index][index2],thresholdtopk[index]: 0 0 1 0.7459206797560308
model_id_of_model0_used: 0
index,index2,cosdist[index][index2],thresholdtopk[index]: 0 1 0.9916986817142625 0.7459206797560308
model_id_of_model0_used: 1
index,index2,cosdist[index][index2],thresholdtopk[index]: 0 2 0.983847886028776 0.7459206797560308
model_id_of_model0_used: 2
index,index2,cosdist[index][index2],thresholdtopk[index]: 0 3 0.9902444836132264 0.7459206797560308
model_id_of_model0_used: 3
index,index2,cosdist[index][index2],thresholdtopk[index]: 0 4 0.9723779936984065 0.7459206797560308
model_id_of_model0_used: 4
model_num of model 0 used
-- 5 --
index,index2,cosdist[index][index2],thresholdtopk[index]: 1 0 0.9916986817142625 0.7508559440480689
model_id_of_model1_used: 0
index,index2,cosdist[index][index2],thresholdtopk[index]: 1 1 1 0.7508559440480689
model_id_of_model1_used: 1
index,index2,cosdist[index][index2],thresholdtopk[index]: 1 2 0.9874538497079851 0.7508559440480689
model_id_of_model1_used: 2
index,index2,cosdist[index][index2],thresholdtopk[index]: 1 3 0.9875219770771533 0.7508559440480689
model_id_of_model1_used: 3
index,index2,cosdist[index][index2],thresholdtopk[index]: 1 4 0.9657370245262765 0.7508559440480689
model_id_of_model1_used: 4
model_num of model 1 used
-- 5 --
index,index2,cosdist[index][index2],thresholdtopk[index]: 2 0 0.983847886028776 0.7875226358315746
model_id_of_model2_used: 0
index,index2,cosdist[index][index2],thresholdtopk[index]: 2 1 0.9874538497079851 0.7875226358315746
model_id_of_model2_used: 1
index,index2,cosdist[index][index2],thresholdtopk[index]: 2 2 1 0.7875226358315746
model_id_of_model2_used: 2
index,index2,cosdist[index][index2],thresholdtopk[index]: 2 3 0.9843906981295253 0.7875226358315746
model_id_of_model2_used: 3
index,index2,cosdist[index][index2],thresholdtopk[index]: 2 4 0.9722092580196805 0.7875226358315746
model_id_of_model2_used: 4
model_num of model 2 used
-- 5 --
index,index2,cosdist[index][index2],thresholdtopk[index]: 3 0 0.9902444836132264 0.7807165619335655
model_id_of_model3_used: 0
index,index2,cosdist[index][index2],thresholdtopk[index]: 3 1 0.9875219770771533 0.7807165619335655
model_id_of_model3_used: 1
index,index2,cosdist[index][index2],thresholdtopk[index]: 3 2 0.9843906981295253 0.7807165619335655
model_id_of_model3_used: 2
index,index2,cosdist[index][index2],thresholdtopk[index]: 3 3 1 0.7807165619335655
model_id_of_model3_used: 3
index,index2,cosdist[index][index2],thresholdtopk[index]: 3 4 0.9738812755696497 0.7807165619335655
model_id_of_model3_used: 4
model_num of model 3 used
-- 5 --
index,index2,cosdist[index][index2],thresholdtopk[index]: 4 0 0.9723779936984065 0.8165654676376756
model_id_of_model4_used: 0
index,index2,cosdist[index][index2],thresholdtopk[index]: 4 1 0.9657370245262765 0.8165654676376756
model_id_of_model4_used: 1
index,index2,cosdist[index][index2],thresholdtopk[index]: 4 2 0.9722092580196805 0.8165654676376756
model_id_of_model4_used: 2
index,index2,cosdist[index][index2],thresholdtopk[index]: 4 3 0.9738812755696497 0.8165654676376756
model_id_of_model4_used: 3
index,index2,cosdist[index][index2],thresholdtopk[index]: 4 4 1 0.8165654676376756
model_id_of_model4_used: 4
model_num of model 4 used
-- 5 --
index,index2,cosdist[index][index2],thresholdtopk[index]: 5 5 1 0.7868383418105421
model_id_of_model5_used: 5
index,index2,cosdist[index][index2],thresholdtopk[index]: 5 6 0.9870609601616922 0.7868383418105421
model_id_of_model5_used: 6
index,index2,cosdist[index][index2],thresholdtopk[index]: 5 7 0.9830076796589874 0.7868383418105421
model_id_of_model5_used: 7
index,index2,cosdist[index][index2],thresholdtopk[index]: 5 8 0.9651865185344781 0.7868383418105421
model_id_of_model5_used: 8
index,index2,cosdist[index][index2],thresholdtopk[index]: 5 9 0.9837876907411381 0.7868383418105421
model_id_of_model5_used: 9
model_num of model 5 used
-- 5 --
index,index2,cosdist[index][index2],thresholdtopk[index]: 6 5 0.9870609601616922 0.7985679553324428
model_id_of_model6_used: 5
index,index2,cosdist[index][index2],thresholdtopk[index]: 6 6 1 0.7985679553324428
model_id_of_model6_used: 6
index,index2,cosdist[index][index2],thresholdtopk[index]: 6 7 0.982632517281005 0.7985679553324428
model_id_of_model6_used: 7
index,index2,cosdist[index][index2],thresholdtopk[index]: 6 8 0.9770266256455143 0.7985679553324428
model_id_of_model6_used: 8
index,index2,cosdist[index][index2],thresholdtopk[index]: 6 9 0.9859517528661625 0.7985679553324428
model_id_of_model6_used: 9
model_num of model 6 used
-- 5 --
index,index2,cosdist[index][index2],thresholdtopk[index]: 7 5 0.9830076796589874 0.7885226945084088
model_id_of_model7_used: 5
index,index2,cosdist[index][index2],thresholdtopk[index]: 7 6 0.982632517281005 0.7885226945084088
model_id_of_model7_used: 6
index,index2,cosdist[index][index2],thresholdtopk[index]: 7 7 1 0.7885226945084088
model_id_of_model7_used: 7
index,index2,cosdist[index][index2],thresholdtopk[index]: 7 8 0.9610824777603776 0.7885226945084088
model_id_of_model7_used: 8
index,index2,cosdist[index][index2],thresholdtopk[index]: 7 9 0.9788222865841487 0.7885226945084088
model_id_of_model7_used: 9
model_num of model 7 used
-- 5 --
index,index2,cosdist[index][index2],thresholdtopk[index]: 8 5 0.9651865185344781 0.8165654676376756
model_id_of_model8_used: 5
index,index2,cosdist[index][index2],thresholdtopk[index]: 8 6 0.9770266256455143 0.8165654676376756
model_id_of_model8_used: 6
index,index2,cosdist[index][index2],thresholdtopk[index]: 8 7 0.9610824777603776 0.8165654676376756
model_id_of_model8_used: 7
index,index2,cosdist[index][index2],thresholdtopk[index]: 8 8 1 0.8165654676376756
model_id_of_model8_used: 8
index,index2,cosdist[index][index2],thresholdtopk[index]: 8 9 0.9804772416085226 0.8165654676376756
model_id_of_model8_used: 9
model_num of model 8 used
-- 5 --
index,index2,cosdist[index][index2],thresholdtopk[index]: 9 5 0.9837876907411381 0.814949809608361
model_id_of_model9_used: 5
index,index2,cosdist[index][index2],thresholdtopk[index]: 9 6 0.9859517528661625 0.814949809608361
model_id_of_model9_used: 6
index,index2,cosdist[index][index2],thresholdtopk[index]: 9 7 0.9788222865841487 0.814949809608361
model_id_of_model9_used: 7
index,index2,cosdist[index][index2],thresholdtopk[index]: 9 8 0.9804772416085226 0.814949809608361
model_id_of_model9_used: 8
index,index2,cosdist[index][index2],thresholdtopk[index]: 9 9 1 0.814949809608361
model_id_of_model9_used: 9
model_num of model 9 used
-- 5 --
test performance ... 
model 0 use private_data_1 test
0.8478501775163285
model 1 use private_data_1 test
0.8784352838993073
model 2 use private_data_1 test
0.8978280146071251
model 3 use private_data_1 test
0.9215425531914894
model 4 use private_data_1 test
0.8388741136865413
model 5 use private_data_2 test
0.8567154255319149
model 6 use private_data_2 test
0.7993129434737754
model 7 use private_data_2 test
0.8828679082241464
model 8 use private_data_2 test
0.5958554966652647
model 9 use private_data_2 test
0.8622562060964868
updates models ...
model 0 starting alignment with public logits... 
model 0 done alignment
model 0 starting training with private data... 
model 0 done private training. 

model 1 starting alignment with public logits... 
model 1 done alignment
model 1 starting training with private data... 
model 1 done private training. 

model 2 starting alignment with public logits... 
model 2 done alignment
model 2 starting training with private data... 
model 2 done private training. 

model 3 starting alignment with public logits... 
model 3 done alignment
model 3 starting training with private data... 
model 3 done private training. 

model 4 starting alignment with public logits... 
model 4 done alignment
model 4 starting training with private data... 
model 4 done private training. 

model 5 starting alignment with public logits... 
model 5 done alignment
model 5 starting training with private data... 
model 5 done private training. 

model 6 starting alignment with public logits... 
model 6 done alignment
model 6 starting training with private data... 
model 6 done private training. 

model 7 starting alignment with public logits... 
model 7 done alignment
model 7 starting training with private data... 
model 7 done private training. 

model 8 starting alignment with public logits... 
model 8 done alignment
model 8 starting training with private data... 
model 8 done private training. 

model 9 starting alignment with public logits... 
model 9 done alignment
model 9 starting training with private data... 
model 9 done private training. 

round  1
update logits ... 
cosdist:
[[1, 0.9968031276099625, 0.9918268381613007, 0.9936233557650397, 0.9929174499799703, 0.9866553908504322, 0.9876390090568371, 0.988665229925197, 0.9874760701029627, 0.9883118594397123], [0.9968031276099625, 1, 0.9959823985079633, 0.9961364084147301, 0.9946086473531638, 0.9863549843829261, 0.9851926148607368, 0.9886181130506656, 0.9830335211079659, 0.9863096318924239], [0.9918268381613007, 0.9959823985079633, 1, 0.9958300627174697, 0.9952488657222679, 0.980967048634627, 0.9774505842871964, 0.9842782583096849, 0.9746894116083036, 0.9789087937466372], [0.9936233557650397, 0.9961364084147301, 0.9958300627174697, 1, 0.9945668748157737, 0.9816861628234311, 0.9799955608474049, 0.9848784365130319, 0.9788809186820864, 0.9816955069814978], [0.9929174499799703, 0.9946086473531638, 0.9952488657222679, 0.9945668748157737, 1, 0.9814944347165304, 0.9793488920031898, 0.9840664607156926, 0.9791540102567551, 0.981242598464083], [0.9866553908504322, 0.9863549843829261, 0.980967048634627, 0.9816861628234311, 0.9814944347165304, 1, 0.9935949528823893, 0.9976149573051726, 0.9851829777619142, 0.995131178532447], [0.9876390090568371, 0.9851926148607368, 0.9774505842871964, 0.9799955608474049, 0.9793488920031898, 0.9935949528823893, 1, 0.9935178608630917, 0.9914603049852224, 0.995834393180378], [0.988665229925197, 0.9886181130506656, 0.9842782583096849, 0.9848784365130319, 0.9840664607156926, 0.9976149573051726, 0.9935178608630917, 1, 0.9849361969049609, 0.9946649827310831], [0.9874760701029627, 0.9830335211079659, 0.9746894116083036, 0.9788809186820864, 0.9791540102567551, 0.9851829777619142, 0.9914603049852224, 0.9849361969049609, 1, 0.9918604935745855], [0.9883118594397123, 0.9863096318924239, 0.9789087937466372, 0.9816955069814978, 0.981242598464083, 0.995131178532447, 0.995834393180378, 0.9946649827310831, 0.9918604935745855, 1]]
thresholdtopk: [0.988665229925197, 0.9886181130506656, 0.9842782583096849, 0.9848784365130319, 0.9840664607156926, 0.9863549843829261, 0.9876390090568371, 0.9886181130506656, 0.9849361969049609, 0.9883118594397123]
index,index2,cosdist[index][index2],thresholdtopk[index]: 0 0 1 0.988665229925197
model_id_of_model0_used: 0
index,index2,cosdist[index][index2],thresholdtopk[index]: 0 1 0.9968031276099625 0.988665229925197
model_id_of_model0_used: 1
index,index2,cosdist[index][index2],thresholdtopk[index]: 0 2 0.9918268381613007 0.988665229925197
model_id_of_model0_used: 2
index,index2,cosdist[index][index2],thresholdtopk[index]: 0 3 0.9936233557650397 0.988665229925197
model_id_of_model0_used: 3
index,index2,cosdist[index][index2],thresholdtopk[index]: 0 4 0.9929174499799703 0.988665229925197
model_id_of_model0_used: 4
model_num of model 0 used
-- 5 --
index,index2,cosdist[index][index2],thresholdtopk[index]: 1 0 0.9968031276099625 0.9886181130506656
model_id_of_model1_used: 0
index,index2,cosdist[index][index2],thresholdtopk[index]: 1 1 1 0.9886181130506656
model_id_of_model1_used: 1
index,index2,cosdist[index][index2],thresholdtopk[index]: 1 2 0.9959823985079633 0.9886181130506656
model_id_of_model1_used: 2
index,index2,cosdist[index][index2],thresholdtopk[index]: 1 3 0.9961364084147301 0.9886181130506656
model_id_of_model1_used: 3
index,index2,cosdist[index][index2],thresholdtopk[index]: 1 4 0.9946086473531638 0.9886181130506656
model_id_of_model1_used: 4
model_num of model 1 used
-- 5 --
index,index2,cosdist[index][index2],thresholdtopk[index]: 2 0 0.9918268381613007 0.9842782583096849
model_id_of_model2_used: 0
index,index2,cosdist[index][index2],thresholdtopk[index]: 2 1 0.9959823985079633 0.9842782583096849
model_id_of_model2_used: 1
index,index2,cosdist[index][index2],thresholdtopk[index]: 2 2 1 0.9842782583096849
model_id_of_model2_used: 2
index,index2,cosdist[index][index2],thresholdtopk[index]: 2 3 0.9958300627174697 0.9842782583096849
model_id_of_model2_used: 3
index,index2,cosdist[index][index2],thresholdtopk[index]: 2 4 0.9952488657222679 0.9842782583096849
model_id_of_model2_used: 4
model_num of model 2 used
-- 5 --
index,index2,cosdist[index][index2],thresholdtopk[index]: 3 0 0.9936233557650397 0.9848784365130319
model_id_of_model3_used: 0
index,index2,cosdist[index][index2],thresholdtopk[index]: 3 1 0.9961364084147301 0.9848784365130319
model_id_of_model3_used: 1
index,index2,cosdist[index][index2],thresholdtopk[index]: 3 2 0.9958300627174697 0.9848784365130319
model_id_of_model3_used: 2
index,index2,cosdist[index][index2],thresholdtopk[index]: 3 3 1 0.9848784365130319
model_id_of_model3_used: 3
index,index2,cosdist[index][index2],thresholdtopk[index]: 3 4 0.9945668748157737 0.9848784365130319
model_id_of_model3_used: 4
model_num of model 3 used
-- 5 --
index,index2,cosdist[index][index2],thresholdtopk[index]: 4 0 0.9929174499799703 0.9840664607156926
model_id_of_model4_used: 0
index,index2,cosdist[index][index2],thresholdtopk[index]: 4 1 0.9946086473531638 0.9840664607156926
model_id_of_model4_used: 1
index,index2,cosdist[index][index2],thresholdtopk[index]: 4 2 0.9952488657222679 0.9840664607156926
model_id_of_model4_used: 2
index,index2,cosdist[index][index2],thresholdtopk[index]: 4 3 0.9945668748157737 0.9840664607156926
model_id_of_model4_used: 3
index,index2,cosdist[index][index2],thresholdtopk[index]: 4 4 1 0.9840664607156926
model_id_of_model4_used: 4
model_num of model 4 used
-- 5 --
index,index2,cosdist[index][index2],thresholdtopk[index]: 5 0 0.9866553908504322 0.9863549843829261
model_id_of_model5_used: 0
index,index2,cosdist[index][index2],thresholdtopk[index]: 5 5 1 0.9863549843829261
model_id_of_model5_used: 5
index,index2,cosdist[index][index2],thresholdtopk[index]: 5 6 0.9935949528823893 0.9863549843829261
model_id_of_model5_used: 6
index,index2,cosdist[index][index2],thresholdtopk[index]: 5 7 0.9976149573051726 0.9863549843829261
model_id_of_model5_used: 7
index,index2,cosdist[index][index2],thresholdtopk[index]: 5 9 0.995131178532447 0.9863549843829261
model_id_of_model5_used: 9
model_num of model 5 used
-- 5 --
index,index2,cosdist[index][index2],thresholdtopk[index]: 6 5 0.9935949528823893 0.9876390090568371
model_id_of_model6_used: 5
index,index2,cosdist[index][index2],thresholdtopk[index]: 6 6 1 0.9876390090568371
model_id_of_model6_used: 6
index,index2,cosdist[index][index2],thresholdtopk[index]: 6 7 0.9935178608630917 0.9876390090568371
model_id_of_model6_used: 7
index,index2,cosdist[index][index2],thresholdtopk[index]: 6 8 0.9914603049852224 0.9876390090568371
model_id_of_model6_used: 8
index,index2,cosdist[index][index2],thresholdtopk[index]: 6 9 0.995834393180378 0.9876390090568371
model_id_of_model6_used: 9
model_num of model 6 used
-- 5 --
index,index2,cosdist[index][index2],thresholdtopk[index]: 7 0 0.988665229925197 0.9886181130506656
model_id_of_model7_used: 0
index,index2,cosdist[index][index2],thresholdtopk[index]: 7 5 0.9976149573051726 0.9886181130506656
model_id_of_model7_used: 5
index,index2,cosdist[index][index2],thresholdtopk[index]: 7 6 0.9935178608630917 0.9886181130506656
model_id_of_model7_used: 6
index,index2,cosdist[index][index2],thresholdtopk[index]: 7 7 1 0.9886181130506656
model_id_of_model7_used: 7
index,index2,cosdist[index][index2],thresholdtopk[index]: 7 9 0.9946649827310831 0.9886181130506656
model_id_of_model7_used: 9
model_num of model 7 used
-- 5 --
index,index2,cosdist[index][index2],thresholdtopk[index]: 8 0 0.9874760701029627 0.9849361969049609
model_id_of_model8_used: 0
index,index2,cosdist[index][index2],thresholdtopk[index]: 8 5 0.9851829777619142 0.9849361969049609
model_id_of_model8_used: 5
index,index2,cosdist[index][index2],thresholdtopk[index]: 8 6 0.9914603049852224 0.9849361969049609
model_id_of_model8_used: 6
index,index2,cosdist[index][index2],thresholdtopk[index]: 8 8 1 0.9849361969049609
model_id_of_model8_used: 8
index,index2,cosdist[index][index2],thresholdtopk[index]: 8 9 0.9918604935745855 0.9849361969049609
model_id_of_model8_used: 9
model_num of model 8 used
-- 5 --
index,index2,cosdist[index][index2],thresholdtopk[index]: 9 5 0.995131178532447 0.9883118594397123
model_id_of_model9_used: 5
index,index2,cosdist[index][index2],thresholdtopk[index]: 9 6 0.995834393180378 0.9883118594397123
model_id_of_model9_used: 6
index,index2,cosdist[index][index2],thresholdtopk[index]: 9 7 0.9946649827310831 0.9883118594397123
model_id_of_model9_used: 7
index,index2,cosdist[index][index2],thresholdtopk[index]: 9 8 0.9918604935745855 0.9883118594397123
model_id_of_model9_used: 8
index,index2,cosdist[index][index2],thresholdtopk[index]: 9 9 1 0.9883118594397123
model_id_of_model9_used: 9
model_num of model 9 used
-- 5 --
test performance ... 
model 0 use private_data_1 test
0.8443040784369124
model 1 use private_data_1 test
0.8969414893617021
model 2 use private_data_1 test
0.9027039009205838
model 3 use private_data_1 test
0.9281914893617021
model 4 use private_data_1 test
0.8673537234042553
model 5 use private_data_2 test
0.8671320924099456
model 6 use private_data_2 test
0.7958776595744681
model 7 use private_data_2 test
0.8998226954581889
model 8 use private_data_2 test
0.633311170212766
model 9 use private_data_2 test
0.8941710997135082
updates models ...
model 0 starting alignment with public logits... 
model 0 done alignment
model 0 starting training with private data... 
model 0 done private training. 

model 1 starting alignment with public logits... 
model 1 done alignment
model 1 starting training with private data... 
model 1 done private training. 

model 2 starting alignment with public logits... 
model 2 done alignment
model 2 starting training with private data... 
model 2 done private training. 

model 3 starting alignment with public logits... 
model 3 done alignment
model 3 starting training with private data... 
model 3 done private training. 

model 4 starting alignment with public logits... 
model 4 done alignment
model 4 starting training with private data... 
model 4 done private training. 

model 5 starting alignment with public logits... 
model 5 done alignment
model 5 starting training with private data... 
model 5 done private training. 

model 6 starting alignment with public logits... 
model 6 done alignment
model 6 starting training with private data... 
model 6 done private training. 

model 7 starting alignment with public logits... 
model 7 done alignment
model 7 starting training with private data... 
model 7 done private training. 

model 8 starting alignment with public logits... 
model 8 done alignment
model 8 starting training with private data... 
model 8 done private training. 

model 9 starting alignment with public logits... 
model 9 done alignment
model 9 starting training with private data... 
model 9 done private training. 

round  2
update logits ... 
cosdist:
[[1, 0.9974157913031415, 0.996687850843808, 0.9975303506284202, 0.9980613440856295, 0.9920108973654505, 0.9935598692193988, 0.9935871757196842, 0.993550741321368, 0.9934433568813187], [0.9974157913031415, 1, 0.9971858157771644, 0.9972586731732025, 0.9974440059929836, 0.9929191664162892, 0.9934843014218, 0.9938509801920397, 0.993280441238795, 0.9941794859729524], [0.996687850843808, 0.9971858157771644, 1, 0.9981577329145729, 0.9982527807813201, 0.991748476249523, 0.9922067519037508, 0.9925800809828805, 0.9923755089056916, 0.993710471780774], [0.9975303506284202, 0.9972586731732025, 0.9981577329145729, 1, 0.9985187636029346, 0.9945017280096984, 0.9935798556196687, 0.994157124974844, 0.9944494871333678, 0.9940372560755885], [0.9980613440856295, 0.9974440059929836, 0.9982527807813201, 0.9985187636029346, 1, 0.9929049748070502, 0.9933762681171537, 0.9932872226171107, 0.994190903438181, 0.9941768514486429], [0.9920108973654505, 0.9929191664162892, 0.991748476249523, 0.9945017280096984, 0.9929049748070502, 1, 0.9967503645638282, 0.9976599276399835, 0.9969129695256279, 0.9970528167653825], [0.9935598692193988, 0.9934843014218, 0.9922067519037508, 0.9935798556196687, 0.9933762681171537, 0.9967503645638282, 1, 0.9980318910607142, 0.9972602566005835, 0.9980466611994151], [0.9935871757196842, 0.9938509801920397, 0.9925800809828805, 0.994157124974844, 0.9932872226171107, 0.9976599276399835, 0.9980318910607142, 1, 0.9970266102693248, 0.9975779941581387], [0.993550741321368, 0.993280441238795, 0.9923755089056916, 0.9944494871333678, 0.994190903438181, 0.9969129695256279, 0.9972602566005835, 0.9970266102693248, 1, 0.9973994603289918], [0.9934433568813187, 0.9941794859729524, 0.993710471780774, 0.9940372560755885, 0.9941768514486429, 0.9970528167653825, 0.9980466611994151, 0.9975779941581387, 0.9973994603289918, 1]]
thresholdtopk: [0.9935871757196842, 0.9941794859729524, 0.993710471780774, 0.9945017280096984, 0.994190903438181, 0.9945017280096984, 0.9935798556196687, 0.994157124974844, 0.9944494871333678, 0.9941794859729524]
index,index2,cosdist[index][index2],thresholdtopk[index]: 0 0 1 0.9935871757196842
model_id_of_model0_used: 0
index,index2,cosdist[index][index2],thresholdtopk[index]: 0 1 0.9974157913031415 0.9935871757196842
model_id_of_model0_used: 1
index,index2,cosdist[index][index2],thresholdtopk[index]: 0 2 0.996687850843808 0.9935871757196842
model_id_of_model0_used: 2
index,index2,cosdist[index][index2],thresholdtopk[index]: 0 3 0.9975303506284202 0.9935871757196842
model_id_of_model0_used: 3
index,index2,cosdist[index][index2],thresholdtopk[index]: 0 4 0.9980613440856295 0.9935871757196842
model_id_of_model0_used: 4
model_num of model 0 used
-- 5 --
index,index2,cosdist[index][index2],thresholdtopk[index]: 1 0 0.9974157913031415 0.9941794859729524
model_id_of_model1_used: 0
index,index2,cosdist[index][index2],thresholdtopk[index]: 1 1 1 0.9941794859729524
model_id_of_model1_used: 1
index,index2,cosdist[index][index2],thresholdtopk[index]: 1 2 0.9971858157771644 0.9941794859729524
model_id_of_model1_used: 2
index,index2,cosdist[index][index2],thresholdtopk[index]: 1 3 0.9972586731732025 0.9941794859729524
model_id_of_model1_used: 3
index,index2,cosdist[index][index2],thresholdtopk[index]: 1 4 0.9974440059929836 0.9941794859729524
model_id_of_model1_used: 4
model_num of model 1 used
-- 5 --
index,index2,cosdist[index][index2],thresholdtopk[index]: 2 0 0.996687850843808 0.993710471780774
model_id_of_model2_used: 0
index,index2,cosdist[index][index2],thresholdtopk[index]: 2 1 0.9971858157771644 0.993710471780774
model_id_of_model2_used: 1
index,index2,cosdist[index][index2],thresholdtopk[index]: 2 2 1 0.993710471780774
model_id_of_model2_used: 2
index,index2,cosdist[index][index2],thresholdtopk[index]: 2 3 0.9981577329145729 0.993710471780774
model_id_of_model2_used: 3
index,index2,cosdist[index][index2],thresholdtopk[index]: 2 4 0.9982527807813201 0.993710471780774
model_id_of_model2_used: 4
model_num of model 2 used
-- 5 --
index,index2,cosdist[index][index2],thresholdtopk[index]: 3 0 0.9975303506284202 0.9945017280096984
model_id_of_model3_used: 0
index,index2,cosdist[index][index2],thresholdtopk[index]: 3 1 0.9972586731732025 0.9945017280096984
model_id_of_model3_used: 1
index,index2,cosdist[index][index2],thresholdtopk[index]: 3 2 0.9981577329145729 0.9945017280096984
model_id_of_model3_used: 2
index,index2,cosdist[index][index2],thresholdtopk[index]: 3 3 1 0.9945017280096984
model_id_of_model3_used: 3
index,index2,cosdist[index][index2],thresholdtopk[index]: 3 4 0.9985187636029346 0.9945017280096984
model_id_of_model3_used: 4
model_num of model 3 used
-- 5 --
index,index2,cosdist[index][index2],thresholdtopk[index]: 4 0 0.9980613440856295 0.994190903438181
model_id_of_model4_used: 0
index,index2,cosdist[index][index2],thresholdtopk[index]: 4 1 0.9974440059929836 0.994190903438181
model_id_of_model4_used: 1
index,index2,cosdist[index][index2],thresholdtopk[index]: 4 2 0.9982527807813201 0.994190903438181
model_id_of_model4_used: 2
index,index2,cosdist[index][index2],thresholdtopk[index]: 4 3 0.9985187636029346 0.994190903438181
model_id_of_model4_used: 3
index,index2,cosdist[index][index2],thresholdtopk[index]: 4 4 1 0.994190903438181
model_id_of_model4_used: 4
model_num of model 4 used
-- 5 --
index,index2,cosdist[index][index2],thresholdtopk[index]: 5 5 1 0.9945017280096984
model_id_of_model5_used: 5
index,index2,cosdist[index][index2],thresholdtopk[index]: 5 6 0.9967503645638282 0.9945017280096984
model_id_of_model5_used: 6
index,index2,cosdist[index][index2],thresholdtopk[index]: 5 7 0.9976599276399835 0.9945017280096984
model_id_of_model5_used: 7
index,index2,cosdist[index][index2],thresholdtopk[index]: 5 8 0.9969129695256279 0.9945017280096984
model_id_of_model5_used: 8
index,index2,cosdist[index][index2],thresholdtopk[index]: 5 9 0.9970528167653825 0.9945017280096984
model_id_of_model5_used: 9
model_num of model 5 used
-- 5 --
index,index2,cosdist[index][index2],thresholdtopk[index]: 6 5 0.9967503645638282 0.9935798556196687
model_id_of_model6_used: 5
index,index2,cosdist[index][index2],thresholdtopk[index]: 6 6 1 0.9935798556196687
model_id_of_model6_used: 6
index,index2,cosdist[index][index2],thresholdtopk[index]: 6 7 0.9980318910607142 0.9935798556196687
model_id_of_model6_used: 7
index,index2,cosdist[index][index2],thresholdtopk[index]: 6 8 0.9972602566005835 0.9935798556196687
model_id_of_model6_used: 8
index,index2,cosdist[index][index2],thresholdtopk[index]: 6 9 0.9980466611994151 0.9935798556196687
model_id_of_model6_used: 9
model_num of model 6 used
-- 5 --
index,index2,cosdist[index][index2],thresholdtopk[index]: 7 5 0.9976599276399835 0.994157124974844
model_id_of_model7_used: 5
index,index2,cosdist[index][index2],thresholdtopk[index]: 7 6 0.9980318910607142 0.994157124974844
model_id_of_model7_used: 6
index,index2,cosdist[index][index2],thresholdtopk[index]: 7 7 1 0.994157124974844
model_id_of_model7_used: 7
index,index2,cosdist[index][index2],thresholdtopk[index]: 7 8 0.9970266102693248 0.994157124974844
model_id_of_model7_used: 8
index,index2,cosdist[index][index2],thresholdtopk[index]: 7 9 0.9975779941581387 0.994157124974844
model_id_of_model7_used: 9
model_num of model 7 used
-- 5 --
index,index2,cosdist[index][index2],thresholdtopk[index]: 8 5 0.9969129695256279 0.9944494871333678
model_id_of_model8_used: 5
index,index2,cosdist[index][index2],thresholdtopk[index]: 8 6 0.9972602566005835 0.9944494871333678
model_id_of_model8_used: 6
index,index2,cosdist[index][index2],thresholdtopk[index]: 8 7 0.9970266102693248 0.9944494871333678
model_id_of_model8_used: 7
index,index2,cosdist[index][index2],thresholdtopk[index]: 8 8 1 0.9944494871333678
model_id_of_model8_used: 8
index,index2,cosdist[index][index2],thresholdtopk[index]: 8 9 0.9973994603289918 0.9944494871333678
model_id_of_model8_used: 9
model_num of model 8 used
-- 5 --
index,index2,cosdist[index][index2],thresholdtopk[index]: 9 5 0.9970528167653825 0.9941794859729524
model_id_of_model9_used: 5
index,index2,cosdist[index][index2],thresholdtopk[index]: 9 6 0.9980466611994151 0.9941794859729524
model_id_of_model9_used: 6
index,index2,cosdist[index][index2],thresholdtopk[index]: 9 7 0.9975779941581387 0.9941794859729524
model_id_of_model9_used: 7
index,index2,cosdist[index][index2],thresholdtopk[index]: 9 8 0.9973994603289918 0.9941794859729524
model_id_of_model9_used: 8
index,index2,cosdist[index][index2],thresholdtopk[index]: 9 9 1 0.9941794859729524
model_id_of_model9_used: 9
model_num of model 9 used
-- 5 --
test performance ... 
model 0 use private_data_1 test
0.8699024826922315
model 1 use private_data_1 test
0.8396498231177635
model 2 use private_data_1 test
0.9380540784369124
model 3 use private_data_1 test
0.9080230498567541
model 4 use private_data_1 test
0.8977171987929242
model 5 use private_data_2 test
0.8857491136865413
model 6 use private_data_2 test
0.8004210997135082
model 7 use private_data_2 test
0.9322916668780307
model 8 use private_data_2 test
0.8204787234042553
model 9 use private_data_2 test
0.930075355032657
updates models ...
model 0 starting alignment with public logits... 
model 0 done alignment
model 0 starting training with private data... 
model 0 done private training. 

model 1 starting alignment with public logits... 
model 1 done alignment
model 1 starting training with private data... 
model 1 done private training. 

model 2 starting alignment with public logits... 
model 2 done alignment
model 2 starting training with private data... 
model 2 done private training. 

model 3 starting alignment with public logits... 
model 3 done alignment
model 3 starting training with private data... 
model 3 done private training. 

model 4 starting alignment with public logits... 
model 4 done alignment
model 4 starting training with private data... 
model 4 done private training. 

model 5 starting alignment with public logits... 
model 5 done alignment
model 5 starting training with private data... 
model 5 done private training. 

model 6 starting alignment with public logits... 
model 6 done alignment
model 6 starting training with private data... 
model 6 done private training. 

model 7 starting alignment with public logits... 
model 7 done alignment
model 7 starting training with private data... 
model 7 done private training. 

model 8 starting alignment with public logits... 
model 8 done alignment
model 8 starting training with private data... 
model 8 done private training. 

model 9 starting alignment with public logits... 
model 9 done alignment
model 9 starting training with private data... 
model 9 done private training. 

round  3
update logits ... 
cosdist:
[[1, 0.9992262796797948, 0.9976056427923569, 0.999037441340406, 0.9988417857415257, 0.9962738946958901, 0.9955193691280602, 0.9944901666856201, 0.9967991978555318, 0.9963569222139357], [0.9992262796797948, 1, 0.9987084312269706, 0.9993049237063281, 0.9990096661849501, 0.9962357274916767, 0.9950330072920961, 0.9942665076988816, 0.9965713840371868, 0.9963917381565657], [0.9976056427923569, 0.9987084312269706, 1, 0.9985847935029722, 0.9982757704547679, 0.9942602505422744, 0.9923799622577728, 0.9915503812267018, 0.9948242001023508, 0.9948342515374227], [0.999037441340406, 0.9993049237063281, 0.9985847935029722, 1, 0.9991923919537566, 0.9961965579001215, 0.9952642590742148, 0.9942864356904481, 0.9968299341668373, 0.9967283386547355], [0.9988417857415257, 0.9990096661849501, 0.9982757704547679, 0.9991923919537566, 1, 0.9951301756491895, 0.9943591589817097, 0.9930946436847374, 0.9960721989001119, 0.9955639494576838], [0.9962738946958901, 0.9962357274916767, 0.9942602505422744, 0.9961965579001215, 0.9951301756491895, 1, 0.9982088038026894, 0.9986810079068837, 0.9985572812840151, 0.9989589230749202], [0.9955193691280602, 0.9950330072920961, 0.9923799622577728, 0.9952642590742148, 0.9943591589817097, 0.9982088038026894, 1, 0.9987481216495347, 0.9980910737971408, 0.9986915241228492], [0.9944901666856201, 0.9942665076988816, 0.9915503812267018, 0.9942864356904481, 0.9930946436847374, 0.9986810079068837, 0.9987481216495347, 1, 0.9978922460682375, 0.9985871725234154], [0.9967991978555318, 0.9965713840371868, 0.9948242001023508, 0.9968299341668373, 0.9960721989001119, 0.9985572812840151, 0.9980910737971408, 0.9978922460682375, 1, 0.9990091001741489], [0.9963569222139357, 0.9963917381565657, 0.9948342515374227, 0.9967283386547355, 0.9955639494576838, 0.9989589230749202, 0.9986915241228492, 0.9985871725234154, 0.9990091001741489, 1]]
thresholdtopk: [0.9967991978555318, 0.9965713840371868, 0.9948342515374227, 0.9968299341668373, 0.9960721989001119, 0.9962738946958901, 0.9955193691280602, 0.9944901666856201, 0.9968299341668373, 0.9967283386547355]
index,index2,cosdist[index][index2],thresholdtopk[index]: 0 0 1 0.9967991978555318
model_id_of_model0_used: 0
index,index2,cosdist[index][index2],thresholdtopk[index]: 0 1 0.9992262796797948 0.9967991978555318
model_id_of_model0_used: 1
index,index2,cosdist[index][index2],thresholdtopk[index]: 0 2 0.9976056427923569 0.9967991978555318
model_id_of_model0_used: 2
index,index2,cosdist[index][index2],thresholdtopk[index]: 0 3 0.999037441340406 0.9967991978555318
model_id_of_model0_used: 3
index,index2,cosdist[index][index2],thresholdtopk[index]: 0 4 0.9988417857415257 0.9967991978555318
model_id_of_model0_used: 4
model_num of model 0 used
-- 5 --
index,index2,cosdist[index][index2],thresholdtopk[index]: 1 0 0.9992262796797948 0.9965713840371868
model_id_of_model1_used: 0
index,index2,cosdist[index][index2],thresholdtopk[index]: 1 1 1 0.9965713840371868
model_id_of_model1_used: 1
index,index2,cosdist[index][index2],thresholdtopk[index]: 1 2 0.9987084312269706 0.9965713840371868
model_id_of_model1_used: 2
index,index2,cosdist[index][index2],thresholdtopk[index]: 1 3 0.9993049237063281 0.9965713840371868
model_id_of_model1_used: 3
index,index2,cosdist[index][index2],thresholdtopk[index]: 1 4 0.9990096661849501 0.9965713840371868
model_id_of_model1_used: 4
model_num of model 1 used
-- 5 --
index,index2,cosdist[index][index2],thresholdtopk[index]: 2 0 0.9976056427923569 0.9948342515374227
model_id_of_model2_used: 0
index,index2,cosdist[index][index2],thresholdtopk[index]: 2 1 0.9987084312269706 0.9948342515374227
model_id_of_model2_used: 1
index,index2,cosdist[index][index2],thresholdtopk[index]: 2 2 1 0.9948342515374227
model_id_of_model2_used: 2
index,index2,cosdist[index][index2],thresholdtopk[index]: 2 3 0.9985847935029722 0.9948342515374227
model_id_of_model2_used: 3
index,index2,cosdist[index][index2],thresholdtopk[index]: 2 4 0.9982757704547679 0.9948342515374227
model_id_of_model2_used: 4
model_num of model 2 used
-- 5 --
index,index2,cosdist[index][index2],thresholdtopk[index]: 3 0 0.999037441340406 0.9968299341668373
model_id_of_model3_used: 0
index,index2,cosdist[index][index2],thresholdtopk[index]: 3 1 0.9993049237063281 0.9968299341668373
model_id_of_model3_used: 1
index,index2,cosdist[index][index2],thresholdtopk[index]: 3 2 0.9985847935029722 0.9968299341668373
model_id_of_model3_used: 2
index,index2,cosdist[index][index2],thresholdtopk[index]: 3 3 1 0.9968299341668373
model_id_of_model3_used: 3
index,index2,cosdist[index][index2],thresholdtopk[index]: 3 4 0.9991923919537566 0.9968299341668373
model_id_of_model3_used: 4
model_num of model 3 used
-- 5 --
index,index2,cosdist[index][index2],thresholdtopk[index]: 4 0 0.9988417857415257 0.9960721989001119
model_id_of_model4_used: 0
index,index2,cosdist[index][index2],thresholdtopk[index]: 4 1 0.9990096661849501 0.9960721989001119
model_id_of_model4_used: 1
index,index2,cosdist[index][index2],thresholdtopk[index]: 4 2 0.9982757704547679 0.9960721989001119
model_id_of_model4_used: 2
index,index2,cosdist[index][index2],thresholdtopk[index]: 4 3 0.9991923919537566 0.9960721989001119
model_id_of_model4_used: 3
index,index2,cosdist[index][index2],thresholdtopk[index]: 4 4 1 0.9960721989001119
model_id_of_model4_used: 4
model_num of model 4 used
-- 5 --
index,index2,cosdist[index][index2],thresholdtopk[index]: 5 5 1 0.9962738946958901
model_id_of_model5_used: 5
index,index2,cosdist[index][index2],thresholdtopk[index]: 5 6 0.9982088038026894 0.9962738946958901
model_id_of_model5_used: 6
index,index2,cosdist[index][index2],thresholdtopk[index]: 5 7 0.9986810079068837 0.9962738946958901
model_id_of_model5_used: 7
index,index2,cosdist[index][index2],thresholdtopk[index]: 5 8 0.9985572812840151 0.9962738946958901
model_id_of_model5_used: 8
index,index2,cosdist[index][index2],thresholdtopk[index]: 5 9 0.9989589230749202 0.9962738946958901
model_id_of_model5_used: 9
model_num of model 5 used
-- 5 --
index,index2,cosdist[index][index2],thresholdtopk[index]: 6 5 0.9982088038026894 0.9955193691280602
model_id_of_model6_used: 5
index,index2,cosdist[index][index2],thresholdtopk[index]: 6 6 1 0.9955193691280602
model_id_of_model6_used: 6
index,index2,cosdist[index][index2],thresholdtopk[index]: 6 7 0.9987481216495347 0.9955193691280602
model_id_of_model6_used: 7
