Namespace(conf='../conf/EMNIST_balance_conf.json', dataset='mnist', gpu=1.0, iid=True, use_pretrained_model=False)
X shape : (36000, 28, 28)
y shape : (36000,)
X shape : (6000, 28, 28)
y shape : (6000,)
15    6000
14    6000
13    6000
12    6000
11    6000
10    6000
dtype: int64
mod_private_class1: [10 11 12]
mod_private_class2: [13 14 15]
============================================================
============================================================
============================================================
X shape : (3000, 28, 28)
y shape : (3000,)
X shape : (3000, 28, 28)
y shape : (3000,)
model 0 : CNN_128_256
model 1 : CNN_128_384
model 2 : CNN_128_512
model 3 : CNN_256_256
model 4 : CNN_256_512
model 5 : CNN_64_128_256
model 6 : CNN_64_128_192
model 7 : CNN_128_192_256
model 8 : CNN_128_128_128
model 9 : CNN_128_128_192
Training model  0
Training model  1
Training model  2
Training model  3
Training model  4
Training model  5
Training model  6
Training model  7
Training model  8
Training model  9
pre-train accuracy: 
[0.9881329113924051, 0.9859572784810127, 0.9862539556962026, 0.9882318037974683, 0.9835838607594937, 0.9924841772151899, 0.991495253164557, 0.9884295886075949, 0.9908030063291139, 0.9920886075949367]
publice_dataset[y]: [5 0 4 ... 5 6 8]
calculate the theoretical upper bounds for participants: 
the upper bounds are: [0.0, 0.0, 0.0, 0.0, 0.0, 0.0, 0.0, 0.0, 0.0, 0.0]
start model initialization: 
finish model initialization: 
round  0
update logits ... 
cosdist:
[[1, 0.9912245549086202, 0.9904438090832162, 0.9919025017871969, 0.9844969767903403, 0.7886988302136947, 0.7656368440891291, 0.7895390953377135, 0.7542476719177715, 0.778651281059338], [0.9912245549086202, 1, 0.991948002417526, 0.9938344455085357, 0.9825507832990117, 0.7523244094429411, 0.7311775025216275, 0.7617783945823274, 0.7206734010039472, 0.7408451041991533], [0.9904438090832162, 0.991948002417526, 1, 0.9895065993162399, 0.985959594259184, 0.7535505236168996, 0.7259980842266661, 0.7590953687625605, 0.7168034345791706, 0.741640871449651], [0.9919025017871969, 0.9938344455085357, 0.9895065993162399, 1, 0.9827259572115417, 0.7922195901184867, 0.7673233160878672, 0.7922032925583112, 0.7576146957206569, 0.7804080243108713], [0.9844969767903403, 0.9825507832990117, 0.985959594259184, 0.9827259572115417, 1, 0.7478613550913147, 0.7088441763244011, 0.7326392092096874, 0.6971041506321894, 0.7356206082552061], [0.7886988302136947, 0.7523244094429411, 0.7535505236168996, 0.7922195901184867, 0.7478613550913147, 1, 0.9655899925103705, 0.9623444051415522, 0.9660400810600194, 0.981200476634763], [0.7656368440891291, 0.7311775025216275, 0.7259980842266661, 0.7673233160878672, 0.7088441763244011, 0.9655899925103705, 1, 0.9753268719589513, 0.9856667641166738, 0.9643241428806326], [0.7895390953377135, 0.7617783945823274, 0.7590953687625605, 0.7922032925583112, 0.7326392092096874, 0.9623444051415522, 0.9753268719589513, 1, 0.9854112502147544, 0.9601958184890703], [0.7542476719177715, 0.7206734010039472, 0.7168034345791706, 0.7576146957206569, 0.6971041506321894, 0.9660400810600194, 0.9856667641166738, 0.9854112502147544, 1, 0.9672614725165364], [0.778651281059338, 0.7408451041991533, 0.741640871449651, 0.7804080243108713, 0.7356206082552061, 0.981200476634763, 0.9643241428806326, 0.9601958184890703, 0.9672614725165364, 1]]
thresholdtopk: [[0.7542476719177715, 0.7656368440891291, 0.778651281059338, 0.7886988302136947, 0.7895390953377135, 0.9844969767903403, 0.9904438090832162, 0.9912245549086202, 0.9919025017871969, 1], [0.7206734010039472, 0.7311775025216275, 0.7408451041991533, 0.7523244094429411, 0.7617783945823274, 0.9825507832990117, 0.9912245549086202, 0.991948002417526, 0.9938344455085357, 1], [0.7168034345791706, 0.7259980842266661, 0.741640871449651, 0.7535505236168996, 0.7590953687625605, 0.985959594259184, 0.9895065993162399, 0.9904438090832162, 0.991948002417526, 1], [0.7576146957206569, 0.7673233160878672, 0.7804080243108713, 0.7922032925583112, 0.7922195901184867, 0.9827259572115417, 0.9895065993162399, 0.9919025017871969, 0.9938344455085357, 1], [0.6971041506321894, 0.7088441763244011, 0.7326392092096874, 0.7356206082552061, 0.7478613550913147, 0.9825507832990117, 0.9827259572115417, 0.9844969767903403, 0.985959594259184, 1], [0.7478613550913147, 0.7523244094429411, 0.7535505236168996, 0.7886988302136947, 0.7922195901184867, 0.9623444051415522, 0.9655899925103705, 0.9660400810600194, 0.981200476634763, 1], [0.7088441763244011, 0.7259980842266661, 0.7311775025216275, 0.7656368440891291, 0.7673233160878672, 0.9643241428806326, 0.9655899925103705, 0.9753268719589513, 0.9856667641166738, 1], [0.7326392092096874, 0.7590953687625605, 0.7617783945823274, 0.7895390953377135, 0.7922032925583112, 0.9601958184890703, 0.9623444051415522, 0.9753268719589513, 0.9854112502147544, 1], [0.6971041506321894, 0.7168034345791706, 0.7206734010039472, 0.7542476719177715, 0.7576146957206569, 0.9660400810600194, 0.9672614725165364, 0.9854112502147544, 0.9856667641166738, 1], [0.7356206082552061, 0.7408451041991533, 0.741640871449651, 0.778651281059338, 0.7804080243108713, 0.9601958184890703, 0.9643241428806326, 0.9672614725165364, 0.981200476634763, 1]]
index,index2,cosdist[index][index2],deepcopy_cosdist[index][0]: 0 0 1 0.7542476719177715
model_id_of_model0_used: 0
index,index2,cosdist[index][index2],deepcopy_cosdist[index][0]: 0 1 0.9912245549086202 0.7542476719177715
model_id_of_model0_used: 1
index,index2,cosdist[index][index2],deepcopy_cosdist[index][0]: 0 2 0.9904438090832162 0.7542476719177715
model_id_of_model0_used: 2
index,index2,cosdist[index][index2],deepcopy_cosdist[index][0]: 0 3 0.9919025017871969 0.7542476719177715
model_id_of_model0_used: 3
index,index2,cosdist[index][index2],deepcopy_cosdist[index][0]: 0 4 0.9844969767903403 0.7542476719177715
model_id_of_model0_used: 4
index,index2,cosdist[index][index2],deepcopy_cosdist[index][0]: 0 5 0.7886988302136947 0.7542476719177715
model_id_of_model0_used: 5
index,index2,cosdist[index][index2],deepcopy_cosdist[index][0]: 0 6 0.7656368440891291 0.7542476719177715
model_id_of_model0_used: 6
index,index2,cosdist[index][index2],deepcopy_cosdist[index][0]: 0 7 0.7895390953377135 0.7542476719177715
model_id_of_model0_used: 7
index,index2,cosdist[index][index2],deepcopy_cosdist[index][0]: 0 9 0.778651281059338 0.7542476719177715
model_id_of_model0_used: 9
model_num of model 0 used
-- 9 --
min_max_sun of model 0 used: 1.2923648460093051
index,index2,cosdist[index][index2],deepcopy_cosdist[index][0]: 1 0 0.9912245549086202 0.7206734010039472
model_id_of_model1_used: 0
index,index2,cosdist[index][index2],deepcopy_cosdist[index][0]: 1 1 1 0.7206734010039472
model_id_of_model1_used: 1
index,index2,cosdist[index][index2],deepcopy_cosdist[index][0]: 1 2 0.991948002417526 0.7206734010039472
model_id_of_model1_used: 2
index,index2,cosdist[index][index2],deepcopy_cosdist[index][0]: 1 3 0.9938344455085357 0.7206734010039472
model_id_of_model1_used: 3
index,index2,cosdist[index][index2],deepcopy_cosdist[index][0]: 1 4 0.9825507832990117 0.7206734010039472
model_id_of_model1_used: 4
index,index2,cosdist[index][index2],deepcopy_cosdist[index][0]: 1 5 0.7523244094429411 0.7206734010039472
model_id_of_model1_used: 5
index,index2,cosdist[index][index2],deepcopy_cosdist[index][0]: 1 6 0.7311775025216275 0.7206734010039472
model_id_of_model1_used: 6
index,index2,cosdist[index][index2],deepcopy_cosdist[index][0]: 1 7 0.7617783945823274 0.7206734010039472
model_id_of_model1_used: 7
index,index2,cosdist[index][index2],deepcopy_cosdist[index][0]: 1 9 0.7408451041991533 0.7206734010039472
model_id_of_model1_used: 9
model_num of model 1 used
-- 9 --
min_max_sun of model 1 used: 1.4596225878442186
index,index2,cosdist[index][index2],deepcopy_cosdist[index][0]: 2 0 0.9904438090832162 0.7168034345791706
model_id_of_model2_used: 0
index,index2,cosdist[index][index2],deepcopy_cosdist[index][0]: 2 1 0.991948002417526 0.7168034345791706
model_id_of_model2_used: 1
index,index2,cosdist[index][index2],deepcopy_cosdist[index][0]: 2 2 1 0.7168034345791706
model_id_of_model2_used: 2
index,index2,cosdist[index][index2],deepcopy_cosdist[index][0]: 2 3 0.9895065993162399 0.7168034345791706
model_id_of_model2_used: 3
index,index2,cosdist[index][index2],deepcopy_cosdist[index][0]: 2 4 0.985959594259184 0.7168034345791706
model_id_of_model2_used: 4
index,index2,cosdist[index][index2],deepcopy_cosdist[index][0]: 2 5 0.7535505236168996 0.7168034345791706
model_id_of_model2_used: 5
index,index2,cosdist[index][index2],deepcopy_cosdist[index][0]: 2 6 0.7259980842266661 0.7168034345791706
model_id_of_model2_used: 6
index,index2,cosdist[index][index2],deepcopy_cosdist[index][0]: 2 7 0.7590953687625605 0.7168034345791706
model_id_of_model2_used: 7
index,index2,cosdist[index][index2],deepcopy_cosdist[index][0]: 2 9 0.741640871449651 0.7168034345791706
model_id_of_model2_used: 9
model_num of model 2 used
-- 9 --
min_max_sun of model 2 used: 1.4869119419194075
index,index2,cosdist[index][index2],deepcopy_cosdist[index][0]: 3 0 0.9919025017871969 0.7576146957206569
model_id_of_model3_used: 0
index,index2,cosdist[index][index2],deepcopy_cosdist[index][0]: 3 1 0.9938344455085357 0.7576146957206569
model_id_of_model3_used: 1
index,index2,cosdist[index][index2],deepcopy_cosdist[index][0]: 3 2 0.9895065993162399 0.7576146957206569
model_id_of_model3_used: 2
index,index2,cosdist[index][index2],deepcopy_cosdist[index][0]: 3 3 1 0.7576146957206569
model_id_of_model3_used: 3
index,index2,cosdist[index][index2],deepcopy_cosdist[index][0]: 3 4 0.9827259572115417 0.7576146957206569
model_id_of_model3_used: 4
index,index2,cosdist[index][index2],deepcopy_cosdist[index][0]: 3 5 0.7922195901184867 0.7576146957206569
model_id_of_model3_used: 5
index,index2,cosdist[index][index2],deepcopy_cosdist[index][0]: 3 6 0.7673233160878672 0.7576146957206569
model_id_of_model3_used: 6
index,index2,cosdist[index][index2],deepcopy_cosdist[index][0]: 3 7 0.7922032925583112 0.7576146957206569
model_id_of_model3_used: 7
index,index2,cosdist[index][index2],deepcopy_cosdist[index][0]: 3 9 0.7804080243108713 0.7576146957206569
model_id_of_model3_used: 9
model_num of model 3 used
-- 9 --
min_max_sun of model 3 used: 1.2715914654131388
index,index2,cosdist[index][index2],deepcopy_cosdist[index][0]: 4 0 0.9844969767903403 0.6971041506321894
model_id_of_model4_used: 0
index,index2,cosdist[index][index2],deepcopy_cosdist[index][0]: 4 1 0.9825507832990117 0.6971041506321894
model_id_of_model4_used: 1
index,index2,cosdist[index][index2],deepcopy_cosdist[index][0]: 4 2 0.985959594259184 0.6971041506321894
model_id_of_model4_used: 2
index,index2,cosdist[index][index2],deepcopy_cosdist[index][0]: 4 3 0.9827259572115417 0.6971041506321894
model_id_of_model4_used: 3
index,index2,cosdist[index][index2],deepcopy_cosdist[index][0]: 4 4 1 0.6971041506321894
model_id_of_model4_used: 4
index,index2,cosdist[index][index2],deepcopy_cosdist[index][0]: 4 5 0.7478613550913147 0.6971041506321894
model_id_of_model4_used: 5
index,index2,cosdist[index][index2],deepcopy_cosdist[index][0]: 4 6 0.7088441763244011 0.6971041506321894
model_id_of_model4_used: 6
index,index2,cosdist[index][index2],deepcopy_cosdist[index][0]: 4 7 0.7326392092096874 0.6971041506321894
model_id_of_model4_used: 7
index,index2,cosdist[index][index2],deepcopy_cosdist[index][0]: 4 9 0.7356206082552061 0.6971041506321894
model_id_of_model4_used: 9
model_num of model 4 used
-- 9 --
min_max_sun of model 4 used: 1.5867613047509819
index,index2,cosdist[index][index2],deepcopy_cosdist[index][0]: 5 0 0.7886988302136947 0.7478613550913147
model_id_of_model5_used: 0
index,index2,cosdist[index][index2],deepcopy_cosdist[index][0]: 5 1 0.7523244094429411 0.7478613550913147
model_id_of_model5_used: 1
index,index2,cosdist[index][index2],deepcopy_cosdist[index][0]: 5 2 0.7535505236168996 0.7478613550913147
model_id_of_model5_used: 2
index,index2,cosdist[index][index2],deepcopy_cosdist[index][0]: 5 3 0.7922195901184867 0.7478613550913147
model_id_of_model5_used: 3
index,index2,cosdist[index][index2],deepcopy_cosdist[index][0]: 5 5 1 0.7478613550913147
model_id_of_model5_used: 5
index,index2,cosdist[index][index2],deepcopy_cosdist[index][0]: 5 6 0.9655899925103705 0.7478613550913147
model_id_of_model5_used: 6
index,index2,cosdist[index][index2],deepcopy_cosdist[index][0]: 5 7 0.9623444051415522 0.7478613550913147
model_id_of_model5_used: 7
index,index2,cosdist[index][index2],deepcopy_cosdist[index][0]: 5 8 0.9660400810600194 0.7478613550913147
model_id_of_model5_used: 8
index,index2,cosdist[index][index2],deepcopy_cosdist[index][0]: 5 9 0.981200476634763 0.7478613550913147
model_id_of_model5_used: 9
model_num of model 5 used
-- 9 --
min_max_sun of model 5 used: 1.2312161129168948
index,index2,cosdist[index][index2],deepcopy_cosdist[index][0]: 6 0 0.7656368440891291 0.7088441763244011
model_id_of_model6_used: 0
index,index2,cosdist[index][index2],deepcopy_cosdist[index][0]: 6 1 0.7311775025216275 0.7088441763244011
model_id_of_model6_used: 1
index,index2,cosdist[index][index2],deepcopy_cosdist[index][0]: 6 2 0.7259980842266661 0.7088441763244011
model_id_of_model6_used: 2
index,index2,cosdist[index][index2],deepcopy_cosdist[index][0]: 6 3 0.7673233160878672 0.7088441763244011
model_id_of_model6_used: 3
index,index2,cosdist[index][index2],deepcopy_cosdist[index][0]: 6 5 0.9655899925103705 0.7088441763244011
model_id_of_model6_used: 5
index,index2,cosdist[index][index2],deepcopy_cosdist[index][0]: 6 6 1 0.7088441763244011
model_id_of_model6_used: 6
index,index2,cosdist[index][index2],deepcopy_cosdist[index][0]: 6 7 0.9753268719589513 0.7088441763244011
model_id_of_model6_used: 7
index,index2,cosdist[index][index2],deepcopy_cosdist[index][0]: 6 8 0.9856667641166738 0.7088441763244011
model_id_of_model6_used: 8
index,index2,cosdist[index][index2],deepcopy_cosdist[index][0]: 6 9 0.9643241428806326 0.7088441763244011
model_id_of_model6_used: 9
model_num of model 6 used
-- 9 --
min_max_sun of model 6 used: 1.501445931472308
index,index2,cosdist[index][index2],deepcopy_cosdist[index][0]: 7 0 0.7895390953377135 0.7326392092096874
model_id_of_model7_used: 0
index,index2,cosdist[index][index2],deepcopy_cosdist[index][0]: 7 1 0.7617783945823274 0.7326392092096874
model_id_of_model7_used: 1
index,index2,cosdist[index][index2],deepcopy_cosdist[index][0]: 7 2 0.7590953687625605 0.7326392092096874
model_id_of_model7_used: 2
index,index2,cosdist[index][index2],deepcopy_cosdist[index][0]: 7 3 0.7922032925583112 0.7326392092096874
model_id_of_model7_used: 3
index,index2,cosdist[index][index2],deepcopy_cosdist[index][0]: 7 5 0.9623444051415522 0.7326392092096874
model_id_of_model7_used: 5
index,index2,cosdist[index][index2],deepcopy_cosdist[index][0]: 7 6 0.9753268719589513 0.7326392092096874
model_id_of_model7_used: 6
index,index2,cosdist[index][index2],deepcopy_cosdist[index][0]: 7 7 1 0.7326392092096874
model_id_of_model7_used: 7
index,index2,cosdist[index][index2],deepcopy_cosdist[index][0]: 7 8 0.9854112502147544 0.7326392092096874
model_id_of_model7_used: 8
index,index2,cosdist[index][index2],deepcopy_cosdist[index][0]: 7 9 0.9601958184890703 0.7326392092096874
model_id_of_model7_used: 9
model_num of model 7 used
-- 9 --
min_max_sun of model 7 used: 1.3921416141580543
index,index2,cosdist[index][index2],deepcopy_cosdist[index][0]: 8 0 0.7542476719177715 0.6971041506321894
model_id_of_model8_used: 0
index,index2,cosdist[index][index2],deepcopy_cosdist[index][0]: 8 1 0.7206734010039472 0.6971041506321894
model_id_of_model8_used: 1
index,index2,cosdist[index][index2],deepcopy_cosdist[index][0]: 8 2 0.7168034345791706 0.6971041506321894
model_id_of_model8_used: 2
index,index2,cosdist[index][index2],deepcopy_cosdist[index][0]: 8 3 0.7576146957206569 0.6971041506321894
model_id_of_model8_used: 3
index,index2,cosdist[index][index2],deepcopy_cosdist[index][0]: 8 5 0.9660400810600194 0.6971041506321894
model_id_of_model8_used: 5
index,index2,cosdist[index][index2],deepcopy_cosdist[index][0]: 8 6 0.9856667641166738 0.6971041506321894
model_id_of_model8_used: 6
index,index2,cosdist[index][index2],deepcopy_cosdist[index][0]: 8 7 0.9854112502147544 0.6971041506321894
model_id_of_model8_used: 7
index,index2,cosdist[index][index2],deepcopy_cosdist[index][0]: 8 8 1 0.6971041506321894
model_id_of_model8_used: 8
index,index2,cosdist[index][index2],deepcopy_cosdist[index][0]: 8 9 0.9672614725165364 0.6971041506321894
model_id_of_model8_used: 9
model_num of model 8 used
-- 9 --
min_max_sun of model 8 used: 1.5797814154398253
index,index2,cosdist[index][index2],deepcopy_cosdist[index][0]: 9 0 0.778651281059338 0.7356206082552061
model_id_of_model9_used: 0
index,index2,cosdist[index][index2],deepcopy_cosdist[index][0]: 9 1 0.7408451041991533 0.7356206082552061
model_id_of_model9_used: 1
index,index2,cosdist[index][index2],deepcopy_cosdist[index][0]: 9 2 0.741640871449651 0.7356206082552061
model_id_of_model9_used: 2
index,index2,cosdist[index][index2],deepcopy_cosdist[index][0]: 9 3 0.7804080243108713 0.7356206082552061
model_id_of_model9_used: 3
index,index2,cosdist[index][index2],deepcopy_cosdist[index][0]: 9 5 0.981200476634763 0.7356206082552061
model_id_of_model9_used: 5
index,index2,cosdist[index][index2],deepcopy_cosdist[index][0]: 9 6 0.9643241428806326 0.7356206082552061
model_id_of_model9_used: 6
index,index2,cosdist[index][index2],deepcopy_cosdist[index][0]: 9 7 0.9601958184890703 0.7356206082552061
model_id_of_model9_used: 7
index,index2,cosdist[index][index2],deepcopy_cosdist[index][0]: 9 8 0.9672614725165364 0.7356206082552061
model_id_of_model9_used: 8
index,index2,cosdist[index][index2],deepcopy_cosdist[index][0]: 9 9 1 0.7356206082552061
model_id_of_model9_used: 9
model_num of model 9 used
-- 9 --
min_max_sun of model 9 used: 1.2939417172431606
test performance ... 
model 0 use private_data_1 test
0.8398714541120732
model 1 use private_data_1 test
0.8947251775163285
model 2 use private_data_1 test
0.8918439720539336
model 3 use private_data_1 test
0.9104609933305294
model 4 use private_data_1 test
0.8795434401390401
model 5 use private_data_2 test
0.7803634753886689
model 6 use private_data_2 test
0.7929964541120732
model 7 use private_data_2 test
0.86945922006952
model 8 use private_data_2 test
0.907136525245423
model 9 use private_data_2 test
0.68195922006952
updates models ...
model 0 starting alignment with public logits... 
model 0 done alignment
model 0 starting training with private data... 
model 0 done private training. 

model 1 starting alignment with public logits... 
model 1 done alignment
model 1 starting training with private data... 
model 1 done private training. 

model 2 starting alignment with public logits... 
model 2 done alignment
model 2 starting training with private data... 
model 2 done private training. 

model 3 starting alignment with public logits... 
model 3 done alignment
model 3 starting training with private data... 
model 3 done private training. 

model 4 starting alignment with public logits... 
model 4 done alignment
model 4 starting training with private data... 
model 4 done private training. 

model 5 starting alignment with public logits... 
model 5 done alignment
model 5 starting training with private data... 
model 5 done private training. 

model 6 starting alignment with public logits... 
model 6 done alignment
model 6 starting training with private data... 
model 6 done private training. 

model 7 starting alignment with public logits... 
model 7 done alignment
model 7 starting training with private data... 
model 7 done private training. 

model 8 starting alignment with public logits... 
model 8 done alignment
model 8 starting training with private data... 
model 8 done private training. 

model 9 starting alignment with public logits... 
model 9 done alignment
model 9 starting training with private data... 
model 9 done private training. 

round  1
update logits ... 
cosdist:
[[1, 0.9975891132102758, 0.9975024792947743, 0.9972299613769591, 0.9966735622676905, 0.840767008971129, 0.8535963524518172, 0.8684299999430641, 0.8509855623754652, 0.8442394034877072], [0.9975891132102758, 1, 0.9986648516919165, 0.9972222406273125, 0.997302794566721, 0.8449228879225901, 0.8565009767403895, 0.8720162120473375, 0.854591055261312, 0.8472542049901634], [0.9975024792947743, 0.9986648516919165, 1, 0.9976774746015273, 0.9982666894343312, 0.840814636025423, 0.8531404568337684, 0.868820415038781, 0.8507325490568285, 0.8432751312944221], [0.9972299613769591, 0.9972222406273125, 0.9976774746015273, 1, 0.99703538148564, 0.8425756442756921, 0.8569648149318604, 0.87131466569579, 0.8534719905271305, 0.8459334851958341], [0.9966735622676905, 0.997302794566721, 0.9982666894343312, 0.99703538148564, 1, 0.8387724662079074, 0.8525516328526229, 0.8672203824857627, 0.8493530369571152, 0.8418024065121709], [0.840767008971129, 0.8449228879225901, 0.840814636025423, 0.8425756442756921, 0.8387724662079074, 1, 0.9934155760133767, 0.9937716421221752, 0.9952538719096838, 0.9955319129544393], [0.8535963524518172, 0.8565009767403895, 0.8531404568337684, 0.8569648149318604, 0.8525516328526229, 0.9934155760133767, 1, 0.9956561449578875, 0.9967097009900256, 0.994795158984108], [0.8684299999430641, 0.8720162120473375, 0.868820415038781, 0.87131466569579, 0.8672203824857627, 0.9937716421221752, 0.9956561449578875, 1, 0.9956347499434255, 0.99470025366582], [0.8509855623754652, 0.854591055261312, 0.8507325490568285, 0.8534719905271305, 0.8493530369571152, 0.9952538719096838, 0.9967097009900256, 0.9956347499434255, 1, 0.99487146309275], [0.8442394034877072, 0.8472542049901634, 0.8432751312944221, 0.8459334851958341, 0.8418024065121709, 0.9955319129544393, 0.994795158984108, 0.99470025366582, 0.99487146309275, 1]]
thresholdtopk: [[0.840767008971129, 0.8442394034877072, 0.8509855623754652, 0.8535963524518172, 0.8684299999430641, 0.9966735622676905, 0.9972299613769591, 0.9975024792947743, 0.9975891132102758, 1], [0.8449228879225901, 0.8472542049901634, 0.854591055261312, 0.8565009767403895, 0.8720162120473375, 0.9972222406273125, 0.997302794566721, 0.9975891132102758, 0.9986648516919165, 1], [0.840814636025423, 0.8432751312944221, 0.8507325490568285, 0.8531404568337684, 0.868820415038781, 0.9975024792947743, 0.9976774746015273, 0.9982666894343312, 0.9986648516919165, 1], [0.8425756442756921, 0.8459334851958341, 0.8534719905271305, 0.8569648149318604, 0.87131466569579, 0.99703538148564, 0.9972222406273125, 0.9972299613769591, 0.9976774746015273, 1], [0.8387724662079074, 0.8418024065121709, 0.8493530369571152, 0.8525516328526229, 0.8672203824857627, 0.9966735622676905, 0.99703538148564, 0.997302794566721, 0.9982666894343312, 1], [0.8387724662079074, 0.840767008971129, 0.840814636025423, 0.8425756442756921, 0.8449228879225901, 0.9934155760133767, 0.9937716421221752, 0.9952538719096838, 0.9955319129544393, 1], [0.8525516328526229, 0.8531404568337684, 0.8535963524518172, 0.8565009767403895, 0.8569648149318604, 0.9934155760133767, 0.994795158984108, 0.9956561449578875, 0.9967097009900256, 1], [0.8672203824857627, 0.8684299999430641, 0.868820415038781, 0.87131466569579, 0.8720162120473375, 0.9937716421221752, 0.99470025366582, 0.9956347499434255, 0.9956561449578875, 1], [0.8493530369571152, 0.8507325490568285, 0.8509855623754652, 0.8534719905271305, 0.854591055261312, 0.99487146309275, 0.9952538719096838, 0.9956347499434255, 0.9967097009900256, 1], [0.8418024065121709, 0.8432751312944221, 0.8442394034877072, 0.8459334851958341, 0.8472542049901634, 0.99470025366582, 0.994795158984108, 0.99487146309275, 0.9955319129544393, 1]]
index,index2,cosdist[index][index2],deepcopy_cosdist[index][0]: 0 0 1 0.840767008971129
model_id_of_model0_used: 0
index,index2,cosdist[index][index2],deepcopy_cosdist[index][0]: 0 1 0.9975891132102758 0.840767008971129
model_id_of_model0_used: 1
index,index2,cosdist[index][index2],deepcopy_cosdist[index][0]: 0 2 0.9975024792947743 0.840767008971129
model_id_of_model0_used: 2
index,index2,cosdist[index][index2],deepcopy_cosdist[index][0]: 0 3 0.9972299613769591 0.840767008971129
model_id_of_model0_used: 3
index,index2,cosdist[index][index2],deepcopy_cosdist[index][0]: 0 4 0.9966735622676905 0.840767008971129
model_id_of_model0_used: 4
index,index2,cosdist[index][index2],deepcopy_cosdist[index][0]: 0 6 0.8535963524518172 0.840767008971129
model_id_of_model0_used: 6
index,index2,cosdist[index][index2],deepcopy_cosdist[index][0]: 0 7 0.8684299999430641 0.840767008971129
model_id_of_model0_used: 7
index,index2,cosdist[index][index2],deepcopy_cosdist[index][0]: 0 8 0.8509855623754652 0.840767008971129
model_id_of_model0_used: 8
index,index2,cosdist[index][index2],deepcopy_cosdist[index][0]: 0 9 0.8442394034877072 0.840767008971129
model_id_of_model0_used: 9
model_num of model 0 used
-- 9 --
min_max_sun of model 0 used: 0.8393433536675925
index,index2,cosdist[index][index2],deepcopy_cosdist[index][0]: 1 0 0.9975891132102758 0.8449228879225901
model_id_of_model1_used: 0
index,index2,cosdist[index][index2],deepcopy_cosdist[index][0]: 1 1 1 0.8449228879225901
model_id_of_model1_used: 1
index,index2,cosdist[index][index2],deepcopy_cosdist[index][0]: 1 2 0.9986648516919165 0.8449228879225901
model_id_of_model1_used: 2
index,index2,cosdist[index][index2],deepcopy_cosdist[index][0]: 1 3 0.9972222406273125 0.8449228879225901
model_id_of_model1_used: 3
index,index2,cosdist[index][index2],deepcopy_cosdist[index][0]: 1 4 0.997302794566721 0.8449228879225901
model_id_of_model1_used: 4
index,index2,cosdist[index][index2],deepcopy_cosdist[index][0]: 1 6 0.8565009767403895 0.8449228879225901
model_id_of_model1_used: 6
index,index2,cosdist[index][index2],deepcopy_cosdist[index][0]: 1 7 0.8720162120473375 0.8449228879225901
model_id_of_model1_used: 7
index,index2,cosdist[index][index2],deepcopy_cosdist[index][0]: 1 8 0.854591055261312 0.8449228879225901
model_id_of_model1_used: 8
index,index2,cosdist[index][index2],deepcopy_cosdist[index][0]: 1 9 0.8472542049901634 0.8449228879225901
model_id_of_model1_used: 9
model_num of model 1 used
-- 9 --
min_max_sun of model 1 used: 0.8168354578321174
index,index2,cosdist[index][index2],deepcopy_cosdist[index][0]: 2 0 0.9975024792947743 0.840814636025423
model_id_of_model2_used: 0
index,index2,cosdist[index][index2],deepcopy_cosdist[index][0]: 2 1 0.9986648516919165 0.840814636025423
model_id_of_model2_used: 1
index,index2,cosdist[index][index2],deepcopy_cosdist[index][0]: 2 2 1 0.840814636025423
model_id_of_model2_used: 2
index,index2,cosdist[index][index2],deepcopy_cosdist[index][0]: 2 3 0.9976774746015273 0.840814636025423
model_id_of_model2_used: 3
index,index2,cosdist[index][index2],deepcopy_cosdist[index][0]: 2 4 0.9982666894343312 0.840814636025423
model_id_of_model2_used: 4
index,index2,cosdist[index][index2],deepcopy_cosdist[index][0]: 2 6 0.8531404568337684 0.840814636025423
model_id_of_model2_used: 6
index,index2,cosdist[index][index2],deepcopy_cosdist[index][0]: 2 7 0.868820415038781 0.840814636025423
model_id_of_model2_used: 7
index,index2,cosdist[index][index2],deepcopy_cosdist[index][0]: 2 8 0.8507325490568285 0.840814636025423
model_id_of_model2_used: 8
index,index2,cosdist[index][index2],deepcopy_cosdist[index][0]: 2 9 0.8432751312944221 0.840814636025423
model_id_of_model2_used: 9
model_num of model 2 used
-- 9 --
min_max_sun of model 2 used: 0.8407483230175429
index,index2,cosdist[index][index2],deepcopy_cosdist[index][0]: 3 0 0.9972299613769591 0.8425756442756921
model_id_of_model3_used: 0
index,index2,cosdist[index][index2],deepcopy_cosdist[index][0]: 3 1 0.9972222406273125 0.8425756442756921
model_id_of_model3_used: 1
index,index2,cosdist[index][index2],deepcopy_cosdist[index][0]: 3 2 0.9976774746015273 0.8425756442756921
model_id_of_model3_used: 2
index,index2,cosdist[index][index2],deepcopy_cosdist[index][0]: 3 3 1 0.8425756442756921
model_id_of_model3_used: 3
index,index2,cosdist[index][index2],deepcopy_cosdist[index][0]: 3 4 0.99703538148564 0.8425756442756921
model_id_of_model3_used: 4
index,index2,cosdist[index][index2],deepcopy_cosdist[index][0]: 3 6 0.8569648149318604 0.8425756442756921
model_id_of_model3_used: 6
index,index2,cosdist[index][index2],deepcopy_cosdist[index][0]: 3 7 0.87131466569579 0.8425756442756921
model_id_of_model3_used: 7
index,index2,cosdist[index][index2],deepcopy_cosdist[index][0]: 3 8 0.8534719905271305 0.8425756442756921
model_id_of_model3_used: 8
index,index2,cosdist[index][index2],deepcopy_cosdist[index][0]: 3 9 0.8459334851958341 0.8425756442756921
model_id_of_model3_used: 9
model_num of model 3 used
-- 9 --
min_max_sun of model 3 used: 0.833669215960825
index,index2,cosdist[index][index2],deepcopy_cosdist[index][0]: 4 0 0.9966735622676905 0.8387724662079074
model_id_of_model4_used: 0
index,index2,cosdist[index][index2],deepcopy_cosdist[index][0]: 4 1 0.997302794566721 0.8387724662079074
model_id_of_model4_used: 1
index,index2,cosdist[index][index2],deepcopy_cosdist[index][0]: 4 2 0.9982666894343312 0.8387724662079074
model_id_of_model4_used: 2
index,index2,cosdist[index][index2],deepcopy_cosdist[index][0]: 4 3 0.99703538148564 0.8387724662079074
model_id_of_model4_used: 3
index,index2,cosdist[index][index2],deepcopy_cosdist[index][0]: 4 4 1 0.8387724662079074
model_id_of_model4_used: 4
index,index2,cosdist[index][index2],deepcopy_cosdist[index][0]: 4 6 0.8525516328526229 0.8387724662079074
model_id_of_model4_used: 6
index,index2,cosdist[index][index2],deepcopy_cosdist[index][0]: 4 7 0.8672203824857627 0.8387724662079074
model_id_of_model4_used: 7
index,index2,cosdist[index][index2],deepcopy_cosdist[index][0]: 4 8 0.8493530369571152 0.8387724662079074
model_id_of_model4_used: 8
index,index2,cosdist[index][index2],deepcopy_cosdist[index][0]: 4 9 0.8418024065121709 0.8387724662079074
model_id_of_model4_used: 9
model_num of model 4 used
-- 9 --
min_max_sun of model 4 used: 0.8512536906908882
index,index2,cosdist[index][index2],deepcopy_cosdist[index][0]: 5 0 0.840767008971129 0.8387724662079074
model_id_of_model5_used: 0
index,index2,cosdist[index][index2],deepcopy_cosdist[index][0]: 5 1 0.8449228879225901 0.8387724662079074
model_id_of_model5_used: 1
index,index2,cosdist[index][index2],deepcopy_cosdist[index][0]: 5 2 0.840814636025423 0.8387724662079074
model_id_of_model5_used: 2
index,index2,cosdist[index][index2],deepcopy_cosdist[index][0]: 5 3 0.8425756442756921 0.8387724662079074
model_id_of_model5_used: 3
index,index2,cosdist[index][index2],deepcopy_cosdist[index][0]: 5 5 1 0.8387724662079074
model_id_of_model5_used: 5
index,index2,cosdist[index][index2],deepcopy_cosdist[index][0]: 5 6 0.9934155760133767 0.8387724662079074
model_id_of_model5_used: 6
index,index2,cosdist[index][index2],deepcopy_cosdist[index][0]: 5 7 0.9937716421221752 0.8387724662079074
model_id_of_model5_used: 7
index,index2,cosdist[index][index2],deepcopy_cosdist[index][0]: 5 8 0.9952538719096838 0.8387724662079074
model_id_of_model5_used: 8
index,index2,cosdist[index][index2],deepcopy_cosdist[index][0]: 5 9 0.9955319129544393 0.8387724662079074
model_id_of_model5_used: 9
model_num of model 5 used
-- 9 --
min_max_sun of model 5 used: 0.798100984323343
index,index2,cosdist[index][index2],deepcopy_cosdist[index][0]: 6 0 0.8535963524518172 0.8525516328526229
model_id_of_model6_used: 0
index,index2,cosdist[index][index2],deepcopy_cosdist[index][0]: 6 1 0.8565009767403895 0.8525516328526229
model_id_of_model6_used: 1
index,index2,cosdist[index][index2],deepcopy_cosdist[index][0]: 6 2 0.8531404568337684 0.8525516328526229
model_id_of_model6_used: 2
index,index2,cosdist[index][index2],deepcopy_cosdist[index][0]: 6 3 0.8569648149318604 0.8525516328526229
model_id_of_model6_used: 3
index,index2,cosdist[index][index2],deepcopy_cosdist[index][0]: 6 5 0.9934155760133767 0.8525516328526229
model_id_of_model6_used: 5
index,index2,cosdist[index][index2],deepcopy_cosdist[index][0]: 6 6 1 0.8525516328526229
model_id_of_model6_used: 6
index,index2,cosdist[index][index2],deepcopy_cosdist[index][0]: 6 7 0.9956561449578875 0.8525516328526229
model_id_of_model6_used: 7
index,index2,cosdist[index][index2],deepcopy_cosdist[index][0]: 6 8 0.9967097009900256 0.8525516328526229
model_id_of_model6_used: 8
index,index2,cosdist[index][index2],deepcopy_cosdist[index][0]: 6 9 0.994795158984108 0.8525516328526229
model_id_of_model6_used: 9
model_num of model 6 used
-- 9 --
min_max_sun of model 6 used: 0.727814486229627
index,index2,cosdist[index][index2],deepcopy_cosdist[index][0]: 7 0 0.8684299999430641 0.8672203824857627
model_id_of_model7_used: 0
index,index2,cosdist[index][index2],deepcopy_cosdist[index][0]: 7 1 0.8720162120473375 0.8672203824857627
model_id_of_model7_used: 1
index,index2,cosdist[index][index2],deepcopy_cosdist[index][0]: 7 2 0.868820415038781 0.8672203824857627
model_id_of_model7_used: 2
index,index2,cosdist[index][index2],deepcopy_cosdist[index][0]: 7 3 0.87131466569579 0.8672203824857627
model_id_of_model7_used: 3
index,index2,cosdist[index][index2],deepcopy_cosdist[index][0]: 7 5 0.9937716421221752 0.8672203824857627
model_id_of_model7_used: 5
index,index2,cosdist[index][index2],deepcopy_cosdist[index][0]: 7 6 0.9956561449578875 0.8672203824857627
model_id_of_model7_used: 6
index,index2,cosdist[index][index2],deepcopy_cosdist[index][0]: 7 7 1 0.8672203824857627
model_id_of_model7_used: 7
index,index2,cosdist[index][index2],deepcopy_cosdist[index][0]: 7 8 0.9956347499434255 0.8672203824857627
model_id_of_model7_used: 8
index,index2,cosdist[index][index2],deepcopy_cosdist[index][0]: 7 9 0.99470025366582 0.8672203824857627
model_id_of_model7_used: 9
model_num of model 7 used
-- 9 --
min_max_sun of model 7 used: 0.6553606410424163
index,index2,cosdist[index][index2],deepcopy_cosdist[index][0]: 8 0 0.8509855623754652 0.8493530369571152
model_id_of_model8_used: 0
index,index2,cosdist[index][index2],deepcopy_cosdist[index][0]: 8 1 0.854591055261312 0.8493530369571152
model_id_of_model8_used: 1
index,index2,cosdist[index][index2],deepcopy_cosdist[index][0]: 8 2 0.8507325490568285 0.8493530369571152
model_id_of_model8_used: 2
index,index2,cosdist[index][index2],deepcopy_cosdist[index][0]: 8 3 0.8534719905271305 0.8493530369571152
model_id_of_model8_used: 3
index,index2,cosdist[index][index2],deepcopy_cosdist[index][0]: 8 5 0.9952538719096838 0.8493530369571152
model_id_of_model8_used: 5
index,index2,cosdist[index][index2],deepcopy_cosdist[index][0]: 8 6 0.9967097009900256 0.8493530369571152
model_id_of_model8_used: 6
index,index2,cosdist[index][index2],deepcopy_cosdist[index][0]: 8 7 0.9956347499434255 0.8493530369571152
model_id_of_model8_used: 7
index,index2,cosdist[index][index2],deepcopy_cosdist[index][0]: 8 8 1 0.8493530369571152
model_id_of_model8_used: 8
index,index2,cosdist[index][index2],deepcopy_cosdist[index][0]: 8 9 0.99487146309275 0.8493530369571152
model_id_of_model8_used: 9
model_num of model 8 used
-- 9 --
min_max_sun of model 8 used: 0.7480736105425846
index,index2,cosdist[index][index2],deepcopy_cosdist[index][0]: 9 0 0.8442394034877072 0.8418024065121709
model_id_of_model9_used: 0
index,index2,cosdist[index][index2],deepcopy_cosdist[index][0]: 9 1 0.8472542049901634 0.8418024065121709
model_id_of_model9_used: 1
index,index2,cosdist[index][index2],deepcopy_cosdist[index][0]: 9 2 0.8432751312944221 0.8418024065121709
model_id_of_model9_used: 2
index,index2,cosdist[index][index2],deepcopy_cosdist[index][0]: 9 3 0.8459334851958341 0.8418024065121709
model_id_of_model9_used: 3
index,index2,cosdist[index][index2],deepcopy_cosdist[index][0]: 9 5 0.9955319129544393 0.8418024065121709
model_id_of_model9_used: 5
index,index2,cosdist[index][index2],deepcopy_cosdist[index][0]: 9 6 0.994795158984108 0.8418024065121709
model_id_of_model9_used: 6
index,index2,cosdist[index][index2],deepcopy_cosdist[index][0]: 9 7 0.99470025366582 0.8418024065121709
model_id_of_model9_used: 7
index,index2,cosdist[index][index2],deepcopy_cosdist[index][0]: 9 8 0.99487146309275 0.8418024065121709
model_id_of_model9_used: 8
index,index2,cosdist[index][index2],deepcopy_cosdist[index][0]: 9 9 1 0.8418024065121709
model_id_of_model9_used: 9
model_num of model 9 used
-- 9 --
min_max_sun of model 9 used: 0.7843793550557063
test performance ... 
model 0 use private_data_1 test
0.864029255319149
model 1 use private_data_1 test
0.8947251775163285
model 2 use private_data_1 test
0.8126108158142009
model 3 use private_data_1 test
0.803302305175903
model 4 use private_data_1 test
0.8971631209901039
model 5 use private_data_2 test
0.9248670212765957
model 6 use private_data_2 test
0.8430851063829787
model 7 use private_data_2 test
0.8467420212765957
model 8 use private_data_2 test
0.8889627659574468
model 9 use private_data_2 test
0.898049645601435
updates models ...
model 0 starting alignment with public logits... 
model 0 done alignment
model 0 starting training with private data... 
model 0 done private training. 

model 1 starting alignment with public logits... 
model 1 done alignment
model 1 starting training with private data... 
model 1 done private training. 

model 2 starting alignment with public logits... 
model 2 done alignment
model 2 starting training with private data... 
model 2 done private training. 

model 3 starting alignment with public logits... 
model 3 done alignment
model 3 starting training with private data... 
model 3 done private training. 

model 4 starting alignment with public logits... 
model 4 done alignment
model 4 starting training with private data... 
model 4 done private training. 

model 5 starting alignment with public logits... 
model 5 done alignment
model 5 starting training with private data... 
model 5 done private training. 

model 6 starting alignment with public logits... 
model 6 done alignment
model 6 starting training with private data... 
model 6 done private training. 

model 7 starting alignment with public logits... 
model 7 done alignment
model 7 starting training with private data... 
model 7 done private training. 

model 8 starting alignment with public logits... 
model 8 done alignment
model 8 starting training with private data... 
model 8 done private training. 

model 9 starting alignment with public logits... 
model 9 done alignment
model 9 starting training with private data... 
model 9 done private training. 

round  2
update logits ... 
cosdist:
