Namespace(conf='../conf/My_EMNIST_balance_conf.json', dataset='mnist', gpu=1.0, iid=True, use_pretrained_model=False)
X shape : (60000, 28, 28)
y shape : (60000,)
X shape : (10000, 28, 28)
y shape : (10000,)
19    6000
18    6000
17    6000
16    6000
15    6000
14    6000
13    6000
12    6000
11    6000
10    6000
dtype: int64
mod_private_classes: [array([12, 19]), array([14, 11]), array([13, 16]), array([11, 18]), array([12, 11]), array([10, 15]), array([15, 17]), array([13, 10]), array([16, 14]), array([17, 11]), array([14, 11]), array([12, 15]), array([13, 14]), array([13, 19]), array([13, 11]), array([17, 16]), array([14, 13]), array([10, 17]), array([18, 11]), array([16, 11])]
============================================================
============================================================
X shape : (2000, 28, 28)
y shape : (2000,)
X shape : (2000, 28, 28)
y shape : (2000,)
X shape : (2000, 28, 28)
y shape : (2000,)
X shape : (2000, 28, 28)
y shape : (2000,)
X shape : (2000, 28, 28)
y shape : (2000,)
X shape : (2000, 28, 28)
y shape : (2000,)
X shape : (2000, 28, 28)
y shape : (2000,)
X shape : (2000, 28, 28)
y shape : (2000,)
X shape : (2000, 28, 28)
y shape : (2000,)
X shape : (2000, 28, 28)
y shape : (2000,)
X shape : (2000, 28, 28)
y shape : (2000,)
X shape : (2000, 28, 28)
y shape : (2000,)
X shape : (2000, 28, 28)
y shape : (2000,)
X shape : (2000, 28, 28)
y shape : (2000,)
X shape : (2000, 28, 28)
y shape : (2000,)
X shape : (2000, 28, 28)
y shape : (2000,)
X shape : (2000, 28, 28)
y shape : (2000,)
X shape : (2000, 28, 28)
y shape : (2000,)
X shape : (2000, 28, 28)
y shape : (2000,)
X shape : (2000, 28, 28)
y shape : (2000,)
model 0 : ResNet18_1
model 1 : ResNet34_1
model 2 : mobilenet_1
model 3 : shufflenet_1
model 4 : ResNet18_2
model 5 : ResNet34_2
model 6 : mobilenet_2
model 7 : shufflenet_2
model 8 : ResNet18_3
model 9 : ResNet34_3
model 10 : mobilenet_3
model 11 : shufflenet_3
model 12 : ResNet18_4
model 13 : ResNet34_4
model 14 : mobilenet_4
model 15 : shufflenet_4
model 16 : ResNet18_5
model 17 : ResNet34_5
model 18 : mobilenet_5
model 19 : shufflenet_5
Training model  0
Training model  1
Training model  2
Training model  3
Training model  4
Training model  5
Training model  6
Training model  7
Training model  8
Training model  9
Training model  10
Training model  11
Training model  12
Training model  13
Training model  14
Training model  15
Training model  16
Training model  17
Training model  18
Training model  19
pre-train accuracy: 
[0.9926819620253164, 0.9940664556962026, 0.9903085443037974, 0.9920886075949367, 0.9910996835443038, 0.9908030063291139, 0.989814082278481, 0.9895174050632911, 0.9922863924050633, 0.991495253164557, 0.9886273734177216, 0.9907041139240507, 0.9921875, 0.9927808544303798, 0.9904074367088608, 0.9910007911392406, 0.9890229430379747, 0.9838805379746836, 0.9913963607594937, 0.9906052215189873]
publice_dataset[y]: [5 0 4 ... 5 6 8]
calculate the theoretical upper bounds for participants: 
the upper bounds are: [0.6865079365079365, 0.8521825396825397, 0.21081349206349206, 0.5575396825396826, 0.7172619047619048, 0.5530753968253969, 0.48115079365079366, 0.47767857142857145, 0.5451388888888888, 0.876984126984127, 0.9206349206349206, 0.4568452380952381, 0.7822420634920635, 0.7693452380952381, 0.7529761904761905, 0.5084325396825397, 0.8179563492063492, 0.5471230158730159, 0.48214285714285715, 0.5138888888888888]
start model initialization: 
finish model initialization: 
round  0
update logits ... 
cosdist:
[[1, 0.8316391678508671, 0.795888522640096, 0.8337537977945865, 0.8471384874399672, 0.7843755023565684, 0.8076487833987477, 0.787636580789349, 0.8639140397050684, 0.8192040573141096, 0.8175838625491354, 0.8834985247482228, 0.8536864782433623, 0.8443972244426152, 0.850122910409219, 0.8406554265882616, 0.854429191712782, 0.7701740269361296, 0.8650062500495469, 0.792758530614375], [0.8316391678508671, 1, 0.7734393416270893, 0.825111237761733, 0.7618920969373453, 0.7702184560380991, 0.8235213686090617, 0.7343289485446988, 0.865741942507825, 0.8663973133847019, 0.875521128807417, 0.774166690736083, 0.8510708014382059, 0.7735512649346494, 0.8449522318682202, 0.7791070704694929, 0.8455684333410045, 0.7637320521176756, 0.856035939971298, 0.7855209756020687], [0.795888522640096, 0.7734393416270893, 1, 0.8258773887482744, 0.8140658353821245, 0.791867664060028, 0.8061948727984097, 0.8586757484949221, 0.8444084777817406, 0.7954929856826577, 0.8204715517943578, 0.8213475870405146, 0.8683783657901604, 0.8435398001689824, 0.8846025385122915, 0.8580397961858892, 0.8361944123988503, 0.7831485102973195, 0.8338327109739515, 0.8555078516513457], [0.8337537977945865, 0.825111237761733, 0.8258773887482744, 1, 0.9060594762518148, 0.7980148631898777, 0.7487514129214855, 0.861326909479931, 0.855602262799317, 0.8291773055169903, 0.8585675633364638, 0.8618902057198402, 0.8780685518910977, 0.7784463077859435, 0.9004306932990401, 0.8779065432841487, 0.864478965903229, 0.7862991571774606, 0.9135147356944313, 0.9137580467754451], [0.8471384874399672, 0.7618920969373453, 0.8140658353821245, 0.9060594762518148, 1, 0.798839622922427, 0.7103683837171026, 0.8620959534650887, 0.8555517602323025, 0.7843219367500494, 0.8355893944979905, 0.8898674462389771, 0.8675366530427588, 0.7758320888895525, 0.8737680339190717, 0.872339885297579, 0.8621962929014697, 0.779486328240769, 0.8447136976676696, 0.8945271121642501], [0.7843755023565684, 0.7702184560380991, 0.791867664060028, 0.7980148631898777, 0.798839622922427, 1, 0.8183504244211012, 0.8453933340497982, 0.8052713224027409, 0.7551743476735155, 0.7774293324010765, 0.8754214620716652, 0.8271704250344915, 0.789400509207365, 0.806998288017643, 0.8063623558707571, 0.8154803694860535, 0.8371480560261977, 0.8257809633517099, 0.7850717491611477], [0.8076487833987477, 0.8235213686090617, 0.8061948727984097, 0.7487514129214855, 0.7103683837171026, 0.8183504244211012, 1, 0.7425688270118391, 0.7685533388250942, 0.8532869817907262, 0.7822828541652478, 0.8121291655691228, 0.7733262332297579, 0.7913619389655228, 0.8064836378798528, 0.7964055382989036, 0.7568554985610653, 0.8319117015735716, 0.815587984077514, 0.7176153823868205], [0.787636580789349, 0.7343289485446988, 0.8586757484949221, 0.861326909479931, 0.8620959534650887, 0.8453933340497982, 0.7425688270118391, 1, 0.8473643173331226, 0.7778850747139748, 0.7765277499652085, 0.8508910672564227, 0.8966224185507281, 0.8156498612486631, 0.8736967109506787, 0.8521649525001891, 0.8949192343393026, 0.8348228562281468, 0.8197015407476386, 0.8633845769041317], [0.8639140397050684, 0.865741942507825, 0.8444084777817406, 0.855602262799317, 0.8555517602323025, 0.8052713224027409, 0.7685533388250942, 0.8473643173331226, 1, 0.8205874556655263, 0.8446226166970614, 0.8517626040507262, 0.9324842740435191, 0.7943487339931569, 0.8437035781955131, 0.9011977055171662, 0.9139808218763904, 0.7910216310548402, 0.8304708849015248, 0.8818887649104397], [0.8192040573141096, 0.8663973133847019, 0.7954929856826577, 0.8291773055169903, 0.7843219367500494, 0.7551743476735155, 0.8532869817907262, 0.7778850747139748, 0.8205874556655263, 1, 0.8261317780965373, 0.7771347018420245, 0.8145733716331066, 0.7897342392392896, 0.865160408609714, 0.8436208878008786, 0.8034564834114735, 0.8525541997839806, 0.8326718277628142, 0.8000962633944838], [0.8175838625491354, 0.875521128807417, 0.8204715517943578, 0.8585675633364638, 0.8355893944979905, 0.7774293324010765, 0.7822828541652478, 0.7765277499652085, 0.8446226166970614, 0.8261317780965373, 1, 0.8001308314119439, 0.8383484859528747, 0.7694062569630294, 0.8817373049495497, 0.814774220831148, 0.8521678851676302, 0.7968509910825722, 0.8693811999191976, 0.81772836661145], [0.8834985247482228, 0.774166690736083, 0.8213475870405146, 0.8618902057198402, 0.8898674462389771, 0.8754214620716652, 0.8121291655691228, 0.8508910672564227, 0.8517626040507262, 0.7771347018420245, 0.8001308314119439, 1, 0.8745567456364348, 0.7867270401925447, 0.8584041633355137, 0.8663738508609644, 0.8627160585776602, 0.7770155011141676, 0.861498022550741, 0.8363754751038892], [0.8536864782433623, 0.8510708014382059, 0.8683783657901604, 0.8780685518910977, 0.8675366530427588, 0.8271704250344915, 0.7733262332297579, 0.8966224185507281, 0.9324842740435191, 0.8145733716331066, 0.8383484859528747, 0.8745567456364348, 1, 0.8401124938967149, 0.8884901459243237, 0.8750027245507254, 0.9446726446918636, 0.7828976496794943, 0.8486249565327972, 0.8675041239258166], [0.8443972244426152, 0.7735512649346494, 0.8435398001689824, 0.7784463077859435, 0.7758320888895525, 0.789400509207365, 0.7913619389655228, 0.8156498612486631, 0.7943487339931569, 0.7897342392392896, 0.7694062569630294, 0.7867270401925447, 0.8401124938967149, 1, 0.8469262129754029, 0.8003603005648526, 0.8194258056274263, 0.770187030140771, 0.7946135864315159, 0.7818370251293624], [0.850122910409219, 0.8449522318682202, 0.8846025385122915, 0.9004306932990401, 0.8737680339190717, 0.806998288017643, 0.8064836378798528, 0.8736967109506787, 0.8437035781955131, 0.865160408609714, 0.8817373049495497, 0.8584041633355137, 0.8884901459243237, 0.8469262129754029, 1, 0.8630657788803985, 0.8861716718355099, 0.8153327440855217, 0.9153484283737252, 0.8667226953714384], [0.8406554265882616, 0.7791070704694929, 0.8580397961858892, 0.8779065432841487, 0.872339885297579, 0.8063623558707571, 0.7964055382989036, 0.8521649525001891, 0.9011977055171662, 0.8436208878008786, 0.814774220831148, 0.8663738508609644, 0.8750027245507254, 0.8003603005648526, 0.8630657788803985, 1, 0.8668494921590315, 0.8397511704940387, 0.8582231518288066, 0.899583007912074], [0.854429191712782, 0.8455684333410045, 0.8361944123988503, 0.864478965903229, 0.8621962929014697, 0.8154803694860535, 0.7568554985610653, 0.8949192343393026, 0.9139808218763904, 0.8034564834114735, 0.8521678851676302, 0.8627160585776602, 0.9446726446918636, 0.8194258056274263, 0.8861716718355099, 0.8668494921590315, 1, 0.790602441847758, 0.8495867305861975, 0.8378544111325876], [0.7701740269361296, 0.7637320521176756, 0.7831485102973195, 0.7862991571774606, 0.779486328240769, 0.8371480560261977, 0.8319117015735716, 0.8348228562281468, 0.7910216310548402, 0.8525541997839806, 0.7968509910825722, 0.7770155011141676, 0.7828976496794943, 0.770187030140771, 0.8153327440855217, 0.8397511704940387, 0.790602441847758, 1, 0.7828592678997536, 0.7729776051457928], [0.8650062500495469, 0.856035939971298, 0.8338327109739515, 0.9135147356944313, 0.8447136976676696, 0.8257809633517099, 0.815587984077514, 0.8197015407476386, 0.8304708849015248, 0.8326718277628142, 0.8693811999191976, 0.861498022550741, 0.8486249565327972, 0.7946135864315159, 0.9153484283737252, 0.8582231518288066, 0.8495867305861975, 0.7828592678997536, 1, 0.8394678634538971], [0.792758530614375, 0.7855209756020687, 0.8555078516513457, 0.9137580467754451, 0.8945271121642501, 0.7850717491611477, 0.7176153823868205, 0.8633845769041317, 0.8818887649104397, 0.8000962633944838, 0.81772836661145, 0.8363754751038892, 0.8675041239258166, 0.7818370251293624, 0.8667226953714384, 0.899583007912074, 0.8378544111325876, 0.7729776051457928, 0.8394678634538971, 1]]
thresholdtopk: [0.8337537977945865, 0.8235213686090617, 0.8258773887482744, 0.8585675633364638, 0.8471384874399672, 0.8052713224027409, 0.7964055382989036, 0.8473643173331226, 0.8473643173331226, 0.8192040573141096, 0.8204715517943578, 0.8517626040507262, 0.8675041239258166, 0.7913619389655228, 0.865160408609714, 0.8580397961858892, 0.8521678851676302, 0.7862991571774606, 0.8447136976676696, 0.8378544111325876]
index,index2,cosdist[index][index2],thresholdtopk[index]: 0 0 1 0.8337537977945865
model_id_of_model0_used: 0
model_num of model 0 used
-- 1 --
index,index2,cosdist[index][index2],thresholdtopk[index]: 1 1 1 0.8235213686090617
model_id_of_model1_used: 1
model_num of model 1 used
-- 1 --
index,index2,cosdist[index][index2],thresholdtopk[index]: 2 2 1 0.8258773887482744
model_id_of_model2_used: 2
model_num of model 2 used
-- 1 --
index,index2,cosdist[index][index2],thresholdtopk[index]: 3 3 1 0.8585675633364638
model_id_of_model3_used: 3
model_num of model 3 used
-- 1 --
index,index2,cosdist[index][index2],thresholdtopk[index]: 4 4 1 0.8471384874399672
model_id_of_model4_used: 4
model_num of model 4 used
-- 1 --
index,index2,cosdist[index][index2],thresholdtopk[index]: 5 5 1 0.8052713224027409
model_id_of_model5_used: 5
model_num of model 5 used
-- 1 --
index,index2,cosdist[index][index2],thresholdtopk[index]: 6 6 1 0.7964055382989036
model_id_of_model6_used: 6
model_num of model 6 used
-- 1 --
index,index2,cosdist[index][index2],thresholdtopk[index]: 7 7 1 0.8473643173331226
model_id_of_model7_used: 7
model_num of model 7 used
-- 1 --
index,index2,cosdist[index][index2],thresholdtopk[index]: 8 8 1 0.8473643173331226
model_id_of_model8_used: 8
model_num of model 8 used
-- 1 --
index,index2,cosdist[index][index2],thresholdtopk[index]: 9 9 1 0.8192040573141096
model_id_of_model9_used: 9
model_num of model 9 used
-- 1 --
index,index2,cosdist[index][index2],thresholdtopk[index]: 10 10 1 0.8204715517943578
model_id_of_model10_used: 10
model_num of model 10 used
-- 1 --
index,index2,cosdist[index][index2],thresholdtopk[index]: 11 11 1 0.8517626040507262
model_id_of_model11_used: 11
model_num of model 11 used
-- 1 --
index,index2,cosdist[index][index2],thresholdtopk[index]: 12 12 1 0.8675041239258166
model_id_of_model12_used: 12
model_num of model 12 used
-- 1 --
index,index2,cosdist[index][index2],thresholdtopk[index]: 13 13 1 0.7913619389655228
model_id_of_model13_used: 13
model_num of model 13 used
-- 1 --
index,index2,cosdist[index][index2],thresholdtopk[index]: 14 14 1 0.865160408609714
model_id_of_model14_used: 14
model_num of model 14 used
-- 1 --
index,index2,cosdist[index][index2],thresholdtopk[index]: 15 15 1 0.8580397961858892
model_id_of_model15_used: 15
model_num of model 15 used
-- 1 --
index,index2,cosdist[index][index2],thresholdtopk[index]: 16 16 1 0.8521678851676302
model_id_of_model16_used: 16
model_num of model 16 used
-- 1 --
index,index2,cosdist[index][index2],thresholdtopk[index]: 17 17 1 0.7862991571774606
model_id_of_model17_used: 17
model_num of model 17 used
-- 1 --
index,index2,cosdist[index][index2],thresholdtopk[index]: 18 18 1 0.8447136976676696
model_id_of_model18_used: 18
model_num of model 18 used
-- 1 --
index,index2,cosdist[index][index2],thresholdtopk[index]: 19 19 1 0.8378544111325876
model_id_of_model19_used: 19
model_num of model 19 used
-- 1 --
test performance ... 
model 0 use labels test: [19, 12, 12, 12, 19, 19, 19, 12, 12, 12, 12, 12, 12, 19, 12, 12, 12, 19, 12, 12, 12, 19, 19, 12, 12, 19, 19, 19, 12, 12, 12, 12, 19, 12, 19, 19, 12, 12, 12, 19, 19, 19, 19, 12, 12, 12, 19, 12, 19, 12, 12, 12, 19, 12, 19, 19, 12, 12, 12, 19, 12, 12, 19, 12, 19, 19, 12, 19, 12, 19, 12, 12, 12, 19, 19, 19, 12, 12, 12, 12, 12, 19, 19, 19, 12, 12, 12, 19, 12, 12, 19, 12, 12, 19, 12, 19, 12, 12, 19, 19, 12, 19, 12, 12, 12, 19, 19, 12, 19, 19, 19, 19, 12, 12, 12, 12, 12, 12, 12, 19, 19, 12, 19, 12, 12, 12, 19, 12, 19, 19, 19, 19, 19, 12, 19, 19, 12, 19, 12, 12, 12, 12, 19, 12, 19, 12, 19, 12, 12, 12, 19, 19, 12, 19, 19, 19, 19, 19, 12, 12, 19, 12, 12, 19, 12, 19, 12, 19, 19, 12, 19, 19, 12, 12, 19, 12, 19, 12, 19, 12, 19, 19, 12, 19, 12, 12, 19, 19, 19, 19, 12, 12, 12, 19, 19, 19, 12, 19, 12, 19, 12, 19, 19, 12, 12, 19, 19, 19, 19, 19, 12, 12, 12, 19, 12, 19, 19, 12, 19, 19, 19, 12, 19, 12, 12, 12, 19, 19, 19, 19, 12, 12, 12, 19, 19, 12, 12, 19, 12, 12, 12, 19, 12, 19, 19, 12, 12, 12, 19, 12, 19, 12, 12, 12, 12, 12, 12, 12, 12, 19, 19, 19, 12, 12, 19, 12, 19, 12, 12, 19, 12, 19, 19, 12, 12, 19, 12, 12, 12, 12, 12, 12, 19, 19, 12, 19, 19, 19, 12, 12, 19, 12, 19, 12, 12, 12, 19, 12, 12, 19, 12, 19, 19, 12, 19, 19, 19, 12, 12, 19, 19, 12, 12, 19, 12, 19, 12, 12, 12, 12, 19, 19, 12, 12, 19, 12, 19, 12, 12, 19, 12, 19, 12, 19, 12, 19, 12, 19, 19, 19, 19, 19, 19, 19, 12, 19, 12, 12, 19, 12, 12, 19, 19, 12, 12, 12, 12, 19, 12, 19, 19, 12, 19, 19, 19, 19, 19, 12, 12, 12, 19, 19, 12, 19, 12, 19, 19, 12, 12, 19, 19, 19, 19, 12, 19, 12, 12, 12, 12, 12, 19, 12, 19, 12, 19, 19, 12, 12, 12, 19, 12, 19, 12, 12, 12, 12, 12, 19, 19, 19, 12, 19, 19, 19, 19, 19, 12, 12, 19, 12, 12, 19, 19, 19, 12, 12, 12, 19, 12, 19, 12, 12, 12, 12, 12, 19, 19, 12, 12, 12, 19, 19, 19, 19, 19, 19, 19, 19, 19, 12, 19, 12, 19, 12, 19, 12, 19, 19, 12, 19, 12, 12, 19, 12, 12, 19, 19, 19, 12, 12, 12, 19, 12, 19, 12, 19, 12, 19, 19, 19, 19, 19, 19, 12, 19, 19, 19, 12, 19, 12, 19, 19, 19, 19, 19, 19, 19, 12, 19, 12, 19, 12, 12, 12, 12, 12, 19, 19, 19, 19, 19, 19, 12, 19, 12, 12, 19, 19, 12, 19, 19, 12, 12, 19, 19, 19, 12, 12, 12, 12, 12, 19, 12, 12, 12, 12, 12, 12, 19, 19, 19, 19, 12, 19, 12, 12, 19, 19, 12, 19, 19, 19, 12, 12, 19, 12, 19, 19, 12, 19, 12, 19, 12, 19, 12, 12, 19, 12, 12, 12, 12, 12, 12, 19, 12, 19, 12, 12, 19, 12, 12, 19, 19, 12, 19, 12, 12, 12, 12, 19, 12, 12, 12, 19, 12, 12, 19, 12, 19, 12, 12, 19, 19, 12, 12, 12, 19, 12, 12, 19, 12, 19, 12, 19, 12, 19, 12, 12, 19, 12, 19, 12, 19, 12, 12, 19, 19, 12, 12, 12, 19, 19, 19, 19, 12, 12, 12, 12, 12, 12, 19, 12, 12, 12, 12, 12, 12, 12, 12, 19, 19, 12, 19, 19, 19, 19, 12, 12, 12, 19, 19, 12, 12, 19, 19, 19, 12, 12, 12, 19, 19, 19, 19, 19, 12, 12, 12, 12, 12, 12, 12, 12, 12, 12, 12, 19, 19, 12, 12, 19, 12, 12, 19, 19, 19, 19, 12, 12, 12, 12, 19, 12, 12, 12, 12, 12, 19, 19, 12, 19, 12, 12, 19, 12, 12, 19, 19, 19, 19, 12, 19, 19, 19, 19, 12, 12, 19, 19, 12, 19, 19, 12, 19, 12, 19, 19, 12, 12, 19, 19, 12, 19, 19, 12, 12, 12, 12, 12, 19, 19, 19, 19, 19, 19, 12, 12, 19, 19, 19, 19, 19, 19, 19, 12, 12, 12, 12, 19, 19, 19, 19, 19, 12, 12, 12, 12, 12, 12, 19, 12, 19, 12, 12, 12, 19, 19, 19, 19, 19, 19, 19, 12, 12, 12, 12, 12, 19, 19, 19, 12, 12, 12, 19, 12, 19, 19, 12, 12, 19, 12, 12, 12, 12, 19, 12, 12, 12, 19, 19, 19, 12, 12, 12, 12, 12, 12, 12, 19, 12, 12, 19, 12, 12, 12, 12, 19, 12, 12, 12, 12, 12, 12, 19, 12, 12, 12, 12, 12, 12, 12, 19, 19, 19, 12, 19, 12, 12, 19, 12, 19, 12, 19, 19, 19, 12, 19, 12, 12, 19, 12, 19, 12, 12, 12, 19, 19, 19, 19, 19, 19, 19, 12, 19, 19, 19, 12, 19, 19, 12, 19, 19, 19, 19, 12, 19, 19, 19, 19, 12, 19, 12, 12, 19, 19, 19, 12, 12, 12, 19, 19, 19, 19, 19, 12, 12, 19, 12, 19, 19, 12, 12, 19, 19, 12, 12, 19, 12, 19, 19, 12, 12, 12, 19, 19, 12, 19, 12, 12, 12, 19, 12, 19, 12, 19, 19, 19, 19, 12, 12, 12, 12, 19, 19, 12, 19, 19, 12, 12, 12, 12, 12, 19, 19, 12, 12, 12, 19, 19, 12, 19, 19, 19, 12, 12, 19, 12, 12, 12, 19, 19, 19, 19, 19, 19, 19, 19, 12, 19, 12, 12, 12, 19, 19, 19, 19, 12, 12, 19, 12, 19, 19, 12, 19, 12, 12, 19, 19, 19, 12, 19, 12, 12, 19, 12, 19, 12, 19, 19, 19, 12, 19, 19, 12, 12, 12, 19, 19, 19, 12, 12, 19, 19, 12, 19, 12, 19, 19, 19, 19, 12, 19, 19, 12, 12, 19, 12, 12, 12, 19, 12, 12, 19, 19, 19, 19, 19, 19, 19, 12, 19, 19, 19, 12, 19, 12, 19, 19, 19, 19, 19, 19, 12, 19, 19, 19, 12, 19, 12, 19, 19, 19, 12, 19, 19, 19, 12, 12, 12, 12, 12, 12, 12, 12, 19, 12, 12, 19, 12, 12, 19, 19, 19, 12, 19, 12, 19, 12, 12, 19, 19, 12, 19, 19, 12, 12, 12, 12, 12, 19, 12, 12, 12, 12, 19, 19, 12, 12, 12, 12, 12, 12, 19, 19, 19, 12, 12, 19, 12, 12, 12, 12, 12, 19, 12, 19, 12, 19, 19, 19, 12, 12, 19, 19, 19, 19, 12, 19, 19, 12, 19, 12, 12, 19, 12, 12, 19, 12, 12, 19, 12, 19, 19, 12, 12, 12, 19, 19, 12, 19, 19, 19, 19, 19, 12, 12, 12, 12, 19, 19, 19, 19, 12, 19, 12, 19, 12, 12, 19, 12, 12, 19, 19, 19, 12, 19, 12, 19, 19, 12, 12, 12, 19, 12, 19, 19, 19, 19, 19, 19, 19, 12, 19, 12, 19, 12, 12, 12, 12, 19, 19, 12, 19, 12, 19, 19, 12, 19, 12, 19, 12, 19, 19, 19, 12, 19, 19, 12, 19, 19, 12, 19, 12, 19, 19, 19, 12, 12, 12, 12, 12, 12, 19, 12, 12, 19, 12, 19, 12, 19, 12, 19, 12, 12, 12, 12, 19, 12, 12, 12, 12, 12, 12, 12, 12, 12, 19, 19, 12, 12, 19, 19, 19, 19, 19, 19, 19, 12, 19, 12, 19, 12, 12, 19, 12, 19, 12, 12, 19, 12, 12, 19, 19, 12, 12, 12, 12, 12, 12, 19, 12, 19, 19, 19, 12, 12, 12, 19, 12, 12, 19, 12, 12, 19, 12, 12, 12, 19, 19, 12, 19, 19, 19, 19, 19, 12, 12, 19, 12, 19, 19, 19, 12, 12, 19, 19, 19, 12, 19, 19, 19, 19, 12, 19, 19, 19, 19, 12, 19, 12, 12, 19, 19, 19, 12, 12, 19, 19, 12, 12, 19, 12, 12, 12, 19, 12, 12, 12, 19, 19, 12, 19, 12, 19, 12, 19, 12, 12, 19, 19, 12, 12, 12, 12, 19, 12, 12, 19, 19, 12, 12, 12, 19, 12, 19, 19, 12, 12, 19, 19, 19, 19, 12, 12, 12, 19, 19, 12, 19, 12, 19, 12, 12, 12, 12, 19, 19, 12, 12, 12, 12, 19, 19, 19, 12, 19, 19, 12, 19, 19, 19, 12, 12, 19, 19, 19, 19, 19, 12, 19, 19, 12, 19, 12, 12, 12, 12, 19, 19, 12, 12, 12, 12, 19, 19, 12, 19, 19, 12, 12, 19, 12, 19, 19, 12, 19, 12, 12, 19, 19, 12, 12, 12, 12, 19, 19, 12, 19, 12, 19, 12, 19, 19, 12, 12, 19, 19, 12, 12, 12, 19, 12, 19, 19, 19, 19, 12, 12, 12, 12, 19, 19, 19, 19, 12, 19, 19, 12, 19, 12, 19, 12, 19, 19, 12, 19, 19, 19, 19, 19, 19, 19, 19, 19, 19, 12, 19, 12, 19, 19, 12, 12, 19, 19, 19, 19, 12, 19, 12, 12, 12, 12, 19, 12, 12, 19, 12, 19, 12, 19, 19, 19, 12, 12, 19, 19, 12, 12, 19, 19, 19, 12, 12, 12, 19, 12, 19, 12, 12, 12, 19, 12, 19, 19, 19, 12, 19, 12, 12, 19, 19, 12, 19, 19, 12, 12, 19, 19, 19, 19, 12, 19, 19, 19, 19, 12, 12, 12, 12, 12, 19, 12, 12, 12, 12, 12, 12, 12, 19, 19, 19, 12, 19, 12, 19, 19, 12, 19, 12, 12, 19, 12, 19, 19, 19, 19, 19, 19, 19, 12, 19, 19, 12, 19, 12, 19, 12, 19, 19, 19, 19, 12, 19, 12, 19, 12, 12, 12, 12, 12, 19, 19, 12, 12, 12, 12, 12, 12, 19, 12, 19, 19, 19, 12, 19, 19, 19, 19, 12, 12, 19, 12, 19, 19, 19, 19, 19, 19, 12, 12, 19, 12, 19, 19, 12, 19, 19, 19, 19, 12, 12, 19, 12, 19, 19, 12, 12, 19, 19, 12, 19, 12, 12, 12, 12, 19, 19, 12, 12, 19, 19, 19, 12, 12, 12, 19, 19, 12, 12, 12, 19, 12, 19, 12, 12, 12, 12, 12, 12, 19, 19, 19, 19, 12, 19, 12, 19, 12, 19, 19, 19, 12, 12, 12, 19, 12, 19, 19, 12, 19, 19, 19, 19, 12, 19, 19, 19, 19, 19, 19, 12, 12, 19, 12, 12, 12, 12, 12, 19, 19, 19, 19, 19, 19, 19, 12, 19, 19, 19, 19, 19, 19, 19, 12, 19, 19, 12, 19, 19, 12, 12, 19, 19, 12, 19, 19, 19, 19, 12, 19, 19, 12, 12, 19, 12, 12, 12, 19, 19, 19, 19, 12, 19, 12, 12, 19, 12, 19, 12, 19, 12, 12, 19, 12, 19, 12, 19, 12, 19, 12, 19, 19, 19, 12, 19, 12, 12, 12, 19, 12, 19, 12, 19, 12, 19, 12, 19, 12, 19, 12, 19, 12, 12, 19, 19, 12, 12, 12, 19, 19, 12, 19, 19, 19, 19, 19, 12, 12, 19, 19, 12, 19, 12, 19, 19, 19, 12, 12, 19, 12, 19, 19, 12, 19, 19, 12, 19, 12, 12, 12, 19, 12, 19, 19, 12, 19, 12, 12, 19, 12, 12, 12, 19, 19, 12, 12, 19, 12, 12, 19, 12, 12, 12, 12, 12, 19, 12, 19, 19, 19, 19, 12, 12, 12, 19, 19, 12, 19, 19, 19, 19, 12, 19, 12, 12, 12, 19, 19, 12, 12, 12, 19, 12, 19, 19, 12, 12, 12, 12, 12, 12, 19, 12, 19, 19, 19, 12, 12, 12, 19, 12, 19, 19, 19, 12, 19, 19, 12, 19, 12, 19, 19, 19, 19, 12, 12, 19, 19, 12, 19, 19]
0.6706349206349206
model 1 use labels test: [11, 11, 11, 14, 14, 14, 11, 14, 11, 14, 11, 11, 14, 14, 14, 11, 11, 11, 14, 11, 11, 11, 14, 14, 14, 11, 14, 11, 11, 11, 11, 11, 11, 14, 14, 11, 14, 14, 14, 14, 11, 11, 11, 14, 14, 11, 11, 11, 11, 14, 14, 11, 14, 11, 11, 11, 14, 14, 14, 14, 11, 14, 11, 14, 11, 11, 14, 14, 11, 14, 14, 11, 14, 11, 11, 14, 11, 14, 11, 14, 14, 14, 14, 11, 14, 14, 11, 14, 14, 11, 14, 11, 14, 14, 14, 14, 14, 14, 11, 11, 11, 11, 14, 14, 14, 14, 11, 14, 11, 11, 14, 11, 11, 11, 14, 14, 14, 14, 11, 11, 11, 11, 11, 11, 14, 14, 14, 14, 11, 11, 14, 11, 11, 14, 14, 14, 14, 14, 11, 14, 14, 14, 14, 14, 14, 11, 11, 11, 14, 14, 14, 14, 11, 14, 14, 11, 11, 14, 11, 11, 11, 11, 11, 14, 14, 14, 11, 14, 14, 11, 11, 11, 11, 11, 14, 14, 14, 14, 11, 14, 14, 11, 14, 14, 11, 11, 11, 11, 11, 11, 11, 11, 11, 11, 11, 11, 14, 14, 11, 14, 11, 14, 14, 11, 14, 14, 14, 14, 14, 14, 11, 11, 11, 14, 14, 11, 14, 14, 14, 14, 11, 14, 14, 11, 14, 11, 14, 14, 14, 11, 11, 14, 14, 11, 11, 14, 14, 14, 11, 11, 11, 11, 14, 14, 14, 11, 14, 11, 11, 14, 14, 14, 14, 14, 14, 14, 14, 14, 14, 11, 11, 14, 11, 11, 11, 11, 11, 11, 14, 14, 14, 14, 11, 14, 14, 14, 14, 14, 14, 14, 11, 11, 14, 14, 14, 11, 14, 11, 14, 14, 11, 14, 14, 14, 14, 11, 11, 11, 14, 14, 14, 14, 14, 14, 11, 14, 14, 11, 11, 14, 11, 14, 14, 11, 11, 11, 11, 11, 14, 14, 14, 14, 11, 11, 11, 11, 14, 14, 11, 11, 11, 14, 11, 11, 11, 11, 11, 11, 11, 14, 11, 11, 14, 11, 14, 14, 11, 14, 14, 11, 14, 11, 14, 11, 14, 11, 14, 14, 14, 11, 14, 14, 14, 14, 11, 11, 11, 11, 11, 14, 14, 11, 14, 11, 14, 14, 11, 14, 14, 14, 11, 14, 14, 14, 11, 11, 14, 14, 14, 11, 14, 14, 11, 14, 11, 11, 14, 11, 11, 11, 11, 14, 14, 11, 11, 11, 11, 11, 14, 11, 11, 14, 11, 14, 11, 11, 11, 11, 11, 11, 11, 11, 11, 14, 14, 11, 11, 11, 11, 11, 14, 14, 14, 14, 14, 11, 14, 11, 14, 11, 14, 11, 11, 11, 14, 14, 14, 11, 14, 11, 14, 11, 14, 14, 14, 11, 11, 14, 11, 11, 14, 14, 11, 11, 14, 11, 14, 14, 11, 14, 11, 11, 11, 14, 14, 14, 14, 11, 11, 14, 11, 14, 14, 11, 14, 14, 11, 11, 11, 14, 14, 14, 11, 11, 11, 11, 11, 14, 11, 14, 11, 11, 14, 14, 11, 14, 14, 11, 11, 14, 14, 14, 14, 11, 14, 11, 14, 14, 11, 14, 11, 14, 11, 11, 14, 11, 11, 14, 14, 14, 11, 11, 11, 11, 14, 14, 14, 11, 14, 11, 11, 14, 14, 11, 14, 14, 14, 14, 11, 14, 14, 11, 11, 11, 14, 14, 14, 14, 14, 14, 11, 14, 11, 14, 11, 11, 14, 11, 14, 14, 11, 11, 11, 11, 14, 14, 14, 11, 11, 11, 14, 11, 14, 14, 14, 11, 11, 11, 14, 14, 14, 11, 11, 14, 14, 14, 11, 11, 11, 11, 14, 11, 11, 11, 11, 14, 14, 11, 11, 11, 14, 14, 14, 14, 11, 14, 14, 11, 11, 11, 11, 14, 11, 11, 11, 11, 14, 11, 14, 14, 11, 11, 11, 14, 11, 11, 11, 14, 11, 11, 11, 14, 11, 11, 14, 11, 14, 14, 14, 14, 14, 14, 11, 11, 11, 11, 11, 14, 11, 11, 14, 14, 14, 14, 14, 11, 11, 11, 14, 11, 14, 14, 14, 11, 14, 14, 14, 14, 11, 14, 14, 11, 14, 14, 11, 14, 11, 11, 14, 11, 11, 11, 11, 14, 11, 14, 11, 14, 11, 14, 14, 14, 11, 14, 11, 14, 14, 14, 11, 11, 14, 14, 11, 11, 14, 11, 14, 11, 14, 11, 11, 14, 11, 14, 11, 11, 11, 14, 14, 14, 11, 11, 14, 14, 11, 14, 14, 14, 14, 11, 11, 14, 14, 11, 11, 14, 14, 14, 11, 14, 14, 14, 14, 14, 11, 11, 14, 11, 14, 11, 11, 14, 11, 14, 14, 14, 14, 14, 14, 11, 11, 11, 14, 11, 11, 14, 11, 14, 11, 11, 14, 14, 11, 11, 14, 11, 11, 11, 11, 14, 11, 11, 11, 14, 11, 11, 11, 14, 11, 11, 14, 14, 11, 11, 14, 14, 14, 14, 11, 11, 14, 11, 11, 14, 14, 14, 14, 11, 11, 11, 14, 11, 14, 14, 14, 14, 14, 14, 11, 11, 14, 11, 14, 11, 14, 11, 14, 14, 14, 11, 11, 11, 11, 14, 11, 11, 11, 14, 11, 14, 11, 14, 14, 14, 11, 14, 11, 14, 11, 11, 14, 14, 14, 14, 11, 14, 14, 14, 11, 14, 11, 14, 14, 11, 14, 11, 11, 11, 11, 14, 14, 14, 14, 14, 11, 14, 14, 11, 14, 11, 11, 14, 11, 14, 11, 11, 14, 11, 11, 14, 14, 14, 11, 14, 14, 14, 14, 11, 11, 14, 11, 11, 14, 11, 14, 11, 11, 14, 11, 14, 11, 14, 14, 14, 11, 14, 11, 14, 11, 11, 11, 14, 11, 14, 11, 11, 14, 14, 14, 14, 11, 11, 14, 11, 14, 14, 11, 14, 11, 14, 11, 14, 14, 11, 14, 14, 14, 11, 11, 14, 14, 14, 14, 11, 14, 11, 11, 14, 14, 14, 14, 11, 14, 11, 11, 14, 14, 14, 11, 14, 11, 11, 14, 14, 14, 14, 14, 14, 14, 11, 14, 14, 14, 11, 14, 11, 11, 11, 11, 11, 11, 14, 14, 14, 11, 14, 11, 14, 11, 14, 14, 14, 11, 14, 14, 11, 14, 11, 14, 14, 14, 14, 11, 14, 11, 14, 14, 11, 14, 14, 11, 14, 14, 11, 14, 14, 14, 11, 14, 14, 14, 11, 11, 14, 14, 11, 11, 11, 11, 14, 14, 11, 14, 14, 14, 14, 14, 11, 11, 11, 14, 11, 11, 14, 11, 14, 14, 11, 11, 11, 11, 14, 14, 14, 14, 14, 14, 14, 14, 11, 14, 14, 14, 14, 14, 11, 11, 14, 11, 14, 11, 14, 14, 11, 11, 14, 14, 14, 11, 14, 14, 11, 11, 14, 11, 14, 14, 11, 11, 14, 11, 11, 11, 11, 11, 14, 14, 11, 11, 11, 11, 14, 11, 11, 14, 14, 11, 11, 14, 11, 14, 11, 11, 11, 11, 14, 11, 14, 11, 14, 11, 11, 14, 14, 14, 11, 14, 11, 14, 11, 11, 11, 14, 11, 11, 14, 11, 14, 11, 14, 14, 14, 11, 14, 11, 11, 14, 14, 14, 11, 14, 11, 11, 14, 14, 14, 11, 14, 11, 14, 14, 11, 11, 11, 11, 11, 14, 14, 11, 11, 14, 11, 14, 11, 14, 14, 11, 14, 11, 14, 14, 14, 11, 14, 11, 14, 11, 11, 11, 11, 11, 11, 11, 11, 11, 11, 11, 11, 11, 14, 11, 14, 11, 11, 11, 14, 11, 11, 14, 14, 11, 14, 11, 14, 14, 11, 11, 11, 14, 11, 11, 14, 11, 11, 14, 11, 14, 11, 11, 14, 14, 14, 14, 14, 11, 11, 14, 11, 14, 14, 14, 14, 11, 14, 11, 11, 11, 11, 11, 11, 11, 11, 11, 11, 14, 11, 11, 14, 14, 11, 14, 14, 11, 14, 11, 14, 14, 11, 11, 11, 14, 14, 14, 11, 14, 11, 14, 11, 11, 11, 14, 14, 14, 11, 14, 14, 11, 14, 11, 11, 11, 14, 11, 11, 14, 11, 11, 14, 14, 14, 14, 11, 14, 14, 11, 11, 11, 11, 14, 11, 14, 14, 14, 11, 11, 11, 14, 11, 11, 11, 14, 14, 14, 14, 11, 14, 14, 11, 11, 14, 14, 11, 11, 11, 11, 14, 14, 14, 11, 14, 14, 14, 11, 14, 11, 11, 11, 14, 14, 11, 11, 11, 11, 14, 14, 11, 14, 11, 11, 11, 14, 14, 11, 11, 14, 14, 11, 11, 11, 14, 14, 11, 11, 14, 11, 11, 11, 11, 11, 11, 11, 14, 14, 14, 14, 14, 11, 11, 11, 14, 14, 11, 11, 14, 11, 11, 11, 14, 11, 14, 11, 14, 11, 11, 11, 14, 11, 11, 11, 11, 11, 11, 14, 14, 11, 11, 14, 14, 11, 14, 11, 14, 14, 11, 14, 11, 14, 14, 14, 11, 14, 14, 14, 14, 14, 14, 14, 11, 11, 14, 11, 14, 14, 14, 14, 14, 11, 14, 11, 14, 14, 14, 11, 11, 14, 14, 14, 11, 14, 14, 14, 11, 11, 14, 11, 11, 11, 11, 11, 14, 14, 14, 11, 14, 11, 11, 11, 14, 11, 14, 14, 14, 11, 11, 11, 11, 14, 11, 14, 14, 14, 14, 14, 14, 14, 14, 11, 11, 11, 11, 14, 11, 14, 11, 14, 11, 11, 11, 14, 11, 14, 11, 14, 14, 14, 11, 11, 14, 14, 11, 11, 11, 11, 14, 14, 14, 11, 11, 14, 14, 11, 11, 11, 14, 14, 11, 14, 14, 11, 11, 11, 14, 14, 14, 11, 11, 11, 11, 11, 11, 14, 14, 14, 11, 11, 14, 14, 14, 11, 14, 11, 14, 14, 14, 11, 14, 11, 14, 14, 11, 14, 11, 11, 11, 14, 11, 14, 14, 14, 14, 11, 14, 11, 11, 14, 14, 14, 14, 11, 14, 11, 14, 11, 14, 11, 14, 11, 11, 14, 11, 14, 14, 11, 11, 11, 11, 14, 11, 14, 14, 14, 14, 11, 11, 11, 14, 11, 11, 14, 11, 14, 14, 14, 14, 11, 11, 14, 14, 11, 11, 11, 14, 11, 14, 11, 11, 11, 11, 11, 11, 11, 11, 14, 11, 14, 11, 14, 14, 11, 11, 14, 11, 14, 11, 14, 11, 14, 14, 11, 14, 14, 14, 11, 14, 14, 14, 14, 11, 11, 11, 14, 14, 11, 14, 14, 11, 11, 11, 14, 11, 14, 11, 14, 14, 11, 14, 11, 11, 14, 11, 14, 11, 11, 14, 11, 14, 14, 11, 11, 11, 14, 11, 11, 11, 11, 14, 14, 11, 11, 11, 11, 14, 11, 11, 14, 14, 14, 14, 14, 11, 11, 11, 14, 11, 14, 11, 11, 11, 11, 11, 11, 11, 11, 14, 14, 14, 14, 11, 11, 14, 11, 14, 14, 14, 11, 11, 14, 14, 14, 11, 11, 14, 11, 11, 11, 11, 11, 14, 14, 14, 11, 11, 14, 11, 11, 14, 14, 14, 14, 11, 11, 14, 11, 14, 14, 14, 14, 14, 11, 11, 11, 11, 14, 11, 11, 11, 11, 11, 11, 14, 11, 14, 14, 11, 14, 14, 14, 14, 14, 14, 14, 11, 11, 11, 14, 14, 11, 11, 11, 11, 11, 11, 11, 11, 11, 14, 11, 14, 14, 14, 11, 14, 11, 14, 11, 14, 14, 11, 11, 14, 14, 11, 14, 14, 14, 11, 11, 11, 14, 14, 14, 11, 14, 14, 14, 11, 14, 11, 14, 14, 14, 11, 11, 11, 11, 11, 14, 11, 14, 14, 11, 11, 11, 11, 11, 14, 11, 11, 11, 14, 11, 11, 14, 11, 14, 11, 11, 11, 14, 14, 11, 14, 11, 11, 14, 14, 11, 11, 11, 11, 14, 11, 11, 11, 11, 11, 14, 14, 11, 11, 14, 14, 14, 11, 11, 14, 14, 11, 11, 14, 11, 14, 11, 11, 14, 14, 14, 14, 11, 11, 11, 14, 11, 11, 14, 14, 14, 14, 14, 11, 14, 11, 11, 11, 11, 14, 14, 11, 11, 11, 14, 11, 11, 14, 14, 11, 11, 11, 14, 11, 11, 11, 14, 14, 11, 14, 11, 14, 11, 14, 14, 14, 11, 11, 11, 14, 14, 11, 11, 11, 14, 11, 14, 11, 14, 11, 14, 11, 11, 11]
0.4489087301587302
model 2 use labels test: [16, 16, 13, 16, 13, 13, 13, 16, 13, 16, 13, 16, 13, 13, 16, 13, 16, 13, 16, 16, 13, 16, 16, 16, 13, 13, 13, 13, 16, 16, 13, 13, 16, 13, 16, 16, 16, 16, 16, 16, 13, 16, 13, 16, 13, 13, 13, 16, 13, 16, 16, 16, 13, 13, 16, 13, 16, 16, 16, 16, 13, 13, 13, 13, 13, 16, 13, 16, 13, 13, 13, 16, 16, 16, 16, 16, 16, 16, 13, 16, 16, 13, 16, 13, 13, 13, 16, 13, 13, 13, 16, 13, 13, 16, 13, 13, 13, 16, 16, 13, 13, 16, 16, 16, 16, 13, 13, 16, 13, 16, 13, 16, 16, 16, 13, 16, 13, 16, 13, 16, 16, 16, 16, 13, 16, 13, 16, 13, 13, 16, 16, 13, 13, 16, 13, 16, 16, 16, 16, 16, 13, 13, 13, 13, 16, 16, 16, 13, 16, 16, 13, 13, 13, 13, 13, 16, 13, 13, 16, 13, 16, 13, 13, 13, 16, 13, 13, 16, 16, 13, 16, 13, 13, 13, 16, 16, 16, 13, 16, 16, 16, 16, 16, 13, 13, 16, 16, 13, 13, 13, 13, 16, 16, 13, 13, 16, 13, 16, 13, 16, 13, 13, 16, 13, 16, 16, 13, 16, 16, 13, 13, 13, 16, 13, 13, 16, 16, 16, 16, 16, 16, 16, 13, 13, 16, 13, 16, 16, 16, 16, 16, 16, 16, 16, 16, 13, 13, 13, 16, 16, 16, 16, 16, 13, 13, 16, 13, 16, 13, 13, 16, 16, 13, 16, 13, 13, 13, 13, 16, 16, 16, 13, 16, 13, 13, 13, 13, 13, 16, 16, 16, 13, 16, 13, 13, 16, 13, 16, 13, 16, 16, 13, 16, 13, 16, 13, 16, 13, 16, 16, 13, 13, 16, 13, 13, 16, 13, 16, 16, 13, 13, 13, 16, 13, 16, 13, 13, 13, 13, 13, 16, 13, 13, 13, 16, 13, 13, 16, 16, 16, 16, 16, 13, 13, 13, 13, 13, 16, 13, 16, 13, 16, 16, 16, 16, 13, 16, 16, 13, 16, 16, 16, 16, 16, 16, 16, 16, 16, 16, 16, 13, 13, 16, 13, 13, 13, 13, 16, 13, 13, 13, 13, 13, 13, 13, 13, 13, 16, 13, 16, 16, 13, 16, 16, 16, 16, 13, 13, 13, 16, 13, 16, 16, 13, 13, 13, 16, 13, 16, 16, 16, 13, 13, 16, 13, 13, 13, 13, 16, 13, 13, 16, 13, 13, 16, 13, 13, 16, 16, 16, 16, 13, 13, 13, 13, 16, 16, 16, 13, 13, 16, 13, 13, 13, 13, 13, 13, 13, 16, 16, 16, 13, 13, 13, 13, 13, 13, 16, 13, 13, 16, 13, 13, 13, 16, 16, 16, 16, 13, 16, 13, 13, 16, 13, 16, 13, 13, 13, 13, 13, 16, 16, 13, 16, 13, 16, 13, 13, 16, 16, 16, 13, 13, 16, 13, 13, 16, 13, 13, 16, 13, 13, 16, 16, 16, 13, 16, 16, 13, 16, 13, 16, 13, 16, 13, 13, 16, 16, 16, 13, 13, 16, 16, 16, 16, 16, 13, 16, 16, 16, 13, 13, 16, 13, 16, 13, 16, 13, 13, 16, 16, 16, 13, 13, 16, 16, 13, 13, 16, 13, 13, 13, 16, 13, 16, 13, 16, 16, 16, 13, 16, 13, 13, 16, 13, 13, 13, 13, 16, 13, 13, 13, 13, 16, 13, 16, 16, 16, 16, 16, 13, 13, 13, 13, 16, 13, 16, 16, 16, 16, 13, 16, 16, 13, 16, 13, 13, 16, 16, 16, 13, 13, 16, 16, 16, 16, 16, 16, 13, 16, 13, 16, 16, 16, 13, 16, 13, 13, 16, 13, 13, 13, 16, 13, 16, 13, 13, 13, 13, 13, 16, 13, 16, 13, 16, 16, 13, 13, 16, 16, 16, 13, 13, 16, 16, 13, 13, 16, 16, 13, 16, 16, 16, 16, 13, 16, 16, 13, 13, 16, 16, 16, 16, 16, 13, 16, 13, 13, 13, 13, 13, 13, 13, 16, 16, 13, 13, 13, 16, 16, 16, 13, 16, 13, 16, 16, 16, 16, 13, 13, 13, 13, 16, 16, 13, 16, 16, 13, 13, 13, 13, 16, 13, 13, 16, 16, 16, 16, 13, 16, 13, 13, 16, 16, 13, 16, 13, 13, 16, 13, 13, 16, 13, 13, 16, 13, 16, 16, 13, 13, 13, 16, 16, 16, 16, 13, 13, 16, 13, 13, 16, 13, 13, 16, 13, 13, 16, 16, 16, 13, 16, 13, 16, 13, 16, 13, 16, 13, 13, 16, 16, 13, 16, 16, 13, 13, 16, 16, 13, 16, 16, 13, 13, 16, 13, 16, 13, 16, 16, 16, 16, 13, 13, 16, 16, 16, 13, 13, 13, 13, 16, 13, 13, 13, 13, 13, 13, 16, 13, 16, 16, 13, 16, 13, 13, 16, 13, 13, 13, 16, 16, 13, 16, 16, 16, 13, 16, 16, 13, 16, 16, 16, 16, 16, 13, 16, 13, 16, 13, 13, 13, 16, 16, 16, 16, 13, 13, 16, 13, 13, 16, 16, 13, 13, 13, 13, 16, 13, 16, 16, 16, 16, 13, 16, 16, 16, 13, 16, 16, 16, 16, 13, 16, 13, 16, 13, 13, 13, 13, 13, 16, 13, 16, 13, 13, 16, 13, 13, 16, 13, 16, 13, 16, 16, 13, 16, 16, 16, 13, 16, 13, 13, 13, 16, 16, 13, 13, 16, 13, 13, 13, 13, 16, 16, 16, 16, 16, 16, 13, 16, 13, 16, 13, 13, 13, 16, 13, 16, 16, 13, 16, 13, 13, 16, 13, 13, 16, 16, 16, 13, 13, 13, 16, 16, 13, 13, 16, 13, 13, 13, 13, 16, 13, 16, 16, 13, 13, 13, 13, 13, 13, 13, 16, 16, 13, 13, 13, 16, 13, 16, 16, 13, 16, 13, 13, 16, 16, 13, 16, 13, 16, 16, 16, 13, 13, 16, 13, 16, 16, 16, 16, 13, 13, 16, 13, 13, 13, 16, 13, 13, 13, 13, 13, 13, 13, 16, 13, 13, 16, 13, 13, 16, 13, 16, 16, 13, 16, 13, 16, 13, 13, 13, 13, 16, 16, 16, 16, 13, 13, 13, 16, 13, 16, 13, 16, 13, 16, 13, 16, 13, 16, 16, 16, 13, 16, 16, 13, 16, 16, 16, 16, 13, 13, 16, 16, 13, 16, 13, 13, 13, 13, 16, 13, 16, 16, 13, 16, 16, 13, 16, 13, 13, 16, 13, 16, 13, 13, 16, 16, 13, 13, 13, 13, 13, 16, 13, 16, 13, 13, 13, 16, 16, 16, 13, 13, 16, 13, 13, 16, 13, 13, 16, 16, 16, 16, 16, 16, 13, 16, 16, 16, 13, 13, 16, 16, 16, 16, 13, 13, 13, 13, 13, 16, 16, 16, 13, 13, 13, 16, 16, 13, 16, 16, 13, 16, 13, 13, 13, 13, 16, 16, 13, 16, 16, 13, 16, 13, 13, 13, 16, 13, 13, 16, 13, 13, 13, 13, 16, 13, 16, 16, 16, 13, 13, 13, 16, 13, 16, 13, 13, 13, 16, 16, 13, 16, 13, 13, 13, 16, 13, 16, 16, 16, 16, 13, 16, 16, 16, 16, 16, 13, 16, 13, 13, 16, 16, 13, 16, 16, 16, 13, 16, 13, 16, 13, 13, 16, 13, 13, 13, 13, 16, 13, 13, 13, 16, 13, 16, 16, 16, 16, 16, 13, 13, 16, 16, 13, 16, 16, 16, 16, 16, 16, 13, 13, 16, 13, 16, 13, 13, 13, 16, 16, 16, 16, 13, 13, 13, 13, 16, 16, 16, 16, 13, 13, 13, 16, 13, 13, 16, 13, 16, 13, 13, 16, 16, 13, 16, 13, 16, 13, 13, 16, 16, 16, 16, 13, 16, 13, 16, 13, 13, 13, 13, 13, 13, 13, 13, 16, 16, 13, 16, 13, 13, 16, 16, 13, 13, 16, 13, 16, 16, 16, 13, 13, 13, 16, 16, 13, 16, 16, 13, 13, 16, 13, 13, 13, 13, 16, 16, 16, 16, 13, 16, 13, 13, 13, 16, 16, 13, 16, 16, 16, 16, 16, 13, 16, 16, 16, 16, 13, 16, 16, 16, 16, 13, 16, 16, 13, 16, 13, 13, 16, 16, 13, 16, 13, 16, 13, 16, 13, 13, 16, 16, 13, 16, 16, 16, 16, 16, 13, 16, 13, 16, 13, 13, 16, 13, 13, 13, 13, 13, 13, 13, 13, 13, 16, 13, 16, 16, 13, 16, 13, 13, 16, 16, 13, 16, 16, 13, 16, 13, 16, 16, 13, 13, 16, 13, 16, 13, 13, 13, 13, 13, 16, 13, 13, 13, 13, 13, 13, 16, 16, 13, 16, 16, 16, 16, 16, 16, 13, 13, 16, 13, 16, 13, 13, 16, 16, 16, 16, 13, 16, 16, 13, 16, 13, 13, 16, 16, 13, 13, 13, 16, 16, 16, 16, 16, 13, 13, 13, 13, 16, 16, 13, 13, 13, 13, 16, 16, 16, 16, 16, 16, 16, 16, 13, 13, 13, 13, 16, 13, 16, 16, 13, 16, 13, 16, 16, 13, 13, 13, 13, 16, 16, 13, 13, 16, 13, 13, 16, 13, 13, 16, 16, 13, 16, 13, 13, 13, 13, 13, 16, 13, 13, 16, 13, 13, 13, 13, 13, 16, 16, 16, 13, 16, 16, 13, 13, 16, 13, 13, 16, 16, 13, 16, 16, 16, 16, 13, 13, 13, 16, 13, 13, 16, 13, 16, 16, 13, 13, 13, 16, 13, 13, 13, 13, 13, 13, 16, 13, 13, 13, 13, 16, 16, 13, 13, 16, 13, 13, 13, 13, 13, 13, 13, 16, 16, 13, 13, 16, 13, 13, 16, 16, 13, 16, 13, 16, 13, 16, 13, 13, 13, 13, 13, 16, 13, 16, 16, 16, 16, 13, 16, 13, 16, 13, 13, 13, 13, 13, 16, 13, 16, 16, 16, 16, 13, 13, 13, 16, 16, 13, 16, 13, 16, 13, 16, 16, 16, 16, 16, 13, 13, 16, 13, 13, 16, 16, 13, 13, 16, 13, 16, 16, 13, 16, 13, 16, 16, 13, 16, 16, 16, 13, 13, 16, 16, 16, 16, 13, 13, 13, 13, 13, 16, 13, 13, 13, 16, 16, 13, 16, 16, 13, 16, 16, 16, 13, 13, 16, 16, 13, 13, 16, 13, 16, 16, 16, 16, 13, 16, 13, 16, 13, 16, 13, 16, 16, 16, 13, 16, 16, 13, 16, 13, 16, 13, 16, 13, 13, 13, 13, 16, 16, 16, 13, 16, 16, 13, 13, 13, 16, 16, 13, 13, 16, 16, 13, 13, 13, 16, 13, 13, 16, 16, 13, 13, 13, 13, 16, 16, 16, 16, 16, 16, 16, 16, 13, 13, 13, 13, 16, 16, 13, 16, 16, 16, 13, 16, 16, 13, 13, 13, 16, 16, 13, 16, 16, 13, 13, 13, 16, 16, 13, 13, 13, 16, 13, 16, 13, 13, 16, 16, 16, 16, 16, 16, 16, 13, 16, 13, 16, 16, 13, 13, 13, 16, 13, 13, 13, 13, 16, 13, 16, 16, 16, 13, 13, 16, 16, 13, 13, 13, 16, 13, 16, 16, 16, 13, 13, 13, 16, 16, 16, 13, 16, 16, 13, 16, 13, 13, 13, 16, 16, 16, 16, 16, 16, 16, 13, 16, 13, 16, 16, 16, 16, 13, 16, 16, 13, 13, 13, 16, 16, 16, 16, 13, 13, 16, 16, 16, 16, 16, 13, 13, 16, 13, 16, 13, 13, 13, 16, 16, 16, 13, 13, 13, 16, 16, 16, 16, 16, 13, 16, 16, 13, 13, 16, 13, 13, 13, 16, 16, 13, 16, 13, 13, 16, 16, 13, 16, 16, 16, 16, 13, 13, 13, 16, 16, 16, 13, 13, 13, 16, 16, 16, 16, 16, 16, 16, 13, 13, 13, 13, 16, 16, 13, 16, 16, 16, 13, 13, 16, 13, 16, 13, 16, 16, 16, 16, 16, 16, 13, 16, 16, 13, 13, 16, 13, 16, 13, 13, 13, 16, 16, 16, 13, 16, 16, 16, 13, 16, 16, 13, 16, 13, 16, 13, 16, 13, 13, 16, 16, 16, 16, 13, 13, 16, 16, 16, 16, 16, 13, 16, 13, 16, 13, 13, 13, 13, 13, 13, 13, 16, 13, 16, 13, 13, 13, 16, 13, 16, 13, 13, 16, 13, 16, 16, 13, 13, 16, 13, 16, 13, 13, 13, 13, 16, 13, 16, 16, 16, 16, 16, 16, 16, 16, 13, 16]
0.0
