Namespace(conf='../conf/EMNIST_balance_conf.json', dataset='mnist', gpu=1.0, iid=True, use_pretrained_model=False)
X shape : (36000, 28, 28)
y shape : (36000,)
X shape : (6000, 28, 28)
y shape : (6000,)
15    6000
14    6000
13    6000
12    6000
11    6000
10    6000
dtype: int64
mod_private_class1: [10 11 12]
mod_private_class2: [13 14 15]
============================================================
============================================================
============================================================
X shape : (3000, 28, 28)
y shape : (3000,)
X shape : (3000, 28, 28)
y shape : (3000,)
model 0 : CNN_128_256
model 1 : CNN_128_384
model 2 : CNN_128_512
model 3 : CNN_256_256
model 4 : CNN_256_512
model 5 : CNN_64_128_256
model 6 : CNN_64_128_192
model 7 : CNN_128_192_256
model 8 : CNN_128_128_128
model 9 : CNN_128_128_192
Training model  0
Training model  1
Training model  2
Training model  3
Training model  4
Training model  5
Training model  6
Training model  7
Training model  8
Training model  9
pre-train accuracy: 
[0.9869462025316456, 0.9886273734177216, 0.9853639240506329, 0.9863528481012658, 0.9864517405063291, 0.989814082278481, 0.9919897151898734, 0.9921875, 0.9920886075949367, 0.9904074367088608]
publice_dataset[y]: [5 0 4 ... 5 6 8]
calculate the theoretical upper bounds for participants: 
the upper bounds are: [0.0, 0.0, 0.0, 0.0, 0.0, 0.0, 0.0, 0.0, 0.0, 0.0]
start model initialization: 
finish model initialization: 
round  0
update logits ... 
cosdist:
[[1, 0.9607713349352532, 0.9901575489310671, 0.9939211998198008, 0.9876305260934412, 0.7557289993143526, 0.7755762128719994, 0.7851106480837515, 0.7833593728500856, 0.748681431494291], [0.9607713349352532, 1, 0.9644894477601814, 0.9591667380806979, 0.9613108243523779, 0.7852283997477089, 0.8079818411813058, 0.8294468442701068, 0.83443000953132, 0.7662269326033821], [0.9901575489310671, 0.9644894477601814, 1, 0.9831123801115407, 0.9839554205872828, 0.7620966235265896, 0.7805998956685816, 0.7907910783513775, 0.789423238583579, 0.7487608398196178], [0.9939211998198008, 0.9591667380806979, 0.9831123801115407, 1, 0.9890917808193064, 0.7513576980807574, 0.7695693237262555, 0.7767935992834484, 0.7772025316614761, 0.7431202690218361], [0.9876305260934412, 0.9613108243523779, 0.9839554205872828, 0.9890917808193064, 1, 0.7331632279476851, 0.7556551502028271, 0.7695096787298934, 0.7659166865582445, 0.7184089611588846], [0.7557289993143526, 0.7852283997477089, 0.7620966235265896, 0.7513576980807574, 0.7331632279476851, 1, 0.9854520480162122, 0.9739838719050544, 0.9679335101986273, 0.9866287975004838], [0.7755762128719994, 0.8079818411813058, 0.7805998956685816, 0.7695693237262555, 0.7556551502028271, 0.9854520480162122, 1, 0.9860412360319785, 0.9768239780255502, 0.9794780028490617], [0.7851106480837515, 0.8294468442701068, 0.7907910783513775, 0.7767935992834484, 0.7695096787298934, 0.9739838719050544, 0.9860412360319785, 1, 0.9784649525039305, 0.9655447255163843], [0.7833593728500856, 0.83443000953132, 0.789423238583579, 0.7772025316614761, 0.7659166865582445, 0.9679335101986273, 0.9768239780255502, 0.9784649525039305, 1, 0.9565933569829594], [0.748681431494291, 0.7662269326033821, 0.7487608398196178, 0.7431202690218361, 0.7184089611588846, 0.9866287975004838, 0.9794780028490617, 0.9655447255163843, 0.9565933569829594, 1]]
thresholdtopk: [0.7851106480837515, 0.83443000953132, 0.7907910783513775, 0.7772025316614761, 0.7695096787298934, 0.7852283997477089, 0.8079818411813058, 0.8294468442701068, 0.83443000953132, 0.7662269326033821]
index,index2,cosdist[index][index2],thresholdtopk[index]: 0 0 1 0.7851106480837515
model_id_of_model0_used: 0
index,index2,cosdist[index][index2],thresholdtopk[index]: 0 1 0.9607713349352532 0.7851106480837515
model_id_of_model0_used: 1
index,index2,cosdist[index][index2],thresholdtopk[index]: 0 2 0.9901575489310671 0.7851106480837515
model_id_of_model0_used: 2
index,index2,cosdist[index][index2],thresholdtopk[index]: 0 3 0.9939211998198008 0.7851106480837515
model_id_of_model0_used: 3
index,index2,cosdist[index][index2],thresholdtopk[index]: 0 4 0.9876305260934412 0.7851106480837515
model_id_of_model0_used: 4
model_num of model 0 used
-- 5 --
index,index2,cosdist[index][index2],thresholdtopk[index]: 1 0 0.9607713349352532 0.83443000953132
model_id_of_model1_used: 0
index,index2,cosdist[index][index2],thresholdtopk[index]: 1 1 1 0.83443000953132
model_id_of_model1_used: 1
index,index2,cosdist[index][index2],thresholdtopk[index]: 1 2 0.9644894477601814 0.83443000953132
model_id_of_model1_used: 2
index,index2,cosdist[index][index2],thresholdtopk[index]: 1 3 0.9591667380806979 0.83443000953132
model_id_of_model1_used: 3
index,index2,cosdist[index][index2],thresholdtopk[index]: 1 4 0.9613108243523779 0.83443000953132
model_id_of_model1_used: 4
model_num of model 1 used
-- 5 --
index,index2,cosdist[index][index2],thresholdtopk[index]: 2 0 0.9901575489310671 0.7907910783513775
model_id_of_model2_used: 0
index,index2,cosdist[index][index2],thresholdtopk[index]: 2 1 0.9644894477601814 0.7907910783513775
model_id_of_model2_used: 1
index,index2,cosdist[index][index2],thresholdtopk[index]: 2 2 1 0.7907910783513775
model_id_of_model2_used: 2
index,index2,cosdist[index][index2],thresholdtopk[index]: 2 3 0.9831123801115407 0.7907910783513775
model_id_of_model2_used: 3
index,index2,cosdist[index][index2],thresholdtopk[index]: 2 4 0.9839554205872828 0.7907910783513775
model_id_of_model2_used: 4
model_num of model 2 used
-- 5 --
index,index2,cosdist[index][index2],thresholdtopk[index]: 3 0 0.9939211998198008 0.7772025316614761
model_id_of_model3_used: 0
index,index2,cosdist[index][index2],thresholdtopk[index]: 3 1 0.9591667380806979 0.7772025316614761
model_id_of_model3_used: 1
index,index2,cosdist[index][index2],thresholdtopk[index]: 3 2 0.9831123801115407 0.7772025316614761
model_id_of_model3_used: 2
index,index2,cosdist[index][index2],thresholdtopk[index]: 3 3 1 0.7772025316614761
model_id_of_model3_used: 3
index,index2,cosdist[index][index2],thresholdtopk[index]: 3 4 0.9890917808193064 0.7772025316614761
model_id_of_model3_used: 4
model_num of model 3 used
-- 5 --
index,index2,cosdist[index][index2],thresholdtopk[index]: 4 0 0.9876305260934412 0.7695096787298934
model_id_of_model4_used: 0
index,index2,cosdist[index][index2],thresholdtopk[index]: 4 1 0.9613108243523779 0.7695096787298934
model_id_of_model4_used: 1
index,index2,cosdist[index][index2],thresholdtopk[index]: 4 2 0.9839554205872828 0.7695096787298934
model_id_of_model4_used: 2
index,index2,cosdist[index][index2],thresholdtopk[index]: 4 3 0.9890917808193064 0.7695096787298934
model_id_of_model4_used: 3
index,index2,cosdist[index][index2],thresholdtopk[index]: 4 4 1 0.7695096787298934
model_id_of_model4_used: 4
model_num of model 4 used
-- 5 --
index,index2,cosdist[index][index2],thresholdtopk[index]: 5 5 1 0.7852283997477089
model_id_of_model5_used: 5
index,index2,cosdist[index][index2],thresholdtopk[index]: 5 6 0.9854520480162122 0.7852283997477089
model_id_of_model5_used: 6
index,index2,cosdist[index][index2],thresholdtopk[index]: 5 7 0.9739838719050544 0.7852283997477089
model_id_of_model5_used: 7
index,index2,cosdist[index][index2],thresholdtopk[index]: 5 8 0.9679335101986273 0.7852283997477089
model_id_of_model5_used: 8
index,index2,cosdist[index][index2],thresholdtopk[index]: 5 9 0.9866287975004838 0.7852283997477089
model_id_of_model5_used: 9
model_num of model 5 used
-- 5 --
index,index2,cosdist[index][index2],thresholdtopk[index]: 6 5 0.9854520480162122 0.8079818411813058
model_id_of_model6_used: 5
index,index2,cosdist[index][index2],thresholdtopk[index]: 6 6 1 0.8079818411813058
model_id_of_model6_used: 6
index,index2,cosdist[index][index2],thresholdtopk[index]: 6 7 0.9860412360319785 0.8079818411813058
model_id_of_model6_used: 7
index,index2,cosdist[index][index2],thresholdtopk[index]: 6 8 0.9768239780255502 0.8079818411813058
model_id_of_model6_used: 8
index,index2,cosdist[index][index2],thresholdtopk[index]: 6 9 0.9794780028490617 0.8079818411813058
model_id_of_model6_used: 9
model_num of model 6 used
-- 5 --
index,index2,cosdist[index][index2],thresholdtopk[index]: 7 5 0.9739838719050544 0.8294468442701068
model_id_of_model7_used: 5
index,index2,cosdist[index][index2],thresholdtopk[index]: 7 6 0.9860412360319785 0.8294468442701068
model_id_of_model7_used: 6
index,index2,cosdist[index][index2],thresholdtopk[index]: 7 7 1 0.8294468442701068
model_id_of_model7_used: 7
index,index2,cosdist[index][index2],thresholdtopk[index]: 7 8 0.9784649525039305 0.8294468442701068
model_id_of_model7_used: 8
index,index2,cosdist[index][index2],thresholdtopk[index]: 7 9 0.9655447255163843 0.8294468442701068
model_id_of_model7_used: 9
model_num of model 7 used
-- 5 --
index,index2,cosdist[index][index2],thresholdtopk[index]: 8 5 0.9679335101986273 0.83443000953132
model_id_of_model8_used: 5
index,index2,cosdist[index][index2],thresholdtopk[index]: 8 6 0.9768239780255502 0.83443000953132
model_id_of_model8_used: 6
index,index2,cosdist[index][index2],thresholdtopk[index]: 8 7 0.9784649525039305 0.83443000953132
model_id_of_model8_used: 7
index,index2,cosdist[index][index2],thresholdtopk[index]: 8 8 1 0.83443000953132
model_id_of_model8_used: 8
index,index2,cosdist[index][index2],thresholdtopk[index]: 8 9 0.9565933569829594 0.83443000953132
model_id_of_model8_used: 9
model_num of model 8 used
-- 5 --
index,index2,cosdist[index][index2],thresholdtopk[index]: 9 5 0.9866287975004838 0.7662269326033821
model_id_of_model9_used: 5
index,index2,cosdist[index][index2],thresholdtopk[index]: 9 6 0.9794780028490617 0.7662269326033821
model_id_of_model9_used: 6
index,index2,cosdist[index][index2],thresholdtopk[index]: 9 7 0.9655447255163843 0.7662269326033821
model_id_of_model9_used: 7
index,index2,cosdist[index][index2],thresholdtopk[index]: 9 8 0.9565933569829594 0.7662269326033821
model_id_of_model9_used: 8
index,index2,cosdist[index][index2],thresholdtopk[index]: 9 9 1 0.7662269326033821
model_id_of_model9_used: 9
model_num of model 9 used
-- 5 --
test performance ... 
model 0 use private_data_1 test
0.9167774826922315
model 1 use private_data_1 test
0.8697916668780307
model 2 use private_data_1 test
0.854720744680851
model 3 use private_data_1 test
0.8873005319148937
model 4 use private_data_1 test
0.9111258869475507
model 5 use private_data_2 test
0.9406028370907966
model 6 use private_data_2 test
0.8505097519844136
model 7 use private_data_2 test
0.8620345744680851
model 8 use private_data_2 test
0.7522163124794655
model 9 use private_data_2 test
0.8868572699262741
updates models ...
model 0 starting alignment with public logits... 
model 0 done alignment
model 0 starting training with private data... 
model 0 done private training. 

model 1 starting alignment with public logits... 
model 1 done alignment
model 1 starting training with private data... 
model 1 done private training. 

model 2 starting alignment with public logits... 
model 2 done alignment
model 2 starting training with private data... 
model 2 done private training. 

model 3 starting alignment with public logits... 
model 3 done alignment
model 3 starting training with private data... 
model 3 done private training. 

model 4 starting alignment with public logits... 
model 4 done alignment
model 4 starting training with private data... 
model 4 done private training. 

model 5 starting alignment with public logits... 
model 5 done alignment
model 5 starting training with private data... 
model 5 done private training. 

model 6 starting alignment with public logits... 
model 6 done alignment
model 6 starting training with private data... 
model 6 done private training. 

model 7 starting alignment with public logits... 
model 7 done alignment
model 7 starting training with private data... 
model 7 done private training. 

model 8 starting alignment with public logits... 
model 8 done alignment
model 8 starting training with private data... 
model 8 done private training. 

model 9 starting alignment with public logits... 
model 9 done alignment
model 9 starting training with private data... 
model 9 done private training. 

round  1
update logits ... 
cosdist:
[[1, 0.993337766632502, 0.9950628613312937, 0.9978756632527186, 0.9967593423918877, 0.9864649322552617, 0.9865035366908798, 0.9899339874696474, 0.9860667227490939, 0.986768989099888], [0.993337766632502, 1, 0.992627552061922, 0.9944185535730984, 0.995068853877736, 0.9813957690959395, 0.9794169597053475, 0.9848139974043887, 0.9781805402358622, 0.9818385879324893], [0.9950628613312937, 0.992627552061922, 1, 0.9925520246848853, 0.9961656978391283, 0.9807744038951928, 0.9770240747264185, 0.9824429371671752, 0.975468077779092, 0.9813132055734729], [0.9978756632527186, 0.9944185535730984, 0.9925520246848853, 1, 0.9962322001414304, 0.9865084261591878, 0.9866477324305574, 0.9899365220046578, 0.9864044463744701, 0.9865849233044367], [0.9967593423918877, 0.995068853877736, 0.9961656978391283, 0.9962322001414304, 1, 0.9832226295829838, 0.9813251959722249, 0.9854651304734516, 0.9797119077879349, 0.9836326417836931], [0.9864649322552617, 0.9813957690959395, 0.9807744038951928, 0.9865084261591878, 0.9832226295829838, 1, 0.9938275180501176, 0.9949877578217876, 0.9871972264537068, 0.9971220701296061], [0.9865035366908798, 0.9794169597053475, 0.9770240747264185, 0.9866477324305574, 0.9813251959722249, 0.9938275180501176, 1, 0.9958148072305724, 0.9950294614693099, 0.9920150369725211], [0.9899339874696474, 0.9848139974043887, 0.9824429371671752, 0.9899365220046578, 0.9854651304734516, 0.9949877578217876, 0.9958148072305724, 1, 0.9931720615876571, 0.9938391183256049], [0.9860667227490939, 0.9781805402358622, 0.975468077779092, 0.9864044463744701, 0.9797119077879349, 0.9871972264537068, 0.9950294614693099, 0.9931720615876571, 1, 0.9851654869021778], [0.986768989099888, 0.9818385879324893, 0.9813132055734729, 0.9865849233044367, 0.9836326417836931, 0.9971220701296061, 0.9920150369725211, 0.9938391183256049, 0.9851654869021778, 1]]
thresholdtopk: [0.9899339874696474, 0.9848139974043887, 0.9824429371671752, 0.9899365220046578, 0.9854651304734516, 0.9865084261591878, 0.9866477324305574, 0.9899365220046578, 0.9860667227490939, 0.9865849233044367]
index,index2,cosdist[index][index2],thresholdtopk[index]: 0 0 1 0.9899339874696474
model_id_of_model0_used: 0
index,index2,cosdist[index][index2],thresholdtopk[index]: 0 1 0.993337766632502 0.9899339874696474
model_id_of_model0_used: 1
index,index2,cosdist[index][index2],thresholdtopk[index]: 0 2 0.9950628613312937 0.9899339874696474
model_id_of_model0_used: 2
index,index2,cosdist[index][index2],thresholdtopk[index]: 0 3 0.9978756632527186 0.9899339874696474
model_id_of_model0_used: 3
index,index2,cosdist[index][index2],thresholdtopk[index]: 0 4 0.9967593423918877 0.9899339874696474
model_id_of_model0_used: 4
model_num of model 0 used
-- 5 --
index,index2,cosdist[index][index2],thresholdtopk[index]: 1 0 0.993337766632502 0.9848139974043887
model_id_of_model1_used: 0
index,index2,cosdist[index][index2],thresholdtopk[index]: 1 1 1 0.9848139974043887
model_id_of_model1_used: 1
index,index2,cosdist[index][index2],thresholdtopk[index]: 1 2 0.992627552061922 0.9848139974043887
model_id_of_model1_used: 2
index,index2,cosdist[index][index2],thresholdtopk[index]: 1 3 0.9944185535730984 0.9848139974043887
model_id_of_model1_used: 3
index,index2,cosdist[index][index2],thresholdtopk[index]: 1 4 0.995068853877736 0.9848139974043887
model_id_of_model1_used: 4
model_num of model 1 used
-- 5 --
index,index2,cosdist[index][index2],thresholdtopk[index]: 2 0 0.9950628613312937 0.9824429371671752
model_id_of_model2_used: 0
index,index2,cosdist[index][index2],thresholdtopk[index]: 2 1 0.992627552061922 0.9824429371671752
model_id_of_model2_used: 1
index,index2,cosdist[index][index2],thresholdtopk[index]: 2 2 1 0.9824429371671752
model_id_of_model2_used: 2
index,index2,cosdist[index][index2],thresholdtopk[index]: 2 3 0.9925520246848853 0.9824429371671752
model_id_of_model2_used: 3
index,index2,cosdist[index][index2],thresholdtopk[index]: 2 4 0.9961656978391283 0.9824429371671752
model_id_of_model2_used: 4
model_num of model 2 used
-- 5 --
index,index2,cosdist[index][index2],thresholdtopk[index]: 3 0 0.9978756632527186 0.9899365220046578
model_id_of_model3_used: 0
index,index2,cosdist[index][index2],thresholdtopk[index]: 3 1 0.9944185535730984 0.9899365220046578
model_id_of_model3_used: 1
index,index2,cosdist[index][index2],thresholdtopk[index]: 3 2 0.9925520246848853 0.9899365220046578
model_id_of_model3_used: 2
index,index2,cosdist[index][index2],thresholdtopk[index]: 3 3 1 0.9899365220046578
model_id_of_model3_used: 3
index,index2,cosdist[index][index2],thresholdtopk[index]: 3 4 0.9962322001414304 0.9899365220046578
model_id_of_model3_used: 4
model_num of model 3 used
-- 5 --
index,index2,cosdist[index][index2],thresholdtopk[index]: 4 0 0.9967593423918877 0.9854651304734516
model_id_of_model4_used: 0
index,index2,cosdist[index][index2],thresholdtopk[index]: 4 1 0.995068853877736 0.9854651304734516
model_id_of_model4_used: 1
index,index2,cosdist[index][index2],thresholdtopk[index]: 4 2 0.9961656978391283 0.9854651304734516
model_id_of_model4_used: 2
index,index2,cosdist[index][index2],thresholdtopk[index]: 4 3 0.9962322001414304 0.9854651304734516
model_id_of_model4_used: 3
index,index2,cosdist[index][index2],thresholdtopk[index]: 4 4 1 0.9854651304734516
model_id_of_model4_used: 4
model_num of model 4 used
-- 5 --
index,index2,cosdist[index][index2],thresholdtopk[index]: 5 5 1 0.9865084261591878
model_id_of_model5_used: 5
index,index2,cosdist[index][index2],thresholdtopk[index]: 5 6 0.9938275180501176 0.9865084261591878
model_id_of_model5_used: 6
index,index2,cosdist[index][index2],thresholdtopk[index]: 5 7 0.9949877578217876 0.9865084261591878
model_id_of_model5_used: 7
index,index2,cosdist[index][index2],thresholdtopk[index]: 5 8 0.9871972264537068 0.9865084261591878
model_id_of_model5_used: 8
index,index2,cosdist[index][index2],thresholdtopk[index]: 5 9 0.9971220701296061 0.9865084261591878
model_id_of_model5_used: 9
model_num of model 5 used
-- 5 --
index,index2,cosdist[index][index2],thresholdtopk[index]: 6 5 0.9938275180501176 0.9866477324305574
model_id_of_model6_used: 5
index,index2,cosdist[index][index2],thresholdtopk[index]: 6 6 1 0.9866477324305574
model_id_of_model6_used: 6
index,index2,cosdist[index][index2],thresholdtopk[index]: 6 7 0.9958148072305724 0.9866477324305574
model_id_of_model6_used: 7
index,index2,cosdist[index][index2],thresholdtopk[index]: 6 8 0.9950294614693099 0.9866477324305574
model_id_of_model6_used: 8
index,index2,cosdist[index][index2],thresholdtopk[index]: 6 9 0.9920150369725211 0.9866477324305574
model_id_of_model6_used: 9
model_num of model 6 used
-- 5 --
index,index2,cosdist[index][index2],thresholdtopk[index]: 7 5 0.9949877578217876 0.9899365220046578
model_id_of_model7_used: 5
index,index2,cosdist[index][index2],thresholdtopk[index]: 7 6 0.9958148072305724 0.9899365220046578
model_id_of_model7_used: 6
index,index2,cosdist[index][index2],thresholdtopk[index]: 7 7 1 0.9899365220046578
model_id_of_model7_used: 7
index,index2,cosdist[index][index2],thresholdtopk[index]: 7 8 0.9931720615876571 0.9899365220046578
model_id_of_model7_used: 8
index,index2,cosdist[index][index2],thresholdtopk[index]: 7 9 0.9938391183256049 0.9899365220046578
model_id_of_model7_used: 9
model_num of model 7 used
-- 5 --
index,index2,cosdist[index][index2],thresholdtopk[index]: 8 3 0.9864044463744701 0.9860667227490939
model_id_of_model8_used: 3
index,index2,cosdist[index][index2],thresholdtopk[index]: 8 5 0.9871972264537068 0.9860667227490939
model_id_of_model8_used: 5
index,index2,cosdist[index][index2],thresholdtopk[index]: 8 6 0.9950294614693099 0.9860667227490939
model_id_of_model8_used: 6
index,index2,cosdist[index][index2],thresholdtopk[index]: 8 7 0.9931720615876571 0.9860667227490939
model_id_of_model8_used: 7
index,index2,cosdist[index][index2],thresholdtopk[index]: 8 8 1 0.9860667227490939
model_id_of_model8_used: 8
model_num of model 8 used
-- 5 --
index,index2,cosdist[index][index2],thresholdtopk[index]: 9 0 0.986768989099888 0.9865849233044367
model_id_of_model9_used: 0
index,index2,cosdist[index][index2],thresholdtopk[index]: 9 5 0.9971220701296061 0.9865849233044367
model_id_of_model9_used: 5
index,index2,cosdist[index][index2],thresholdtopk[index]: 9 6 0.9920150369725211 0.9865849233044367
model_id_of_model9_used: 6
index,index2,cosdist[index][index2],thresholdtopk[index]: 9 7 0.9938391183256049 0.9865849233044367
model_id_of_model9_used: 7
index,index2,cosdist[index][index2],thresholdtopk[index]: 9 9 1 0.9865849233044367
model_id_of_model9_used: 9
model_num of model 9 used
-- 5 --
test performance ... 
model 0 use private_data_1 test
0.9133421987929242
model 1 use private_data_1 test
0.8517287234042553
model 2 use private_data_1 test
0.8221409574468085
model 3 use private_data_1 test
0.9131205677986145
model 4 use private_data_1 test
0.9289671987929242
model 5 use private_data_2 test
0.8669104614156358
model 6 use private_data_2 test
0.8250221635432954
model 7 use private_data_2 test
0.8347739361702128
model 8 use private_data_2 test
0.7450132978723404
model 9 use private_data_2 test
0.8605939720539336
updates models ...
model 0 starting alignment with public logits... 
model 0 done alignment
model 0 starting training with private data... 
model 0 done private training. 

model 1 starting alignment with public logits... 
model 1 done alignment
model 1 starting training with private data... 
model 1 done private training. 

model 2 starting alignment with public logits... 
model 2 done alignment
model 2 starting training with private data... 
model 2 done private training. 

model 3 starting alignment with public logits... 
model 3 done alignment
model 3 starting training with private data... 
model 3 done private training. 

model 4 starting alignment with public logits... 
model 4 done alignment
model 4 starting training with private data... 
model 4 done private training. 

model 5 starting alignment with public logits... 
model 5 done alignment
model 5 starting training with private data... 
model 5 done private training. 

model 6 starting alignment with public logits... 
model 6 done alignment
model 6 starting training with private data... 
model 6 done private training. 

model 7 starting alignment with public logits... 
model 7 done alignment
model 7 starting training with private data... 
model 7 done private training. 

model 8 starting alignment with public logits... 
model 8 done alignment
model 8 starting training with private data... 
model 8 done private training. 

model 9 starting alignment with public logits... 
model 9 done alignment
model 9 starting training with private data... 
model 9 done private training. 

round  2
update logits ... 
cosdist:
[[1, 0.9979252755688096, 0.9983286909427211, 0.9978387533135197, 0.9975164003048362, 0.9945098518946499, 0.9947250415150932, 0.9955711105773322, 0.9955763654879977, 0.9923703280441859], [0.9979252755688096, 1, 0.9987809863260744, 0.9977552386115106, 0.9977847892523518, 0.9933503148408821, 0.9932870038836785, 0.9947028471826709, 0.9945561292803783, 0.9904036231540366], [0.9983286909427211, 0.9987809863260744, 1, 0.9982560645775228, 0.9979237008661155, 0.9947024384985961, 0.9939558220256148, 0.9953739302268606, 0.9950752217170786, 0.991747444272214], [0.9978387533135197, 0.9977552386115106, 0.9982560645775228, 1, 0.9960200323254499, 0.994791182400031, 0.9956524416640059, 0.9955988736010993, 0.9963935257567414, 0.9938804746184533], [0.9975164003048362, 0.9977847892523518, 0.9979237008661155, 0.9960200323254499, 1, 0.9919670574101158, 0.9909038447969591, 0.9929746374694559, 0.9922330764675575, 0.98786772024058], [0.9945098518946499, 0.9933503148408821, 0.9947024384985961, 0.994791182400031, 0.9919670574101158, 1, 0.9978441477661462, 0.9985635637429646, 0.9971787977666039, 0.9973947808271709], [0.9947250415150932, 0.9932870038836785, 0.9939558220256148, 0.9956524416640059, 0.9909038447969591, 0.9978441477661462, 1, 0.9981035677634601, 0.9986161553628944, 0.998106142433975], [0.9955711105773322, 0.9947028471826709, 0.9953739302268606, 0.9955988736010993, 0.9929746374694559, 0.9985635637429646, 0.9981035677634601, 1, 0.9979204500115277, 0.9967118758275054], [0.9955763654879977, 0.9945561292803783, 0.9950752217170786, 0.9963935257567414, 0.9922330764675575, 0.9971787977666039, 0.9986161553628944, 0.9979204500115277, 1, 0.9969073392435464], [0.9923703280441859, 0.9904036231540366, 0.991747444272214, 0.9938804746184533, 0.98786772024058, 0.9973947808271709, 0.998106142433975, 0.9967118758275054, 0.9969073392435464, 1]]
thresholdtopk: [0.9955763654879977, 0.9947028471826709, 0.9953739302268606, 0.9960200323254499, 0.9929746374694559, 0.994791182400031, 0.9956524416640059, 0.9955988736010993, 0.9963935257567414, 0.9938804746184533]
index,index2,cosdist[index][index2],thresholdtopk[index]: 0 0 1 0.9955763654879977
model_id_of_model0_used: 0
index,index2,cosdist[index][index2],thresholdtopk[index]: 0 1 0.9979252755688096 0.9955763654879977
model_id_of_model0_used: 1
index,index2,cosdist[index][index2],thresholdtopk[index]: 0 2 0.9983286909427211 0.9955763654879977
model_id_of_model0_used: 2
index,index2,cosdist[index][index2],thresholdtopk[index]: 0 3 0.9978387533135197 0.9955763654879977
model_id_of_model0_used: 3
index,index2,cosdist[index][index2],thresholdtopk[index]: 0 4 0.9975164003048362 0.9955763654879977
model_id_of_model0_used: 4
model_num of model 0 used
-- 5 --
index,index2,cosdist[index][index2],thresholdtopk[index]: 1 0 0.9979252755688096 0.9947028471826709
model_id_of_model1_used: 0
index,index2,cosdist[index][index2],thresholdtopk[index]: 1 1 1 0.9947028471826709
model_id_of_model1_used: 1
index,index2,cosdist[index][index2],thresholdtopk[index]: 1 2 0.9987809863260744 0.9947028471826709
model_id_of_model1_used: 2
index,index2,cosdist[index][index2],thresholdtopk[index]: 1 3 0.9977552386115106 0.9947028471826709
model_id_of_model1_used: 3
index,index2,cosdist[index][index2],thresholdtopk[index]: 1 4 0.9977847892523518 0.9947028471826709
model_id_of_model1_used: 4
model_num of model 1 used
-- 5 --
index,index2,cosdist[index][index2],thresholdtopk[index]: 2 0 0.9983286909427211 0.9953739302268606
model_id_of_model2_used: 0
index,index2,cosdist[index][index2],thresholdtopk[index]: 2 1 0.9987809863260744 0.9953739302268606
model_id_of_model2_used: 1
index,index2,cosdist[index][index2],thresholdtopk[index]: 2 2 1 0.9953739302268606
model_id_of_model2_used: 2
index,index2,cosdist[index][index2],thresholdtopk[index]: 2 3 0.9982560645775228 0.9953739302268606
model_id_of_model2_used: 3
index,index2,cosdist[index][index2],thresholdtopk[index]: 2 4 0.9979237008661155 0.9953739302268606
model_id_of_model2_used: 4
model_num of model 2 used
-- 5 --
index,index2,cosdist[index][index2],thresholdtopk[index]: 3 0 0.9978387533135197 0.9960200323254499
model_id_of_model3_used: 0
index,index2,cosdist[index][index2],thresholdtopk[index]: 3 1 0.9977552386115106 0.9960200323254499
model_id_of_model3_used: 1
index,index2,cosdist[index][index2],thresholdtopk[index]: 3 2 0.9982560645775228 0.9960200323254499
model_id_of_model3_used: 2
index,index2,cosdist[index][index2],thresholdtopk[index]: 3 3 1 0.9960200323254499
model_id_of_model3_used: 3
index,index2,cosdist[index][index2],thresholdtopk[index]: 3 8 0.9963935257567414 0.9960200323254499
model_id_of_model3_used: 8
model_num of model 3 used
-- 5 --
index,index2,cosdist[index][index2],thresholdtopk[index]: 4 0 0.9975164003048362 0.9929746374694559
model_id_of_model4_used: 0
index,index2,cosdist[index][index2],thresholdtopk[index]: 4 1 0.9977847892523518 0.9929746374694559
model_id_of_model4_used: 1
index,index2,cosdist[index][index2],thresholdtopk[index]: 4 2 0.9979237008661155 0.9929746374694559
model_id_of_model4_used: 2
index,index2,cosdist[index][index2],thresholdtopk[index]: 4 3 0.9960200323254499 0.9929746374694559
model_id_of_model4_used: 3
index,index2,cosdist[index][index2],thresholdtopk[index]: 4 4 1 0.9929746374694559
model_id_of_model4_used: 4
model_num of model 4 used
-- 5 --
index,index2,cosdist[index][index2],thresholdtopk[index]: 5 5 1 0.994791182400031
model_id_of_model5_used: 5
index,index2,cosdist[index][index2],thresholdtopk[index]: 5 6 0.9978441477661462 0.994791182400031
model_id_of_model5_used: 6
index,index2,cosdist[index][index2],thresholdtopk[index]: 5 7 0.9985635637429646 0.994791182400031
model_id_of_model5_used: 7
index,index2,cosdist[index][index2],thresholdtopk[index]: 5 8 0.9971787977666039 0.994791182400031
model_id_of_model5_used: 8
index,index2,cosdist[index][index2],thresholdtopk[index]: 5 9 0.9973947808271709 0.994791182400031
model_id_of_model5_used: 9
model_num of model 5 used
-- 5 --
index,index2,cosdist[index][index2],thresholdtopk[index]: 6 5 0.9978441477661462 0.9956524416640059
model_id_of_model6_used: 5
index,index2,cosdist[index][index2],thresholdtopk[index]: 6 6 1 0.9956524416640059
model_id_of_model6_used: 6
index,index2,cosdist[index][index2],thresholdtopk[index]: 6 7 0.9981035677634601 0.9956524416640059
model_id_of_model6_used: 7
index,index2,cosdist[index][index2],thresholdtopk[index]: 6 8 0.9986161553628944 0.9956524416640059
model_id_of_model6_used: 8
index,index2,cosdist[index][index2],thresholdtopk[index]: 6 9 0.998106142433975 0.9956524416640059
model_id_of_model6_used: 9
model_num of model 6 used
-- 5 --
index,index2,cosdist[index][index2],thresholdtopk[index]: 7 5 0.9985635637429646 0.9955988736010993
model_id_of_model7_used: 5
index,index2,cosdist[index][index2],thresholdtopk[index]: 7 6 0.9981035677634601 0.9955988736010993
model_id_of_model7_used: 6
index,index2,cosdist[index][index2],thresholdtopk[index]: 7 7 1 0.9955988736010993
model_id_of_model7_used: 7
index,index2,cosdist[index][index2],thresholdtopk[index]: 7 8 0.9979204500115277 0.9955988736010993
model_id_of_model7_used: 8
index,index2,cosdist[index][index2],thresholdtopk[index]: 7 9 0.9967118758275054 0.9955988736010993
model_id_of_model7_used: 9
model_num of model 7 used
-- 5 --
index,index2,cosdist[index][index2],thresholdtopk[index]: 8 5 0.9971787977666039 0.9963935257567414
model_id_of_model8_used: 5
index,index2,cosdist[index][index2],thresholdtopk[index]: 8 6 0.9986161553628944 0.9963935257567414
model_id_of_model8_used: 6
index,index2,cosdist[index][index2],thresholdtopk[index]: 8 7 0.9979204500115277 0.9963935257567414
model_id_of_model8_used: 7
index,index2,cosdist[index][index2],thresholdtopk[index]: 8 8 1 0.9963935257567414
model_id_of_model8_used: 8
index,index2,cosdist[index][index2],thresholdtopk[index]: 8 9 0.9969073392435464 0.9963935257567414
model_id_of_model8_used: 9
model_num of model 8 used
-- 5 --
index,index2,cosdist[index][index2],thresholdtopk[index]: 9 5 0.9973947808271709 0.9938804746184533
model_id_of_model9_used: 5
index,index2,cosdist[index][index2],thresholdtopk[index]: 9 6 0.998106142433975 0.9938804746184533
model_id_of_model9_used: 6
index,index2,cosdist[index][index2],thresholdtopk[index]: 9 7 0.9967118758275054 0.9938804746184533
model_id_of_model9_used: 7
index,index2,cosdist[index][index2],thresholdtopk[index]: 9 8 0.9969073392435464 0.9938804746184533
model_id_of_model9_used: 8
index,index2,cosdist[index][index2],thresholdtopk[index]: 9 9 1 0.9938804746184533
model_id_of_model9_used: 9
model_num of model 9 used
-- 5 --
test performance ... 
model 0 use private_data_1 test
0.911790780564572
model 1 use private_data_1 test
0.8756648936170213
model 2 use private_data_1 test
0.8744459221971795
model 3 use private_data_1 test
0.9226507094312222
model 4 use private_data_1 test
0.9238696808510638
model 5 use private_data_2 test
0.8730053191489362
model 6 use private_data_2 test
0.8578235817716476
model 7 use private_data_2 test
0.8476285465220188
model 8 use private_data_2 test
0.823470744680851
model 9 use private_data_2 test
0.8674645392184562
updates models ...
model 0 starting alignment with public logits... 
model 0 done alignment
model 0 starting training with private data... 
model 0 done private training. 

model 1 starting alignment with public logits... 
model 1 done alignment
model 1 starting training with private data... 
model 1 done private training. 

model 2 starting alignment with public logits... 
model 2 done alignment
model 2 starting training with private data... 
model 2 done private training. 

model 3 starting alignment with public logits... 
model 3 done alignment
model 3 starting training with private data... 
model 3 done private training. 

model 4 starting alignment with public logits... 
model 4 done alignment
model 4 starting training with private data... 
model 4 done private training. 

model 5 starting alignment with public logits... 
model 5 done alignment
model 5 starting training with private data... 
model 5 done private training. 

model 6 starting alignment with public logits... 
model 6 done alignment
model 6 starting training with private data... 
model 6 done private training. 

model 7 starting alignment with public logits... 
model 7 done alignment
model 7 starting training with private data... 
model 7 done private training. 

model 8 starting alignment with public logits... 
model 8 done alignment
model 8 starting training with private data... 
model 8 done private training. 

model 9 starting alignment with public logits... 
model 9 done alignment
model 9 starting training with private data... 
model 9 done private training. 

round  3
update logits ... 
cosdist:
[[1, 0.9986819987591439, 0.998772789230304, 0.9989867183328146, 0.9978080689860064, 0.9963683499881121, 0.9967664482843015, 0.9967789041587065, 0.9965681153693873, 0.9948380896980309], [0.9986819987591439, 1, 0.9989412937357216, 0.9984298223872841, 0.9984212345983047, 0.9968258438440398, 0.9972540034264419, 0.9970388698274807, 0.9969062035527535, 0.9949945516072123], [0.998772789230304, 0.9989412937357216, 1, 0.9979532402434582, 0.9990610475794443, 0.9952421813750153, 0.9958803130001315, 0.9957173574972069, 0.9955240678874541, 0.9929683944959053], [0.9989867183328146, 0.9984298223872841, 0.9979532402434582, 1, 0.9970376254292624, 0.9967268924295759, 0.9968884339722157, 0.9968310885341065, 0.9967847115328325, 0.9954567004921329], [0.9978080689860064, 0.9984212345983047, 0.9990610475794443, 0.9970376254292624, 1, 0.99469168314654, 0.9951907285454119, 0.994701422655934, 0.9947035671196872, 0.9921097583024353], [0.9963683499881121, 0.9968258438440398, 0.9952421813750153, 0.9967268924295759, 0.99469168314654, 1, 0.9991579602344938, 0.9986937634713491, 0.9986317561042659, 0.9990404424849091], [0.9967664482843015, 0.9972540034264419, 0.9958803130001315, 0.9968884339722157, 0.9951907285454119, 0.9991579602344938, 1, 0.998965296266708, 0.9988174737676455, 0.9983126688604446], [0.9967789041587065, 0.9970388698274807, 0.9957173574972069, 0.9968310885341065, 0.994701422655934, 0.9986937634713491, 0.998965296266708, 1, 0.9990998774463495, 0.9976979805008553], [0.9965681153693873, 0.9969062035527535, 0.9955240678874541, 0.9967847115328325, 0.9947035671196872, 0.9986317561042659, 0.9988174737676455, 0.9990998774463495, 1, 0.99771864726794], [0.9948380896980309, 0.9949945516072123, 0.9929683944959053, 0.9954567004921329, 0.9921097583024353, 0.9990404424849091, 0.9983126688604446, 0.9976979805008553, 0.99771864726794, 1]]
thresholdtopk: [0.9967789041587065, 0.9972540034264419, 0.9958803130001315, 0.9968884339722157, 0.9951907285454119, 0.9968258438440398, 0.9972540034264419, 0.9970388698274807, 0.9969062035527535, 0.9954567004921329]
index,index2,cosdist[index][index2],thresholdtopk[index]: 0 0 1 0.9967789041587065
model_id_of_model0_used: 0
index,index2,cosdist[index][index2],thresholdtopk[index]: 0 1 0.9986819987591439 0.9967789041587065
model_id_of_model0_used: 1
index,index2,cosdist[index][index2],thresholdtopk[index]: 0 2 0.998772789230304 0.9967789041587065
model_id_of_model0_used: 2
index,index2,cosdist[index][index2],thresholdtopk[index]: 0 3 0.9989867183328146 0.9967789041587065
model_id_of_model0_used: 3
index,index2,cosdist[index][index2],thresholdtopk[index]: 0 4 0.9978080689860064 0.9967789041587065
model_id_of_model0_used: 4
model_num of model 0 used
-- 5 --
index,index2,cosdist[index][index2],thresholdtopk[index]: 1 0 0.9986819987591439 0.9972540034264419
model_id_of_model1_used: 0
index,index2,cosdist[index][index2],thresholdtopk[index]: 1 1 1 0.9972540034264419
model_id_of_model1_used: 1
index,index2,cosdist[index][index2],thresholdtopk[index]: 1 2 0.9989412937357216 0.9972540034264419
model_id_of_model1_used: 2
index,index2,cosdist[index][index2],thresholdtopk[index]: 1 3 0.9984298223872841 0.9972540034264419
model_id_of_model1_used: 3
index,index2,cosdist[index][index2],thresholdtopk[index]: 1 4 0.9984212345983047 0.9972540034264419
model_id_of_model1_used: 4
model_num of model 1 used
-- 5 --
index,index2,cosdist[index][index2],thresholdtopk[index]: 2 0 0.998772789230304 0.9958803130001315
model_id_of_model2_used: 0
index,index2,cosdist[index][index2],thresholdtopk[index]: 2 1 0.9989412937357216 0.9958803130001315
model_id_of_model2_used: 1
index,index2,cosdist[index][index2],thresholdtopk[index]: 2 2 1 0.9958803130001315
model_id_of_model2_used: 2
index,index2,cosdist[index][index2],thresholdtopk[index]: 2 3 0.9979532402434582 0.9958803130001315
model_id_of_model2_used: 3
index,index2,cosdist[index][index2],thresholdtopk[index]: 2 4 0.9990610475794443 0.9958803130001315
model_id_of_model2_used: 4
model_num of model 2 used
-- 5 --
index,index2,cosdist[index][index2],thresholdtopk[index]: 3 0 0.9989867183328146 0.9968884339722157
model_id_of_model3_used: 0
index,index2,cosdist[index][index2],thresholdtopk[index]: 3 1 0.9984298223872841 0.9968884339722157
model_id_of_model3_used: 1
index,index2,cosdist[index][index2],thresholdtopk[index]: 3 2 0.9979532402434582 0.9968884339722157
model_id_of_model3_used: 2
index,index2,cosdist[index][index2],thresholdtopk[index]: 3 3 1 0.9968884339722157
model_id_of_model3_used: 3
index,index2,cosdist[index][index2],thresholdtopk[index]: 3 4 0.9970376254292624 0.9968884339722157
model_id_of_model3_used: 4
model_num of model 3 used
-- 5 --
index,index2,cosdist[index][index2],thresholdtopk[index]: 4 0 0.9978080689860064 0.9951907285454119
model_id_of_model4_used: 0
index,index2,cosdist[index][index2],thresholdtopk[index]: 4 1 0.9984212345983047 0.9951907285454119
model_id_of_model4_used: 1
index,index2,cosdist[index][index2],thresholdtopk[index]: 4 2 0.9990610475794443 0.9951907285454119
model_id_of_model4_used: 2
index,index2,cosdist[index][index2],thresholdtopk[index]: 4 3 0.9970376254292624 0.9951907285454119
model_id_of_model4_used: 3
index,index2,cosdist[index][index2],thresholdtopk[index]: 4 4 1 0.9951907285454119
model_id_of_model4_used: 4
model_num of model 4 used
-- 5 --
index,index2,cosdist[index][index2],thresholdtopk[index]: 5 5 1 0.9968258438440398
model_id_of_model5_used: 5
index,index2,cosdist[index][index2],thresholdtopk[index]: 5 6 0.9991579602344938 0.9968258438440398
model_id_of_model5_used: 6
index,index2,cosdist[index][index2],thresholdtopk[index]: 5 7 0.9986937634713491 0.9968258438440398
model_id_of_model5_used: 7
index,index2,cosdist[index][index2],thresholdtopk[index]: 5 8 0.9986317561042659 0.9968258438440398
model_id_of_model5_used: 8
index,index2,cosdist[index][index2],thresholdtopk[index]: 5 9 0.9990404424849091 0.9968258438440398
model_id_of_model5_used: 9
model_num of model 5 used
-- 5 --
index,index2,cosdist[index][index2],thresholdtopk[index]: 6 5 0.9991579602344938 0.9972540034264419
model_id_of_model6_used: 5
index,index2,cosdist[index][index2],thresholdtopk[index]: 6 6 1 0.9972540034264419
model_id_of_model6_used: 6
index,index2,cosdist[index][index2],thresholdtopk[index]: 6 7 0.998965296266708 0.9972540034264419
model_id_of_model6_used: 7
