Namespace(conf='../conf/EMNIST_balance_conf.json', dataset='mnist', gpu=1.0, iid=True, use_pretrained_model=False)
X shape : (36000, 28, 28)
y shape : (36000,)
X shape : (6000, 28, 28)
y shape : (6000,)
15    6000
14    6000
13    6000
12    6000
11    6000
10    6000
dtype: int64
mod_private_class1: [10 11 12]
mod_private_class2: [13 14 15]
============================================================
============================================================
============================================================
X shape : (3000, 28, 28)
y shape : (3000,)
X shape : (3000, 28, 28)
y shape : (3000,)
model 0 : CNN_128_256
model 1 : CNN_128_384
model 2 : CNN_128_512
model 3 : CNN_256_256
model 4 : CNN_256_512
model 5 : CNN_64_128_256
model 6 : CNN_64_128_192
model 7 : CNN_128_192_256
model 8 : CNN_128_128_128
model 9 : CNN_128_128_192
Training model  0
Training model  1
Training model  2
Training model  3
Training model  4
Training model  5
Training model  6
Training model  7
Training model  8
Training model  9
pre-train accuracy: 
[0.9847705696202531, 0.9864517405063291, 0.9866495253164557, 0.9851661392405063, 0.986056170886076, 0.9915941455696202, 0.9901107594936709, 0.9925830696202531, 0.9920886075949367, 0.9925830696202531]
publice_dataset[y]: [5 0 4 ... 5 6 8]
calculate the theoretical upper bounds for participants: 
the upper bounds are: [0.0, 0.0, 0.0, 0.0, 0.0, 0.0, 0.0, 0.0, 0.0, 0.0]
start model initialization: 
finish model initialization: 
round  0
update logits ... 
cosdist:
[[1, 0.967315829355858, 0.9545110051893929, 0.9576307862764939, 0.976515465327054, 0.7037149929262211, 0.714955288328379, 0.7215921968742639, 0.6923705080633297, 0.6864919992800704], [0.967315829355858, 1, 0.9836441457825537, 0.988097560083647, 0.9829150374473646, 0.7751095643498999, 0.7906245618341672, 0.8049985784140258, 0.782379598579334, 0.7806810270964549], [0.9545110051893929, 0.9836441457825537, 1, 0.9803633582207967, 0.9772463081374444, 0.782772225384253, 0.7925553772071339, 0.8155666077477308, 0.791996486832963, 0.7954442281737376], [0.9576307862764939, 0.988097560083647, 0.9803633582207967, 1, 0.9790777403677836, 0.8027890608348537, 0.8162858300653996, 0.8260363962669273, 0.8105759904134077, 0.808520017451325], [0.976515465327054, 0.9829150374473646, 0.9772463081374444, 0.9790777403677836, 1, 0.7365942480297725, 0.7482673171181782, 0.7675850656276214, 0.7417564101553162, 0.7417890522597912], [0.7037149929262211, 0.7751095643498999, 0.782772225384253, 0.8027890608348537, 0.7365942480297725, 1, 0.9913952953075047, 0.9808074688717586, 0.9815975893301536, 0.9743821715979583], [0.714955288328379, 0.7906245618341672, 0.7925553772071339, 0.8162858300653996, 0.7482673171181782, 0.9913952953075047, 1, 0.9823812104158269, 0.9864833473817364, 0.9736483705504261], [0.7215921968742639, 0.8049985784140258, 0.8155666077477308, 0.8260363962669273, 0.7675850656276214, 0.9808074688717586, 0.9823812104158269, 1, 0.9857682625879814, 0.9848079380222012], [0.6923705080633297, 0.782379598579334, 0.791996486832963, 0.8105759904134077, 0.7417564101553162, 0.9815975893301536, 0.9864833473817364, 0.9857682625879814, 1, 0.9842856062076056], [0.6864919992800704, 0.7806810270964549, 0.7954442281737376, 0.808520017451325, 0.7417890522597912, 0.9743821715979583, 0.9736483705504261, 0.9848079380222012, 0.9842856062076056, 1]]
thresholdtopk: [0.7215921968742639, 0.8049985784140258, 0.8155666077477308, 0.8260363962669273, 0.7675850656276214, 0.8027890608348537, 0.8162858300653996, 0.8260363962669273, 0.8105759904134077, 0.808520017451325]
index,index2,cosdist[index][index2],thresholdtopk[index]: 0 0 1 0.7215921968742639
model_id_of_model0_used: 0
index,index2,cosdist[index][index2],thresholdtopk[index]: 0 1 0.967315829355858 0.7215921968742639
model_id_of_model0_used: 1
index,index2,cosdist[index][index2],thresholdtopk[index]: 0 2 0.9545110051893929 0.7215921968742639
model_id_of_model0_used: 2
index,index2,cosdist[index][index2],thresholdtopk[index]: 0 3 0.9576307862764939 0.7215921968742639
model_id_of_model0_used: 3
index,index2,cosdist[index][index2],thresholdtopk[index]: 0 4 0.976515465327054 0.7215921968742639
model_id_of_model0_used: 4
model_num of model 0 used
-- 5 --
index,index2,cosdist[index][index2],thresholdtopk[index]: 1 0 0.967315829355858 0.8049985784140258
model_id_of_model1_used: 0
index,index2,cosdist[index][index2],thresholdtopk[index]: 1 1 1 0.8049985784140258
model_id_of_model1_used: 1
index,index2,cosdist[index][index2],thresholdtopk[index]: 1 2 0.9836441457825537 0.8049985784140258
model_id_of_model1_used: 2
index,index2,cosdist[index][index2],thresholdtopk[index]: 1 3 0.988097560083647 0.8049985784140258
model_id_of_model1_used: 3
index,index2,cosdist[index][index2],thresholdtopk[index]: 1 4 0.9829150374473646 0.8049985784140258
model_id_of_model1_used: 4
model_num of model 1 used
-- 5 --
index,index2,cosdist[index][index2],thresholdtopk[index]: 2 0 0.9545110051893929 0.8155666077477308
model_id_of_model2_used: 0
index,index2,cosdist[index][index2],thresholdtopk[index]: 2 1 0.9836441457825537 0.8155666077477308
model_id_of_model2_used: 1
index,index2,cosdist[index][index2],thresholdtopk[index]: 2 2 1 0.8155666077477308
model_id_of_model2_used: 2
index,index2,cosdist[index][index2],thresholdtopk[index]: 2 3 0.9803633582207967 0.8155666077477308
model_id_of_model2_used: 3
index,index2,cosdist[index][index2],thresholdtopk[index]: 2 4 0.9772463081374444 0.8155666077477308
model_id_of_model2_used: 4
model_num of model 2 used
-- 5 --
index,index2,cosdist[index][index2],thresholdtopk[index]: 3 0 0.9576307862764939 0.8260363962669273
model_id_of_model3_used: 0
index,index2,cosdist[index][index2],thresholdtopk[index]: 3 1 0.988097560083647 0.8260363962669273
model_id_of_model3_used: 1
index,index2,cosdist[index][index2],thresholdtopk[index]: 3 2 0.9803633582207967 0.8260363962669273
model_id_of_model3_used: 2
index,index2,cosdist[index][index2],thresholdtopk[index]: 3 3 1 0.8260363962669273
model_id_of_model3_used: 3
index,index2,cosdist[index][index2],thresholdtopk[index]: 3 4 0.9790777403677836 0.8260363962669273
model_id_of_model3_used: 4
model_num of model 3 used
-- 5 --
index,index2,cosdist[index][index2],thresholdtopk[index]: 4 0 0.976515465327054 0.7675850656276214
model_id_of_model4_used: 0
index,index2,cosdist[index][index2],thresholdtopk[index]: 4 1 0.9829150374473646 0.7675850656276214
model_id_of_model4_used: 1
index,index2,cosdist[index][index2],thresholdtopk[index]: 4 2 0.9772463081374444 0.7675850656276214
model_id_of_model4_used: 2
index,index2,cosdist[index][index2],thresholdtopk[index]: 4 3 0.9790777403677836 0.7675850656276214
model_id_of_model4_used: 3
index,index2,cosdist[index][index2],thresholdtopk[index]: 4 4 1 0.7675850656276214
model_id_of_model4_used: 4
model_num of model 4 used
-- 5 --
index,index2,cosdist[index][index2],thresholdtopk[index]: 5 5 1 0.8027890608348537
model_id_of_model5_used: 5
index,index2,cosdist[index][index2],thresholdtopk[index]: 5 6 0.9913952953075047 0.8027890608348537
model_id_of_model5_used: 6
index,index2,cosdist[index][index2],thresholdtopk[index]: 5 7 0.9808074688717586 0.8027890608348537
model_id_of_model5_used: 7
index,index2,cosdist[index][index2],thresholdtopk[index]: 5 8 0.9815975893301536 0.8027890608348537
model_id_of_model5_used: 8
index,index2,cosdist[index][index2],thresholdtopk[index]: 5 9 0.9743821715979583 0.8027890608348537
model_id_of_model5_used: 9
model_num of model 5 used
-- 5 --
index,index2,cosdist[index][index2],thresholdtopk[index]: 6 5 0.9913952953075047 0.8162858300653996
model_id_of_model6_used: 5
index,index2,cosdist[index][index2],thresholdtopk[index]: 6 6 1 0.8162858300653996
model_id_of_model6_used: 6
index,index2,cosdist[index][index2],thresholdtopk[index]: 6 7 0.9823812104158269 0.8162858300653996
model_id_of_model6_used: 7
index,index2,cosdist[index][index2],thresholdtopk[index]: 6 8 0.9864833473817364 0.8162858300653996
model_id_of_model6_used: 8
index,index2,cosdist[index][index2],thresholdtopk[index]: 6 9 0.9736483705504261 0.8162858300653996
model_id_of_model6_used: 9
model_num of model 6 used
-- 5 --
index,index2,cosdist[index][index2],thresholdtopk[index]: 7 5 0.9808074688717586 0.8260363962669273
model_id_of_model7_used: 5
index,index2,cosdist[index][index2],thresholdtopk[index]: 7 6 0.9823812104158269 0.8260363962669273
model_id_of_model7_used: 6
index,index2,cosdist[index][index2],thresholdtopk[index]: 7 7 1 0.8260363962669273
model_id_of_model7_used: 7
index,index2,cosdist[index][index2],thresholdtopk[index]: 7 8 0.9857682625879814 0.8260363962669273
model_id_of_model7_used: 8
index,index2,cosdist[index][index2],thresholdtopk[index]: 7 9 0.9848079380222012 0.8260363962669273
model_id_of_model7_used: 9
model_num of model 7 used
-- 5 --
index,index2,cosdist[index][index2],thresholdtopk[index]: 8 5 0.9815975893301536 0.8105759904134077
model_id_of_model8_used: 5
index,index2,cosdist[index][index2],thresholdtopk[index]: 8 6 0.9864833473817364 0.8105759904134077
model_id_of_model8_used: 6
index,index2,cosdist[index][index2],thresholdtopk[index]: 8 7 0.9857682625879814 0.8105759904134077
model_id_of_model8_used: 7
index,index2,cosdist[index][index2],thresholdtopk[index]: 8 8 1 0.8105759904134077
model_id_of_model8_used: 8
index,index2,cosdist[index][index2],thresholdtopk[index]: 8 9 0.9842856062076056 0.8105759904134077
model_id_of_model8_used: 9
model_num of model 8 used
-- 5 --
index,index2,cosdist[index][index2],thresholdtopk[index]: 9 5 0.9743821715979583 0.808520017451325
model_id_of_model9_used: 5
index,index2,cosdist[index][index2],thresholdtopk[index]: 9 6 0.9736483705504261 0.808520017451325
model_id_of_model9_used: 6
index,index2,cosdist[index][index2],thresholdtopk[index]: 9 7 0.9848079380222012 0.808520017451325
model_id_of_model9_used: 7
index,index2,cosdist[index][index2],thresholdtopk[index]: 9 8 0.9842856062076056 0.808520017451325
model_id_of_model9_used: 8
index,index2,cosdist[index][index2],thresholdtopk[index]: 9 9 1 0.808520017451325
model_id_of_model9_used: 9
model_num of model 9 used
-- 5 --
test performance ... 
model 0 use private_data_1 test
0.8782136529049975
model 1 use private_data_1 test
0.8974955677986145
model 2 use private_data_1 test
0.930186170212766
model 3 use private_data_1 test
0.9157801422666996
model 4 use private_data_1 test
0.9232047872340425
model 5 use private_data_2 test
0.9193262413461157
model 6 use private_data_2 test
0.9294104614156358
model 7 use private_data_2 test
0.8714539009205838
model 8 use private_data_2 test
0.8791001775163285
model 9 use private_data_2 test
0.815270390282286
updates models ...
model 0 starting alignment with public logits... 
model 0 done alignment
model 0 starting training with private data... 
model 0 done private training. 

model 1 starting alignment with public logits... 
model 1 done alignment
model 1 starting training with private data... 
model 1 done private training. 

model 2 starting alignment with public logits... 
model 2 done alignment
model 2 starting training with private data... 
model 2 done private training. 

model 3 starting alignment with public logits... 
model 3 done alignment
model 3 starting training with private data... 
model 3 done private training. 

model 4 starting alignment with public logits... 
model 4 done alignment
model 4 starting training with private data... 
model 4 done private training. 

model 5 starting alignment with public logits... 
model 5 done alignment
model 5 starting training with private data... 
model 5 done private training. 

model 6 starting alignment with public logits... 
model 6 done alignment
model 6 starting training with private data... 
model 6 done private training. 

model 7 starting alignment with public logits... 
model 7 done alignment
model 7 starting training with private data... 
model 7 done private training. 

model 8 starting alignment with public logits... 
model 8 done alignment
model 8 starting training with private data... 
model 8 done private training. 

model 9 starting alignment with public logits... 
model 9 done alignment
model 9 starting training with private data... 
model 9 done private training. 

round  1
update logits ... 
cosdist:
[[1, 0.9967037572486737, 0.9949269039118114, 0.9971850845011136, 0.9961417746453115, 0.9862113172073316, 0.9862309540463386, 0.9835697341523298, 0.9841078697948563, 0.9829589310006092], [0.9967037572486737, 1, 0.997216180045722, 0.9970543386315055, 0.9961499291312689, 0.9844482224576488, 0.98428386547037, 0.9827973958459391, 0.9835902134604062, 0.9821668486166415], [0.9949269039118114, 0.997216180045722, 1, 0.995325509403402, 0.995930895541843, 0.9808720825871218, 0.9808525357801056, 0.9796455332190751, 0.9801040288141422, 0.9788824916064018], [0.9971850845011136, 0.9970543386315055, 0.995325509403402, 1, 0.9967058855785658, 0.9847820546391117, 0.9838285770213266, 0.98342478935083, 0.9845395437279452, 0.98344633418682], [0.9961417746453115, 0.9961499291312689, 0.995930895541843, 0.9967058855785658, 1, 0.9807147804328339, 0.9793677468303122, 0.9779883319051, 0.9784586567518175, 0.976768172933969], [0.9862113172073316, 0.9844482224576488, 0.9808720825871218, 0.9847820546391117, 0.9807147804328339, 1, 0.9965081458092507, 0.9949227372171909, 0.9946723766047783, 0.9927956549068593], [0.9862309540463386, 0.98428386547037, 0.9808525357801056, 0.9838285770213266, 0.9793677468303122, 0.9965081458092507, 1, 0.9949062433725656, 0.994292024515647, 0.9925348664223683], [0.9835697341523298, 0.9827973958459391, 0.9796455332190751, 0.98342478935083, 0.9779883319051, 0.9949227372171909, 0.9949062433725656, 1, 0.9964167777657331, 0.9961235683240628], [0.9841078697948563, 0.9835902134604062, 0.9801040288141422, 0.9845395437279452, 0.9784586567518175, 0.9946723766047783, 0.994292024515647, 0.9964167777657331, 1, 0.9970640290435757], [0.9829589310006092, 0.9821668486166415, 0.9788824916064018, 0.98344633418682, 0.976768172933969, 0.9927956549068593, 0.9925348664223683, 0.9961235683240628, 0.9970640290435757, 1]]
thresholdtopk: [0.9862309540463386, 0.9844482224576488, 0.9808720825871218, 0.9847820546391117, 0.9807147804328339, 0.9862113172073316, 0.9862309540463386, 0.9835697341523298, 0.9845395437279452, 0.98344633418682]
index,index2,cosdist[index][index2],thresholdtopk[index]: 0 0 1 0.9862309540463386
model_id_of_model0_used: 0
index,index2,cosdist[index][index2],thresholdtopk[index]: 0 1 0.9967037572486737 0.9862309540463386
model_id_of_model0_used: 1
index,index2,cosdist[index][index2],thresholdtopk[index]: 0 2 0.9949269039118114 0.9862309540463386
model_id_of_model0_used: 2
index,index2,cosdist[index][index2],thresholdtopk[index]: 0 3 0.9971850845011136 0.9862309540463386
model_id_of_model0_used: 3
index,index2,cosdist[index][index2],thresholdtopk[index]: 0 4 0.9961417746453115 0.9862309540463386
model_id_of_model0_used: 4
model_num of model 0 used
-- 5 --
index,index2,cosdist[index][index2],thresholdtopk[index]: 1 0 0.9967037572486737 0.9844482224576488
model_id_of_model1_used: 0
index,index2,cosdist[index][index2],thresholdtopk[index]: 1 1 1 0.9844482224576488
model_id_of_model1_used: 1
index,index2,cosdist[index][index2],thresholdtopk[index]: 1 2 0.997216180045722 0.9844482224576488
model_id_of_model1_used: 2
index,index2,cosdist[index][index2],thresholdtopk[index]: 1 3 0.9970543386315055 0.9844482224576488
model_id_of_model1_used: 3
index,index2,cosdist[index][index2],thresholdtopk[index]: 1 4 0.9961499291312689 0.9844482224576488
model_id_of_model1_used: 4
model_num of model 1 used
-- 5 --
index,index2,cosdist[index][index2],thresholdtopk[index]: 2 0 0.9949269039118114 0.9808720825871218
model_id_of_model2_used: 0
index,index2,cosdist[index][index2],thresholdtopk[index]: 2 1 0.997216180045722 0.9808720825871218
model_id_of_model2_used: 1
index,index2,cosdist[index][index2],thresholdtopk[index]: 2 2 1 0.9808720825871218
model_id_of_model2_used: 2
index,index2,cosdist[index][index2],thresholdtopk[index]: 2 3 0.995325509403402 0.9808720825871218
model_id_of_model2_used: 3
index,index2,cosdist[index][index2],thresholdtopk[index]: 2 4 0.995930895541843 0.9808720825871218
model_id_of_model2_used: 4
model_num of model 2 used
-- 5 --
index,index2,cosdist[index][index2],thresholdtopk[index]: 3 0 0.9971850845011136 0.9847820546391117
model_id_of_model3_used: 0
index,index2,cosdist[index][index2],thresholdtopk[index]: 3 1 0.9970543386315055 0.9847820546391117
model_id_of_model3_used: 1
index,index2,cosdist[index][index2],thresholdtopk[index]: 3 2 0.995325509403402 0.9847820546391117
model_id_of_model3_used: 2
index,index2,cosdist[index][index2],thresholdtopk[index]: 3 3 1 0.9847820546391117
model_id_of_model3_used: 3
index,index2,cosdist[index][index2],thresholdtopk[index]: 3 4 0.9967058855785658 0.9847820546391117
model_id_of_model3_used: 4
model_num of model 3 used
-- 5 --
index,index2,cosdist[index][index2],thresholdtopk[index]: 4 0 0.9961417746453115 0.9807147804328339
model_id_of_model4_used: 0
index,index2,cosdist[index][index2],thresholdtopk[index]: 4 1 0.9961499291312689 0.9807147804328339
model_id_of_model4_used: 1
index,index2,cosdist[index][index2],thresholdtopk[index]: 4 2 0.995930895541843 0.9807147804328339
model_id_of_model4_used: 2
index,index2,cosdist[index][index2],thresholdtopk[index]: 4 3 0.9967058855785658 0.9807147804328339
model_id_of_model4_used: 3
index,index2,cosdist[index][index2],thresholdtopk[index]: 4 4 1 0.9807147804328339
model_id_of_model4_used: 4
model_num of model 4 used
-- 5 --
index,index2,cosdist[index][index2],thresholdtopk[index]: 5 5 1 0.9862113172073316
model_id_of_model5_used: 5
index,index2,cosdist[index][index2],thresholdtopk[index]: 5 6 0.9965081458092507 0.9862113172073316
model_id_of_model5_used: 6
index,index2,cosdist[index][index2],thresholdtopk[index]: 5 7 0.9949227372171909 0.9862113172073316
model_id_of_model5_used: 7
index,index2,cosdist[index][index2],thresholdtopk[index]: 5 8 0.9946723766047783 0.9862113172073316
model_id_of_model5_used: 8
index,index2,cosdist[index][index2],thresholdtopk[index]: 5 9 0.9927956549068593 0.9862113172073316
model_id_of_model5_used: 9
model_num of model 5 used
-- 5 --
index,index2,cosdist[index][index2],thresholdtopk[index]: 6 5 0.9965081458092507 0.9862309540463386
model_id_of_model6_used: 5
index,index2,cosdist[index][index2],thresholdtopk[index]: 6 6 1 0.9862309540463386
model_id_of_model6_used: 6
index,index2,cosdist[index][index2],thresholdtopk[index]: 6 7 0.9949062433725656 0.9862309540463386
model_id_of_model6_used: 7
index,index2,cosdist[index][index2],thresholdtopk[index]: 6 8 0.994292024515647 0.9862309540463386
model_id_of_model6_used: 8
index,index2,cosdist[index][index2],thresholdtopk[index]: 6 9 0.9925348664223683 0.9862309540463386
model_id_of_model6_used: 9
model_num of model 6 used
-- 5 --
index,index2,cosdist[index][index2],thresholdtopk[index]: 7 5 0.9949227372171909 0.9835697341523298
model_id_of_model7_used: 5
index,index2,cosdist[index][index2],thresholdtopk[index]: 7 6 0.9949062433725656 0.9835697341523298
model_id_of_model7_used: 6
index,index2,cosdist[index][index2],thresholdtopk[index]: 7 7 1 0.9835697341523298
model_id_of_model7_used: 7
index,index2,cosdist[index][index2],thresholdtopk[index]: 7 8 0.9964167777657331 0.9835697341523298
model_id_of_model7_used: 8
index,index2,cosdist[index][index2],thresholdtopk[index]: 7 9 0.9961235683240628 0.9835697341523298
model_id_of_model7_used: 9
model_num of model 7 used
-- 5 --
index,index2,cosdist[index][index2],thresholdtopk[index]: 8 5 0.9946723766047783 0.9845395437279452
model_id_of_model8_used: 5
index,index2,cosdist[index][index2],thresholdtopk[index]: 8 6 0.994292024515647 0.9845395437279452
model_id_of_model8_used: 6
index,index2,cosdist[index][index2],thresholdtopk[index]: 8 7 0.9964167777657331 0.9845395437279452
model_id_of_model8_used: 7
index,index2,cosdist[index][index2],thresholdtopk[index]: 8 8 1 0.9845395437279452
model_id_of_model8_used: 8
index,index2,cosdist[index][index2],thresholdtopk[index]: 8 9 0.9970640290435757 0.9845395437279452
model_id_of_model8_used: 9
model_num of model 8 used
-- 5 --
index,index2,cosdist[index][index2],thresholdtopk[index]: 9 5 0.9927956549068593 0.98344633418682
model_id_of_model9_used: 5
index,index2,cosdist[index][index2],thresholdtopk[index]: 9 6 0.9925348664223683 0.98344633418682
model_id_of_model9_used: 6
index,index2,cosdist[index][index2],thresholdtopk[index]: 9 7 0.9961235683240628 0.98344633418682
model_id_of_model9_used: 7
index,index2,cosdist[index][index2],thresholdtopk[index]: 9 8 0.9970640290435757 0.98344633418682
model_id_of_model9_used: 8
index,index2,cosdist[index][index2],thresholdtopk[index]: 9 9 1 0.98344633418682
model_id_of_model9_used: 9
model_num of model 9 used
-- 5 --
test performance ... 
model 0 use private_data_1 test
0.9038120571603167
model 1 use private_data_1 test
0.9037012413461157
model 2 use private_data_1 test
0.9203235817716476
model 3 use private_data_1 test
0.9079122340425532
model 4 use private_data_1 test
0.8580452127659575
model 5 use private_data_2 test
0.8578235817716476
model 6 use private_data_2 test
0.9271941489361702
model 7 use private_data_2 test
0.9076906030482434
model 8 use private_data_2 test
0.9232047872340425
model 9 use private_data_2 test
0.8735593975858486
updates models ...
model 0 starting alignment with public logits... 
model 0 done alignment
model 0 starting training with private data... 
model 0 done private training. 

model 1 starting alignment with public logits... 
model 1 done alignment
model 1 starting training with private data... 
model 1 done private training. 

model 2 starting alignment with public logits... 
model 2 done alignment
model 2 starting training with private data... 
model 2 done private training. 

model 3 starting alignment with public logits... 
model 3 done alignment
model 3 starting training with private data... 
model 3 done private training. 

model 4 starting alignment with public logits... 
model 4 done alignment
model 4 starting training with private data... 
model 4 done private training. 

model 5 starting alignment with public logits... 
model 5 done alignment
model 5 starting training with private data... 
model 5 done private training. 

model 6 starting alignment with public logits... 
model 6 done alignment
model 6 starting training with private data... 
model 6 done private training. 

model 7 starting alignment with public logits... 
model 7 done alignment
model 7 starting training with private data... 
model 7 done private training. 

model 8 starting alignment with public logits... 
model 8 done alignment
model 8 starting training with private data... 
model 8 done private training. 

model 9 starting alignment with public logits... 
model 9 done alignment
model 9 starting training with private data... 
model 9 done private training. 

round  2
update logits ... 
cosdist:
[[1, 0.9982506335521544, 0.9981516780242555, 0.9987276937302856, 0.9968348067452553, 0.9941280542369466, 0.9944671954704015, 0.9951856480973091, 0.9949904489741013, 0.9955951144188669], [0.9982506335521544, 1, 0.9987327368386885, 0.9987949785240677, 0.9973896983555103, 0.9931340134025659, 0.9938420910396255, 0.9948865806619502, 0.9949741209342218, 0.9955588069101414], [0.9981516780242555, 0.9987327368386885, 1, 0.998090675107109, 0.997000642597999, 0.9929882974754182, 0.993544390645424, 0.9947835385486006, 0.9944413585944152, 0.995222702477983], [0.9987276937302856, 0.9987949785240677, 0.998090675107109, 1, 0.9972520764788054, 0.9942468101681553, 0.9952152923481723, 0.9956794744873926, 0.99598681534026, 0.9963171299995491], [0.9968348067452553, 0.9973896983555103, 0.997000642597999, 0.9972520764788054, 1, 0.9892068187582206, 0.9901294304159175, 0.9914334792560592, 0.9915173643807874, 0.9921725772542699], [0.9941280542369466, 0.9931340134025659, 0.9929882974754182, 0.9942468101681553, 0.9892068187582206, 1, 0.9987864957039312, 0.9983165117523541, 0.9978120987864701, 0.9976788387723644], [0.9944671954704015, 0.9938420910396255, 0.993544390645424, 0.9952152923481723, 0.9901294304159175, 0.9987864957039312, 1, 0.9981202597390463, 0.9985187631621883, 0.9980445084391105], [0.9951856480973091, 0.9948865806619502, 0.9947835385486006, 0.9956794744873926, 0.9914334792560592, 0.9983165117523541, 0.9981202597390463, 1, 0.9984770214296323, 0.9986590800464629], [0.9949904489741013, 0.9949741209342218, 0.9944413585944152, 0.99598681534026, 0.9915173643807874, 0.9978120987864701, 0.9985187631621883, 0.9984770214296323, 1, 0.9987698831357158], [0.9955951144188669, 0.9955588069101414, 0.995222702477983, 0.9963171299995491, 0.9921725772542699, 0.9976788387723644, 0.9980445084391105, 0.9986590800464629, 0.9987698831357158, 1]]
thresholdtopk: [0.9955951144188669, 0.9955588069101414, 0.995222702477983, 0.9963171299995491, 0.9921725772542699, 0.9942468101681553, 0.9952152923481723, 0.9956794744873926, 0.99598681534026, 0.9963171299995491]
index,index2,cosdist[index][index2],thresholdtopk[index]: 0 0 1 0.9955951144188669
model_id_of_model0_used: 0
index,index2,cosdist[index][index2],thresholdtopk[index]: 0 1 0.9982506335521544 0.9955951144188669
model_id_of_model0_used: 1
index,index2,cosdist[index][index2],thresholdtopk[index]: 0 2 0.9981516780242555 0.9955951144188669
model_id_of_model0_used: 2
index,index2,cosdist[index][index2],thresholdtopk[index]: 0 3 0.9987276937302856 0.9955951144188669
model_id_of_model0_used: 3
index,index2,cosdist[index][index2],thresholdtopk[index]: 0 4 0.9968348067452553 0.9955951144188669
model_id_of_model0_used: 4
model_num of model 0 used
-- 5 --
index,index2,cosdist[index][index2],thresholdtopk[index]: 1 0 0.9982506335521544 0.9955588069101414
model_id_of_model1_used: 0
index,index2,cosdist[index][index2],thresholdtopk[index]: 1 1 1 0.9955588069101414
model_id_of_model1_used: 1
index,index2,cosdist[index][index2],thresholdtopk[index]: 1 2 0.9987327368386885 0.9955588069101414
model_id_of_model1_used: 2
index,index2,cosdist[index][index2],thresholdtopk[index]: 1 3 0.9987949785240677 0.9955588069101414
model_id_of_model1_used: 3
index,index2,cosdist[index][index2],thresholdtopk[index]: 1 4 0.9973896983555103 0.9955588069101414
model_id_of_model1_used: 4
model_num of model 1 used
-- 5 --
index,index2,cosdist[index][index2],thresholdtopk[index]: 2 0 0.9981516780242555 0.995222702477983
model_id_of_model2_used: 0
index,index2,cosdist[index][index2],thresholdtopk[index]: 2 1 0.9987327368386885 0.995222702477983
model_id_of_model2_used: 1
index,index2,cosdist[index][index2],thresholdtopk[index]: 2 2 1 0.995222702477983
model_id_of_model2_used: 2
index,index2,cosdist[index][index2],thresholdtopk[index]: 2 3 0.998090675107109 0.995222702477983
model_id_of_model2_used: 3
index,index2,cosdist[index][index2],thresholdtopk[index]: 2 4 0.997000642597999 0.995222702477983
model_id_of_model2_used: 4
model_num of model 2 used
-- 5 --
index,index2,cosdist[index][index2],thresholdtopk[index]: 3 0 0.9987276937302856 0.9963171299995491
model_id_of_model3_used: 0
index,index2,cosdist[index][index2],thresholdtopk[index]: 3 1 0.9987949785240677 0.9963171299995491
model_id_of_model3_used: 1
index,index2,cosdist[index][index2],thresholdtopk[index]: 3 2 0.998090675107109 0.9963171299995491
model_id_of_model3_used: 2
index,index2,cosdist[index][index2],thresholdtopk[index]: 3 3 1 0.9963171299995491
model_id_of_model3_used: 3
index,index2,cosdist[index][index2],thresholdtopk[index]: 3 4 0.9972520764788054 0.9963171299995491
model_id_of_model3_used: 4
model_num of model 3 used
-- 5 --
index,index2,cosdist[index][index2],thresholdtopk[index]: 4 0 0.9968348067452553 0.9921725772542699
model_id_of_model4_used: 0
index,index2,cosdist[index][index2],thresholdtopk[index]: 4 1 0.9973896983555103 0.9921725772542699
model_id_of_model4_used: 1
index,index2,cosdist[index][index2],thresholdtopk[index]: 4 2 0.997000642597999 0.9921725772542699
model_id_of_model4_used: 2
index,index2,cosdist[index][index2],thresholdtopk[index]: 4 3 0.9972520764788054 0.9921725772542699
model_id_of_model4_used: 3
index,index2,cosdist[index][index2],thresholdtopk[index]: 4 4 1 0.9921725772542699
model_id_of_model4_used: 4
model_num of model 4 used
-- 5 --
index,index2,cosdist[index][index2],thresholdtopk[index]: 5 5 1 0.9942468101681553
model_id_of_model5_used: 5
index,index2,cosdist[index][index2],thresholdtopk[index]: 5 6 0.9987864957039312 0.9942468101681553
model_id_of_model5_used: 6
index,index2,cosdist[index][index2],thresholdtopk[index]: 5 7 0.9983165117523541 0.9942468101681553
model_id_of_model5_used: 7
index,index2,cosdist[index][index2],thresholdtopk[index]: 5 8 0.9978120987864701 0.9942468101681553
model_id_of_model5_used: 8
index,index2,cosdist[index][index2],thresholdtopk[index]: 5 9 0.9976788387723644 0.9942468101681553
model_id_of_model5_used: 9
model_num of model 5 used
-- 5 --
index,index2,cosdist[index][index2],thresholdtopk[index]: 6 5 0.9987864957039312 0.9952152923481723
model_id_of_model6_used: 5
index,index2,cosdist[index][index2],thresholdtopk[index]: 6 6 1 0.9952152923481723
model_id_of_model6_used: 6
index,index2,cosdist[index][index2],thresholdtopk[index]: 6 7 0.9981202597390463 0.9952152923481723
model_id_of_model6_used: 7
index,index2,cosdist[index][index2],thresholdtopk[index]: 6 8 0.9985187631621883 0.9952152923481723
model_id_of_model6_used: 8
index,index2,cosdist[index][index2],thresholdtopk[index]: 6 9 0.9980445084391105 0.9952152923481723
model_id_of_model6_used: 9
model_num of model 6 used
-- 5 --
index,index2,cosdist[index][index2],thresholdtopk[index]: 7 5 0.9983165117523541 0.9956794744873926
model_id_of_model7_used: 5
index,index2,cosdist[index][index2],thresholdtopk[index]: 7 6 0.9981202597390463 0.9956794744873926
model_id_of_model7_used: 6
index,index2,cosdist[index][index2],thresholdtopk[index]: 7 7 1 0.9956794744873926
model_id_of_model7_used: 7
index,index2,cosdist[index][index2],thresholdtopk[index]: 7 8 0.9984770214296323 0.9956794744873926
model_id_of_model7_used: 8
index,index2,cosdist[index][index2],thresholdtopk[index]: 7 9 0.9986590800464629 0.9956794744873926
model_id_of_model7_used: 9
model_num of model 7 used
-- 5 --
index,index2,cosdist[index][index2],thresholdtopk[index]: 8 5 0.9978120987864701 0.99598681534026
model_id_of_model8_used: 5
index,index2,cosdist[index][index2],thresholdtopk[index]: 8 6 0.9985187631621883 0.99598681534026
model_id_of_model8_used: 6
index,index2,cosdist[index][index2],thresholdtopk[index]: 8 7 0.9984770214296323 0.99598681534026
model_id_of_model8_used: 7
index,index2,cosdist[index][index2],thresholdtopk[index]: 8 8 1 0.99598681534026
model_id_of_model8_used: 8
index,index2,cosdist[index][index2],thresholdtopk[index]: 8 9 0.9987698831357158 0.99598681534026
model_id_of_model8_used: 9
model_num of model 8 used
-- 5 --
index,index2,cosdist[index][index2],thresholdtopk[index]: 9 5 0.9976788387723644 0.9963171299995491
model_id_of_model9_used: 5
index,index2,cosdist[index][index2],thresholdtopk[index]: 9 6 0.9980445084391105 0.9963171299995491
model_id_of_model9_used: 6
index,index2,cosdist[index][index2],thresholdtopk[index]: 9 7 0.9986590800464629 0.9963171299995491
model_id_of_model9_used: 7
index,index2,cosdist[index][index2],thresholdtopk[index]: 9 8 0.9987698831357158 0.9963171299995491
model_id_of_model9_used: 8
index,index2,cosdist[index][index2],thresholdtopk[index]: 9 9 1 0.9963171299995491
model_id_of_model9_used: 9
model_num of model 9 used
-- 5 --
test performance ... 
model 0 use private_data_1 test
0.9230939720539336
model 1 use private_data_1 test
0.90625
model 2 use private_data_1 test
0.9147828018411677
model 3 use private_data_1 test
0.9250886529049975
model 4 use private_data_1 test
0.8822030146071251
model 5 use private_data_2 test
0.9131205677986145
model 6 use private_data_2 test
0.9060283690056903
model 7 use private_data_2 test
0.9350620571603167
model 8 use private_data_2 test
0.9121232273730826
model 9 use private_data_2 test
0.8482934401390401
updates models ...
model 0 starting alignment with public logits... 
model 0 done alignment
model 0 starting training with private data... 
model 0 done private training. 

model 1 starting alignment with public logits... 
model 1 done alignment
model 1 starting training with private data... 
model 1 done private training. 

model 2 starting alignment with public logits... 
model 2 done alignment
model 2 starting training with private data... 
model 2 done private training. 

model 3 starting alignment with public logits... 
model 3 done alignment
model 3 starting training with private data... 
model 3 done private training. 

model 4 starting alignment with public logits... 
model 4 done alignment
model 4 starting training with private data... 
model 4 done private training. 

model 5 starting alignment with public logits... 
model 5 done alignment
model 5 starting training with private data... 
model 5 done private training. 

model 6 starting alignment with public logits... 
model 6 done alignment
model 6 starting training with private data... 
model 6 done private training. 

model 7 starting alignment with public logits... 
model 7 done alignment
model 7 starting training with private data... 
model 7 done private training. 

model 8 starting alignment with public logits... 
model 8 done alignment
model 8 starting training with private data... 
model 8 done private training. 

model 9 starting alignment with public logits... 
model 9 done alignment
model 9 starting training with private data... 
model 9 done private training. 

round  3
update logits ... 
cosdist:
[[1, 0.9988966691713085, 0.9986686740066877, 0.9987088981808183, 0.9989554587563348, 0.9967068992085397, 0.9962273966948938, 0.9964481983904013, 0.9967502612826258, 0.9970020729951459], [0.9988966691713085, 1, 0.9989718211423096, 0.9990444135847166, 0.9986491899712546, 0.9955515497419725, 0.9952867035521944, 0.9963210456468322, 0.996607946286156, 0.9971016821505875], [0.9986686740066877, 0.9989718211423096, 1, 0.9987250270985105, 0.9988312200930936, 0.99460103079594, 0.9942802359874154, 0.9953198246128383, 0.9957272948572279, 0.9960514626517978], [0.9987088981808183, 0.9990444135847166, 0.9987250270985105, 1, 0.9984608937136242, 0.9951145361826201, 0.9952259223987033, 0.9962514220396773, 0.9968392752798666, 0.9970918009167675], [0.9989554587563348, 0.9986491899712546, 0.9988312200930936, 0.9984608937136242, 1, 0.9946779713131924, 0.9937888749743228, 0.9945600836099675, 0.9949047447078532, 0.9956543451523251], [0.9967068992085397, 0.9955515497419725, 0.99460103079594, 0.9951145361826201, 0.9946779713131924, 1, 0.9986357655692235, 0.9985874477712664, 0.9982875735657994, 0.9981903568279755], [0.9962273966948938, 0.9952867035521944, 0.9942802359874154, 0.9952259223987033, 0.9937888749743228, 0.9986357655692235, 1, 0.9985874356503093, 0.9986976234452203, 0.9982860444183905], [0.9964481983904013, 0.9963210456468322, 0.9953198246128383, 0.9962514220396773, 0.9945600836099675, 0.9985874477712664, 0.9985874356503093, 1, 0.9990917830261594, 0.9988849483585305], [0.9967502612826258, 0.996607946286156, 0.9957272948572279, 0.9968392752798666, 0.9949047447078532, 0.9982875735657994, 0.9986976234452203, 0.9990917830261594, 1, 0.9990377093623051], [0.9970020729951459, 0.9971016821505875, 0.9960514626517978, 0.9970918009167675, 0.9956543451523251, 0.9981903568279755, 0.9982860444183905, 0.9988849483585305, 0.9990377093623051, 1]]
thresholdtopk: [0.9970020729951459, 0.9971016821505875, 0.9960514626517978, 0.9970918009167675, 0.9956543451523251, 0.9967068992085397, 0.9962273966948938, 0.9964481983904013, 0.9968392752798666, 0.9971016821505875]
index,index2,cosdist[index][index2],thresholdtopk[index]: 0 0 1 0.9970020729951459
model_id_of_model0_used: 0
index,index2,cosdist[index][index2],thresholdtopk[index]: 0 1 0.9988966691713085 0.9970020729951459
model_id_of_model0_used: 1
index,index2,cosdist[index][index2],thresholdtopk[index]: 0 2 0.9986686740066877 0.9970020729951459
model_id_of_model0_used: 2
index,index2,cosdist[index][index2],thresholdtopk[index]: 0 3 0.9987088981808183 0.9970020729951459
model_id_of_model0_used: 3
index,index2,cosdist[index][index2],thresholdtopk[index]: 0 4 0.9989554587563348 0.9970020729951459
model_id_of_model0_used: 4
model_num of model 0 used
-- 5 --
index,index2,cosdist[index][index2],thresholdtopk[index]: 1 0 0.9988966691713085 0.9971016821505875
model_id_of_model1_used: 0
index,index2,cosdist[index][index2],thresholdtopk[index]: 1 1 1 0.9971016821505875
model_id_of_model1_used: 1
index,index2,cosdist[index][index2],thresholdtopk[index]: 1 2 0.9989718211423096 0.9971016821505875
model_id_of_model1_used: 2
index,index2,cosdist[index][index2],thresholdtopk[index]: 1 3 0.9990444135847166 0.9971016821505875
model_id_of_model1_used: 3
index,index2,cosdist[index][index2],thresholdtopk[index]: 1 4 0.9986491899712546 0.9971016821505875
model_id_of_model1_used: 4
model_num of model 1 used
-- 5 --
index,index2,cosdist[index][index2],thresholdtopk[index]: 2 0 0.9986686740066877 0.9960514626517978
model_id_of_model2_used: 0
index,index2,cosdist[index][index2],thresholdtopk[index]: 2 1 0.9989718211423096 0.9960514626517978
model_id_of_model2_used: 1
index,index2,cosdist[index][index2],thresholdtopk[index]: 2 2 1 0.9960514626517978
model_id_of_model2_used: 2
index,index2,cosdist[index][index2],thresholdtopk[index]: 2 3 0.9987250270985105 0.9960514626517978
model_id_of_model2_used: 3
index,index2,cosdist[index][index2],thresholdtopk[index]: 2 4 0.9988312200930936 0.9960514626517978
model_id_of_model2_used: 4
model_num of model 2 used
-- 5 --
index,index2,cosdist[index][index2],thresholdtopk[index]: 3 0 0.9987088981808183 0.9970918009167675
model_id_of_model3_used: 0
index,index2,cosdist[index][index2],thresholdtopk[index]: 3 1 0.9990444135847166 0.9970918009167675
model_id_of_model3_used: 1
index,index2,cosdist[index][index2],thresholdtopk[index]: 3 2 0.9987250270985105 0.9970918009167675
model_id_of_model3_used: 2
index,index2,cosdist[index][index2],thresholdtopk[index]: 3 3 1 0.9970918009167675
model_id_of_model3_used: 3
index,index2,cosdist[index][index2],thresholdtopk[index]: 3 4 0.9984608937136242 0.9970918009167675
model_id_of_model3_used: 4
model_num of model 3 used
-- 5 --
index,index2,cosdist[index][index2],thresholdtopk[index]: 4 0 0.9989554587563348 0.9956543451523251
model_id_of_model4_used: 0
index,index2,cosdist[index][index2],thresholdtopk[index]: 4 1 0.9986491899712546 0.9956543451523251
model_id_of_model4_used: 1
index,index2,cosdist[index][index2],thresholdtopk[index]: 4 2 0.9988312200930936 0.9956543451523251
model_id_of_model4_used: 2
index,index2,cosdist[index][index2],thresholdtopk[index]: 4 3 0.9984608937136242 0.9956543451523251
model_id_of_model4_used: 3
index,index2,cosdist[index][index2],thresholdtopk[index]: 4 4 1 0.9956543451523251
model_id_of_model4_used: 4
model_num of model 4 used
-- 5 --
index,index2,cosdist[index][index2],thresholdtopk[index]: 5 5 1 0.9967068992085397
model_id_of_model5_used: 5
index,index2,cosdist[index][index2],thresholdtopk[index]: 5 6 0.9986357655692235 0.9967068992085397
model_id_of_model5_used: 6
index,index2,cosdist[index][index2],thresholdtopk[index]: 5 7 0.9985874477712664 0.9967068992085397
model_id_of_model5_used: 7
index,index2,cosdist[index][index2],thresholdtopk[index]: 5 8 0.9982875735657994 0.9967068992085397
model_id_of_model5_used: 8
index,index2,cosdist[index][index2],thresholdtopk[index]: 5 9 0.9981903568279755 0.9967068992085397
model_id_of_model5_used: 9
model_num of model 5 used
-- 5 --
index,index2,cosdist[index][index2],thresholdtopk[index]: 6 5 0.9986357655692235 0.9962273966948938
model_id_of_model6_used: 5
index,index2,cosdist[index][index2],thresholdtopk[index]: 6 6 1 0.9962273966948938
model_id_of_model6_used: 6
index,index2,cosdist[index][index2],thresholdtopk[index]: 6 7 0.9985874356503093 0.9962273966948938
model_id_of_model6_used: 7
index,index2,cosdist[index][index2],thresholdtopk[index]: 6 8 0.9986976234452203 0.9962273966948938
