Namespace(conf='../conf/My_EMNIST_balance_conf.json', dataset='mnist', gpu=1.0, iid=True, use_pretrained_model=False)
X shape : (60000, 28, 28)
y shape : (60000,)
X shape : (10000, 28, 28)
y shape : (10000,)
19    6000
18    6000
17    6000
16    6000
15    6000
14    6000
13    6000
12    6000
11    6000
10    6000
dtype: int64
mod_private_classes: [10 11 12 13 14 15 16 17 18 19]
============================================================
============================================================
X shape : (10000, 28, 28)
y shape : (10000,)
X shape : (10000, 28, 28)
y shape : (10000,)
X shape : (10000, 28, 28)
y shape : (10000,)
X shape : (10000, 28, 28)
y shape : (10000,)
X shape : (10000, 28, 28)
y shape : (10000,)
X shape : (10000, 28, 28)
y shape : (10000,)
X shape : (10000, 28, 28)
y shape : (10000,)
X shape : (10000, 28, 28)
y shape : (10000,)
X shape : (10000, 28, 28)
y shape : (10000,)
X shape : (10000, 28, 28)
y shape : (10000,)
X shape : (10000, 28, 28)
y shape : (10000,)
X shape : (10000, 28, 28)
y shape : (10000,)
X shape : (10000, 28, 28)
y shape : (10000,)
X shape : (10000, 28, 28)
y shape : (10000,)
X shape : (10000, 28, 28)
y shape : (10000,)
X shape : (10000, 28, 28)
y shape : (10000,)
X shape : (10000, 28, 28)
y shape : (10000,)
X shape : (10000, 28, 28)
y shape : (10000,)
X shape : (10000, 28, 28)
y shape : (10000,)
X shape : (10000, 28, 28)
y shape : (10000,)
model 0 : ResNet18_1
model 1 : ResNet34_1
model 2 : mobilenet_1
model 3 : shufflenet_1
model 4 : ResNet18_2
model 5 : ResNet34_2
model 6 : mobilenet_2
model 7 : shufflenet_2
model 8 : ResNet18_3
model 9 : ResNet34_3
model 10 : mobilenet_3
model 11 : shufflenet_3
model 12 : ResNet18_4
model 13 : ResNet34_4
model 14 : mobilenet_4
model 15 : shufflenet_4
model 16 : ResNet18_5
model 17 : ResNet34_5
model 18 : mobilenet_5
model 19 : shufflenet_5
Training model  0
Training model  1
Training model  2
Training model  3
Training model  4
Training model  5
Training model  6
Training model  7
Training model  8
Training model  9
Training model  10
Training model  11
Training model  12
Training model  13
Training model  14
Training model  15
Training model  16
Training model  17
Training model  18
Training model  19
pre-train accuracy: 
[0.9895174050632911, 0.9930775316455697, 0.9859572784810127, 0.9892207278481012, 0.991495253164557, 0.9925830696202531, 0.9895174050632911, 0.9918908227848101, 0.991495253164557, 0.9912974683544303, 0.9871439873417721, 0.9895174050632911, 0.9923852848101266, 0.9912974683544303, 0.987440664556962, 0.989121835443038, 0.9911985759493671, 0.990506329113924, 0.9880340189873418, 0.9906052215189873]
publice_dataset[y]: [5 0 4 ... 5 6 8]
calculate the theoretical upper bounds for participants: 
the upper bounds are: [0.7773562300319489, 0.7671725239616614, 0.7558905750798722, 0.766573482428115, 0.8072084664536742, 0.7826477635782748, 0.7129592651757188, 0.729632587859425, 0.7858426517571885, 0.805111821086262, 0.7549920127795527, 0.7499001597444089, 0.8149960063897763, 0.7788538338658147, 0.7429113418530351, 0.7694688498402555, 0.7837460063897763, 0.7971246006389776, 0.7454073482428115, 0.7539936102236422]
start model initialization: 
finish model initialization: 
round  0
update logits ... 
cosdist:
[[1, 0.840532751795092, 0.7613476491393812, 0.9026462844050277, 0.908694019317331, 0.8051761887133067, 0.8126580448357323, 0.9015713592987447, 0.9210939997880839, 0.7847460904747516, 0.8384745559130073, 0.9083691755256397, 0.9208283641694799, 0.7015364452417422, 0.8073881763481234, 0.9074121959320237, 0.9125738538587367, 0.7933527843699196, 0.767134758369627, 0.895248789941188], [0.840532751795092, 1, 0.811500488183974, 0.8349809635520787, 0.8413896774497054, 0.756073054880218, 0.7753086896597816, 0.8364433325238393, 0.8421913208622915, 0.7827060162727322, 0.8590277603320443, 0.8279174119230684, 0.8221146621750373, 0.6601359031205329, 0.776129189487104, 0.8624731221640356, 0.8528328116647153, 0.7796078725997813, 0.7345225910441909, 0.7932630853902409], [0.7613476491393812, 0.811500488183974, 1, 0.7771226345711778, 0.7951500461140015, 0.7881035638761973, 0.8806606124986782, 0.7933677061231824, 0.7457848774475898, 0.7907740735364042, 0.826594445880748, 0.7950391977294666, 0.7613092302474158, 0.6062057698787984, 0.8156847863963207, 0.7958920745403729, 0.802903645287157, 0.6931915496319165, 0.78346915299059, 0.7758978577817803], [0.9026462844050277, 0.8349809635520787, 0.7771226345711778, 1, 0.9173199298558565, 0.78580733615601, 0.8117303528109915, 0.9096726184763816, 0.9118361942402919, 0.7459165735596324, 0.7930386948627934, 0.9238106893144244, 0.8988896379628561, 0.6475426190417418, 0.8149157561426339, 0.9198859582476293, 0.9246445331500442, 0.8012634335747908, 0.7676492236945519, 0.8928603718351564], [0.908694019317331, 0.8413896774497054, 0.7951500461140015, 0.9173199298558565, 1, 0.8422375413287335, 0.8294677410754373, 0.884038117510695, 0.9101673790273676, 0.8205101971782073, 0.8423039929354792, 0.9180417607372016, 0.9089047080303212, 0.6596407449911893, 0.8285488915484028, 0.8972455038361139, 0.9106337523368635, 0.8216263455795454, 0.7534644999932298, 0.8864783764503938], [0.8051761887133067, 0.756073054880218, 0.7881035638761973, 0.78580733615601, 0.8422375413287335, 1, 0.823559994563164, 0.8066249976907399, 0.7939417815023577, 0.8527237016191124, 0.7994771265911056, 0.7923526347254436, 0.7932125274968866, 0.5740507695375761, 0.7589618286405603, 0.794044705728364, 0.8030361411795426, 0.820524296241368, 0.710505671496175, 0.7844704382093439], [0.8126580448357323, 0.7753086896597816, 0.8806606124986782, 0.8117303528109915, 0.8294677410754373, 0.823559994563164, 1, 0.8217409804907859, 0.7912223218718555, 0.8009500236293907, 0.8404855009854013, 0.8413952951119847, 0.8102447796958662, 0.6168431690251055, 0.8853664024399481, 0.8331722202983552, 0.8156805727994804, 0.7100287147119734, 0.867244600609893, 0.797378881274284], [0.9015713592987447, 0.8364433325238393, 0.7933677061231824, 0.9096726184763816, 0.884038117510695, 0.8066249976907399, 0.8217409804907859, 1, 0.893292547639676, 0.7551980263530648, 0.7722403265216294, 0.9009020376684445, 0.9079848717635549, 0.6325935158703841, 0.7508269387647153, 0.9436320954524263, 0.9091036106794127, 0.778790155704371, 0.741806988869195, 0.8650221322078163], [0.9210939997880839, 0.8421913208622915, 0.7457848774475898, 0.9118361942402919, 0.9101673790273676, 0.7939417815023577, 0.7912223218718555, 0.893292547639676, 1, 0.7530274861582529, 0.8260830373645147, 0.9067951269819825, 0.9085212740698648, 0.7185538681376915, 0.7902344511460704, 0.9112911848022036, 0.9177766531739484, 0.8086727906022373, 0.7486883870898589, 0.860870213844223], [0.7847460904747516, 0.7827060162727322, 0.7907740735364042, 0.7459165735596324, 0.8205101971782073, 0.8527237016191124, 0.8009500236293907, 0.7551980263530648, 0.7530274861582529, 1, 0.802239577839205, 0.7534333800015616, 0.7667336852520709, 0.5355333707119638, 0.7760576435569791, 0.7650135364146073, 0.7569423417500588, 0.7439609116792782, 0.7542034498150331, 0.7193597951392554], [0.8384745559130073, 0.8590277603320443, 0.826594445880748, 0.7930386948627934, 0.8423039929354792, 0.7994771265911056, 0.8404855009854013, 0.7722403265216294, 0.8260830373645147, 0.802239577839205, 1, 0.8173432729557353, 0.7945686173291291, 0.7148279371004157, 0.8489355595709037, 0.8045926267180612, 0.8255246886237052, 0.7827204912780944, 0.7901594744840214, 0.7942754622465753], [0.9083691755256397, 0.8279174119230684, 0.7950391977294666, 0.9238106893144244, 0.9180417607372016, 0.7923526347254436, 0.8413952951119847, 0.9009020376684445, 0.9067951269819825, 0.7534333800015616, 0.8173432729557353, 1, 0.896059176363784, 0.6683574587210325, 0.8388034576018358, 0.9199249614714299, 0.9119076312833154, 0.7840676902751886, 0.7938793859117174, 0.8883892514566087], [0.9208283641694799, 0.8221146621750373, 0.7613092302474158, 0.8988896379628561, 0.9089047080303212, 0.7932125274968866, 0.8102447796958662, 0.9079848717635549, 0.9085212740698648, 0.7667336852520709, 0.7945686173291291, 0.896059176363784, 1, 0.6279877270544809, 0.7789300439147447, 0.9151712561992058, 0.9047902450925284, 0.8112836496145521, 0.72101588253732, 0.8585931828508319], [0.7015364452417422, 0.6601359031205329, 0.6062057698787984, 0.6475426190417418, 0.6596407449911893, 0.5740507695375761, 0.6168431690251055, 0.6325935158703841, 0.7185538681376915, 0.5355333707119638, 0.7148279371004157, 0.6683574587210325, 0.6279877270544809, 1, 0.6477550453642509, 0.667150808150022, 0.66148946518135, 0.6522472424959134, 0.584228209097879, 0.6404808950311827], [0.8073881763481234, 0.776129189487104, 0.8156847863963207, 0.8149157561426339, 0.8285488915484028, 0.7589618286405603, 0.8853664024399481, 0.7508269387647153, 0.7902344511460704, 0.7760576435569791, 0.8489355595709037, 0.8388034576018358, 0.7789300439147447, 0.6477550453642509, 1, 0.7985482302219099, 0.7968239299663354, 0.7221764353081859, 0.8969246086901075, 0.8096605535103554], [0.9074121959320237, 0.8624731221640356, 0.7958920745403729, 0.9198859582476293, 0.8972455038361139, 0.794044705728364, 0.8331722202983552, 0.9436320954524263, 0.9112911848022036, 0.7650135364146073, 0.8045926267180612, 0.9199249614714299, 0.9151712561992058, 0.667150808150022, 0.7985482302219099, 1, 0.9228318256543063, 0.8070419804990987, 0.7891874458985803, 0.8846680010808726], [0.9125738538587367, 0.8528328116647153, 0.802903645287157, 0.9246445331500442, 0.9106337523368635, 0.8030361411795426, 0.8156805727994804, 0.9091036106794127, 0.9177766531739484, 0.7569423417500588, 0.8255246886237052, 0.9119076312833154, 0.9047902450925284, 0.66148946518135, 0.7968239299663354, 0.9228318256543063, 1, 0.82509154708308, 0.7495087989391663, 0.8967508677077338], [0.7933527843699196, 0.7796078725997813, 0.6931915496319165, 0.8012634335747908, 0.8216263455795454, 0.820524296241368, 0.7100287147119734, 0.778790155704371, 0.8086727906022373, 0.7439609116792782, 0.7827204912780944, 0.7840676902751886, 0.8112836496145521, 0.6522472424959134, 0.7221764353081859, 0.8070419804990987, 0.82509154708308, 1, 0.650676074919986, 0.7956074175587364], [0.767134758369627, 0.7345225910441909, 0.78346915299059, 0.7676492236945519, 0.7534644999932298, 0.710505671496175, 0.867244600609893, 0.741806988869195, 0.7486883870898589, 0.7542034498150331, 0.7901594744840214, 0.7938793859117174, 0.72101588253732, 0.584228209097879, 0.8969246086901075, 0.7891874458985803, 0.7495087989391663, 0.650676074919986, 1, 0.7615656582206857], [0.895248789941188, 0.7932630853902409, 0.7758978577817803, 0.8928603718351564, 0.8864783764503938, 0.7844704382093439, 0.797378881274284, 0.8650221322078163, 0.860870213844223, 0.7193597951392554, 0.7942754622465753, 0.8883892514566087, 0.8585931828508319, 0.6404808950311827, 0.8096605535103554, 0.8846680010808726, 0.8967508677077338, 0.7956074175587364, 0.7615656582206857, 1]]
thresholdtopk: [0.840532751795092, 0.8221146621750373, 0.7907740735364042, 0.8349809635520787, 0.8423039929354792, 0.7939417815023577, 0.8156805727994804, 0.8364433325238393, 0.8421913208622915, 0.7650135364146073, 0.8045926267180612, 0.8413952951119847, 0.8221146621750373, 0.6477550453642509, 0.7985482302219099, 0.8624731221640356, 0.8528328116647153, 0.7840676902751886, 0.7542034498150331, 0.8096605535103554]
index,index2,cosdist[index][index2],thresholdtopk[index]: 0 0 1 0.840532751795092
model_id_of_model0_used: 0
index,index2,cosdist[index][index2],thresholdtopk[index]: 0 3 0.9026462844050277 0.840532751795092
model_id_of_model0_used: 3
index,index2,cosdist[index][index2],thresholdtopk[index]: 0 4 0.908694019317331 0.840532751795092
model_id_of_model0_used: 4
index,index2,cosdist[index][index2],thresholdtopk[index]: 0 7 0.9015713592987447 0.840532751795092
model_id_of_model0_used: 7
index,index2,cosdist[index][index2],thresholdtopk[index]: 0 8 0.9210939997880839 0.840532751795092
model_id_of_model0_used: 8
index,index2,cosdist[index][index2],thresholdtopk[index]: 0 11 0.9083691755256397 0.840532751795092
model_id_of_model0_used: 11
index,index2,cosdist[index][index2],thresholdtopk[index]: 0 12 0.9208283641694799 0.840532751795092
model_id_of_model0_used: 12
index,index2,cosdist[index][index2],thresholdtopk[index]: 0 15 0.9074121959320237 0.840532751795092
model_id_of_model0_used: 15
index,index2,cosdist[index][index2],thresholdtopk[index]: 0 16 0.9125738538587367 0.840532751795092
model_id_of_model0_used: 16
index,index2,cosdist[index][index2],thresholdtopk[index]: 0 19 0.895248789941188 0.840532751795092
model_id_of_model0_used: 19
model_num of model 0 used
-- 10 --
index,index2,cosdist[index][index2],thresholdtopk[index]: 1 0 0.840532751795092 0.8221146621750373
model_id_of_model1_used: 0
index,index2,cosdist[index][index2],thresholdtopk[index]: 1 1 1 0.8221146621750373
model_id_of_model1_used: 1
index,index2,cosdist[index][index2],thresholdtopk[index]: 1 3 0.8349809635520787 0.8221146621750373
model_id_of_model1_used: 3
index,index2,cosdist[index][index2],thresholdtopk[index]: 1 4 0.8413896774497054 0.8221146621750373
model_id_of_model1_used: 4
index,index2,cosdist[index][index2],thresholdtopk[index]: 1 7 0.8364433325238393 0.8221146621750373
model_id_of_model1_used: 7
index,index2,cosdist[index][index2],thresholdtopk[index]: 1 8 0.8421913208622915 0.8221146621750373
model_id_of_model1_used: 8
index,index2,cosdist[index][index2],thresholdtopk[index]: 1 10 0.8590277603320443 0.8221146621750373
model_id_of_model1_used: 10
index,index2,cosdist[index][index2],thresholdtopk[index]: 1 11 0.8279174119230684 0.8221146621750373
model_id_of_model1_used: 11
index,index2,cosdist[index][index2],thresholdtopk[index]: 1 15 0.8624731221640356 0.8221146621750373
model_id_of_model1_used: 15
index,index2,cosdist[index][index2],thresholdtopk[index]: 1 16 0.8528328116647153 0.8221146621750373
model_id_of_model1_used: 16
model_num of model 1 used
-- 10 --
index,index2,cosdist[index][index2],thresholdtopk[index]: 2 1 0.811500488183974 0.7907740735364042
model_id_of_model2_used: 1
index,index2,cosdist[index][index2],thresholdtopk[index]: 2 2 1 0.7907740735364042
model_id_of_model2_used: 2
index,index2,cosdist[index][index2],thresholdtopk[index]: 2 4 0.7951500461140015 0.7907740735364042
model_id_of_model2_used: 4
index,index2,cosdist[index][index2],thresholdtopk[index]: 2 6 0.8806606124986782 0.7907740735364042
model_id_of_model2_used: 6
index,index2,cosdist[index][index2],thresholdtopk[index]: 2 7 0.7933677061231824 0.7907740735364042
model_id_of_model2_used: 7
index,index2,cosdist[index][index2],thresholdtopk[index]: 2 10 0.826594445880748 0.7907740735364042
model_id_of_model2_used: 10
index,index2,cosdist[index][index2],thresholdtopk[index]: 2 11 0.7950391977294666 0.7907740735364042
model_id_of_model2_used: 11
index,index2,cosdist[index][index2],thresholdtopk[index]: 2 14 0.8156847863963207 0.7907740735364042
model_id_of_model2_used: 14
index,index2,cosdist[index][index2],thresholdtopk[index]: 2 15 0.7958920745403729 0.7907740735364042
model_id_of_model2_used: 15
index,index2,cosdist[index][index2],thresholdtopk[index]: 2 16 0.802903645287157 0.7907740735364042
model_id_of_model2_used: 16
model_num of model 2 used
-- 10 --
index,index2,cosdist[index][index2],thresholdtopk[index]: 3 0 0.9026462844050277 0.8349809635520787
model_id_of_model3_used: 0
index,index2,cosdist[index][index2],thresholdtopk[index]: 3 3 1 0.8349809635520787
model_id_of_model3_used: 3
index,index2,cosdist[index][index2],thresholdtopk[index]: 3 4 0.9173199298558565 0.8349809635520787
model_id_of_model3_used: 4
index,index2,cosdist[index][index2],thresholdtopk[index]: 3 7 0.9096726184763816 0.8349809635520787
model_id_of_model3_used: 7
index,index2,cosdist[index][index2],thresholdtopk[index]: 3 8 0.9118361942402919 0.8349809635520787
model_id_of_model3_used: 8
index,index2,cosdist[index][index2],thresholdtopk[index]: 3 11 0.9238106893144244 0.8349809635520787
model_id_of_model3_used: 11
index,index2,cosdist[index][index2],thresholdtopk[index]: 3 12 0.8988896379628561 0.8349809635520787
model_id_of_model3_used: 12
index,index2,cosdist[index][index2],thresholdtopk[index]: 3 15 0.9198859582476293 0.8349809635520787
model_id_of_model3_used: 15
index,index2,cosdist[index][index2],thresholdtopk[index]: 3 16 0.9246445331500442 0.8349809635520787
model_id_of_model3_used: 16
index,index2,cosdist[index][index2],thresholdtopk[index]: 3 19 0.8928603718351564 0.8349809635520787
model_id_of_model3_used: 19
model_num of model 3 used
-- 10 --
index,index2,cosdist[index][index2],thresholdtopk[index]: 4 0 0.908694019317331 0.8423039929354792
model_id_of_model4_used: 0
index,index2,cosdist[index][index2],thresholdtopk[index]: 4 3 0.9173199298558565 0.8423039929354792
model_id_of_model4_used: 3
index,index2,cosdist[index][index2],thresholdtopk[index]: 4 4 1 0.8423039929354792
model_id_of_model4_used: 4
index,index2,cosdist[index][index2],thresholdtopk[index]: 4 7 0.884038117510695 0.8423039929354792
model_id_of_model4_used: 7
index,index2,cosdist[index][index2],thresholdtopk[index]: 4 8 0.9101673790273676 0.8423039929354792
model_id_of_model4_used: 8
index,index2,cosdist[index][index2],thresholdtopk[index]: 4 11 0.9180417607372016 0.8423039929354792
model_id_of_model4_used: 11
index,index2,cosdist[index][index2],thresholdtopk[index]: 4 12 0.9089047080303212 0.8423039929354792
model_id_of_model4_used: 12
index,index2,cosdist[index][index2],thresholdtopk[index]: 4 15 0.8972455038361139 0.8423039929354792
model_id_of_model4_used: 15
index,index2,cosdist[index][index2],thresholdtopk[index]: 4 16 0.9106337523368635 0.8423039929354792
model_id_of_model4_used: 16
index,index2,cosdist[index][index2],thresholdtopk[index]: 4 19 0.8864783764503938 0.8423039929354792
model_id_of_model4_used: 19
model_num of model 4 used
-- 10 --
index,index2,cosdist[index][index2],thresholdtopk[index]: 5 0 0.8051761887133067 0.7939417815023577
model_id_of_model5_used: 0
index,index2,cosdist[index][index2],thresholdtopk[index]: 5 4 0.8422375413287335 0.7939417815023577
model_id_of_model5_used: 4
index,index2,cosdist[index][index2],thresholdtopk[index]: 5 5 1 0.7939417815023577
model_id_of_model5_used: 5
index,index2,cosdist[index][index2],thresholdtopk[index]: 5 6 0.823559994563164 0.7939417815023577
model_id_of_model5_used: 6
index,index2,cosdist[index][index2],thresholdtopk[index]: 5 7 0.8066249976907399 0.7939417815023577
model_id_of_model5_used: 7
index,index2,cosdist[index][index2],thresholdtopk[index]: 5 9 0.8527237016191124 0.7939417815023577
model_id_of_model5_used: 9
index,index2,cosdist[index][index2],thresholdtopk[index]: 5 10 0.7994771265911056 0.7939417815023577
model_id_of_model5_used: 10
index,index2,cosdist[index][index2],thresholdtopk[index]: 5 15 0.794044705728364 0.7939417815023577
model_id_of_model5_used: 15
index,index2,cosdist[index][index2],thresholdtopk[index]: 5 16 0.8030361411795426 0.7939417815023577
model_id_of_model5_used: 16
index,index2,cosdist[index][index2],thresholdtopk[index]: 5 17 0.820524296241368 0.7939417815023577
model_id_of_model5_used: 17
model_num of model 5 used
-- 10 --
index,index2,cosdist[index][index2],thresholdtopk[index]: 6 2 0.8806606124986782 0.8156805727994804
model_id_of_model6_used: 2
index,index2,cosdist[index][index2],thresholdtopk[index]: 6 4 0.8294677410754373 0.8156805727994804
model_id_of_model6_used: 4
index,index2,cosdist[index][index2],thresholdtopk[index]: 6 5 0.823559994563164 0.8156805727994804
model_id_of_model6_used: 5
index,index2,cosdist[index][index2],thresholdtopk[index]: 6 6 1 0.8156805727994804
model_id_of_model6_used: 6
index,index2,cosdist[index][index2],thresholdtopk[index]: 6 7 0.8217409804907859 0.8156805727994804
model_id_of_model6_used: 7
index,index2,cosdist[index][index2],thresholdtopk[index]: 6 10 0.8404855009854013 0.8156805727994804
model_id_of_model6_used: 10
index,index2,cosdist[index][index2],thresholdtopk[index]: 6 11 0.8413952951119847 0.8156805727994804
model_id_of_model6_used: 11
index,index2,cosdist[index][index2],thresholdtopk[index]: 6 14 0.8853664024399481 0.8156805727994804
model_id_of_model6_used: 14
index,index2,cosdist[index][index2],thresholdtopk[index]: 6 15 0.8331722202983552 0.8156805727994804
model_id_of_model6_used: 15
index,index2,cosdist[index][index2],thresholdtopk[index]: 6 18 0.867244600609893 0.8156805727994804
model_id_of_model6_used: 18
model_num of model 6 used
-- 10 --
index,index2,cosdist[index][index2],thresholdtopk[index]: 7 0 0.9015713592987447 0.8364433325238393
model_id_of_model7_used: 0
index,index2,cosdist[index][index2],thresholdtopk[index]: 7 3 0.9096726184763816 0.8364433325238393
model_id_of_model7_used: 3
index,index2,cosdist[index][index2],thresholdtopk[index]: 7 4 0.884038117510695 0.8364433325238393
model_id_of_model7_used: 4
index,index2,cosdist[index][index2],thresholdtopk[index]: 7 7 1 0.8364433325238393
model_id_of_model7_used: 7
index,index2,cosdist[index][index2],thresholdtopk[index]: 7 8 0.893292547639676 0.8364433325238393
model_id_of_model7_used: 8
index,index2,cosdist[index][index2],thresholdtopk[index]: 7 11 0.9009020376684445 0.8364433325238393
model_id_of_model7_used: 11
index,index2,cosdist[index][index2],thresholdtopk[index]: 7 12 0.9079848717635549 0.8364433325238393
model_id_of_model7_used: 12
index,index2,cosdist[index][index2],thresholdtopk[index]: 7 15 0.9436320954524263 0.8364433325238393
model_id_of_model7_used: 15
index,index2,cosdist[index][index2],thresholdtopk[index]: 7 16 0.9091036106794127 0.8364433325238393
model_id_of_model7_used: 16
index,index2,cosdist[index][index2],thresholdtopk[index]: 7 19 0.8650221322078163 0.8364433325238393
model_id_of_model7_used: 19
model_num of model 7 used
-- 10 --
index,index2,cosdist[index][index2],thresholdtopk[index]: 8 0 0.9210939997880839 0.8421913208622915
model_id_of_model8_used: 0
index,index2,cosdist[index][index2],thresholdtopk[index]: 8 3 0.9118361942402919 0.8421913208622915
model_id_of_model8_used: 3
index,index2,cosdist[index][index2],thresholdtopk[index]: 8 4 0.9101673790273676 0.8421913208622915
model_id_of_model8_used: 4
index,index2,cosdist[index][index2],thresholdtopk[index]: 8 7 0.893292547639676 0.8421913208622915
model_id_of_model8_used: 7
index,index2,cosdist[index][index2],thresholdtopk[index]: 8 8 1 0.8421913208622915
model_id_of_model8_used: 8
index,index2,cosdist[index][index2],thresholdtopk[index]: 8 11 0.9067951269819825 0.8421913208622915
model_id_of_model8_used: 11
index,index2,cosdist[index][index2],thresholdtopk[index]: 8 12 0.9085212740698648 0.8421913208622915
model_id_of_model8_used: 12
index,index2,cosdist[index][index2],thresholdtopk[index]: 8 15 0.9112911848022036 0.8421913208622915
model_id_of_model8_used: 15
index,index2,cosdist[index][index2],thresholdtopk[index]: 8 16 0.9177766531739484 0.8421913208622915
model_id_of_model8_used: 16
index,index2,cosdist[index][index2],thresholdtopk[index]: 8 19 0.860870213844223 0.8421913208622915
model_id_of_model8_used: 19
model_num of model 8 used
-- 10 --
index,index2,cosdist[index][index2],thresholdtopk[index]: 9 0 0.7847460904747516 0.7650135364146073
model_id_of_model9_used: 0
index,index2,cosdist[index][index2],thresholdtopk[index]: 9 1 0.7827060162727322 0.7650135364146073
model_id_of_model9_used: 1
index,index2,cosdist[index][index2],thresholdtopk[index]: 9 2 0.7907740735364042 0.7650135364146073
model_id_of_model9_used: 2
index,index2,cosdist[index][index2],thresholdtopk[index]: 9 4 0.8205101971782073 0.7650135364146073
model_id_of_model9_used: 4
index,index2,cosdist[index][index2],thresholdtopk[index]: 9 5 0.8527237016191124 0.7650135364146073
model_id_of_model9_used: 5
index,index2,cosdist[index][index2],thresholdtopk[index]: 9 6 0.8009500236293907 0.7650135364146073
model_id_of_model9_used: 6
index,index2,cosdist[index][index2],thresholdtopk[index]: 9 9 1 0.7650135364146073
model_id_of_model9_used: 9
index,index2,cosdist[index][index2],thresholdtopk[index]: 9 10 0.802239577839205 0.7650135364146073
model_id_of_model9_used: 10
index,index2,cosdist[index][index2],thresholdtopk[index]: 9 12 0.7667336852520709 0.7650135364146073
model_id_of_model9_used: 12
index,index2,cosdist[index][index2],thresholdtopk[index]: 9 14 0.7760576435569791 0.7650135364146073
model_id_of_model9_used: 14
model_num of model 9 used
-- 10 --
index,index2,cosdist[index][index2],thresholdtopk[index]: 10 0 0.8384745559130073 0.8045926267180612
model_id_of_model10_used: 0
index,index2,cosdist[index][index2],thresholdtopk[index]: 10 1 0.8590277603320443 0.8045926267180612
model_id_of_model10_used: 1
index,index2,cosdist[index][index2],thresholdtopk[index]: 10 2 0.826594445880748 0.8045926267180612
model_id_of_model10_used: 2
index,index2,cosdist[index][index2],thresholdtopk[index]: 10 4 0.8423039929354792 0.8045926267180612
model_id_of_model10_used: 4
index,index2,cosdist[index][index2],thresholdtopk[index]: 10 6 0.8404855009854013 0.8045926267180612
model_id_of_model10_used: 6
index,index2,cosdist[index][index2],thresholdtopk[index]: 10 8 0.8260830373645147 0.8045926267180612
model_id_of_model10_used: 8
index,index2,cosdist[index][index2],thresholdtopk[index]: 10 10 1 0.8045926267180612
model_id_of_model10_used: 10
index,index2,cosdist[index][index2],thresholdtopk[index]: 10 11 0.8173432729557353 0.8045926267180612
model_id_of_model10_used: 11
index,index2,cosdist[index][index2],thresholdtopk[index]: 10 14 0.8489355595709037 0.8045926267180612
model_id_of_model10_used: 14
index,index2,cosdist[index][index2],thresholdtopk[index]: 10 16 0.8255246886237052 0.8045926267180612
model_id_of_model10_used: 16
model_num of model 10 used
-- 10 --
index,index2,cosdist[index][index2],thresholdtopk[index]: 11 0 0.9083691755256397 0.8413952951119847
model_id_of_model11_used: 0
index,index2,cosdist[index][index2],thresholdtopk[index]: 11 3 0.9238106893144244 0.8413952951119847
model_id_of_model11_used: 3
index,index2,cosdist[index][index2],thresholdtopk[index]: 11 4 0.9180417607372016 0.8413952951119847
model_id_of_model11_used: 4
index,index2,cosdist[index][index2],thresholdtopk[index]: 11 7 0.9009020376684445 0.8413952951119847
model_id_of_model11_used: 7
index,index2,cosdist[index][index2],thresholdtopk[index]: 11 8 0.9067951269819825 0.8413952951119847
model_id_of_model11_used: 8
index,index2,cosdist[index][index2],thresholdtopk[index]: 11 11 1 0.8413952951119847
model_id_of_model11_used: 11
index,index2,cosdist[index][index2],thresholdtopk[index]: 11 12 0.896059176363784 0.8413952951119847
model_id_of_model11_used: 12
index,index2,cosdist[index][index2],thresholdtopk[index]: 11 15 0.9199249614714299 0.8413952951119847
model_id_of_model11_used: 15
index,index2,cosdist[index][index2],thresholdtopk[index]: 11 16 0.9119076312833154 0.8413952951119847
model_id_of_model11_used: 16
index,index2,cosdist[index][index2],thresholdtopk[index]: 11 19 0.8883892514566087 0.8413952951119847
model_id_of_model11_used: 19
model_num of model 11 used
-- 10 --
index,index2,cosdist[index][index2],thresholdtopk[index]: 12 0 0.9208283641694799 0.8221146621750373
model_id_of_model12_used: 0
index,index2,cosdist[index][index2],thresholdtopk[index]: 12 3 0.8988896379628561 0.8221146621750373
model_id_of_model12_used: 3
index,index2,cosdist[index][index2],thresholdtopk[index]: 12 4 0.9089047080303212 0.8221146621750373
model_id_of_model12_used: 4
index,index2,cosdist[index][index2],thresholdtopk[index]: 12 7 0.9079848717635549 0.8221146621750373
model_id_of_model12_used: 7
index,index2,cosdist[index][index2],thresholdtopk[index]: 12 8 0.9085212740698648 0.8221146621750373
model_id_of_model12_used: 8
index,index2,cosdist[index][index2],thresholdtopk[index]: 12 11 0.896059176363784 0.8221146621750373
model_id_of_model12_used: 11
index,index2,cosdist[index][index2],thresholdtopk[index]: 12 12 1 0.8221146621750373
model_id_of_model12_used: 12
index,index2,cosdist[index][index2],thresholdtopk[index]: 12 15 0.9151712561992058 0.8221146621750373
model_id_of_model12_used: 15
index,index2,cosdist[index][index2],thresholdtopk[index]: 12 16 0.9047902450925284 0.8221146621750373
model_id_of_model12_used: 16
index,index2,cosdist[index][index2],thresholdtopk[index]: 12 19 0.8585931828508319 0.8221146621750373
model_id_of_model12_used: 19
model_num of model 12 used
-- 10 --
index,index2,cosdist[index][index2],thresholdtopk[index]: 13 0 0.7015364452417422 0.6477550453642509
model_id_of_model13_used: 0
index,index2,cosdist[index][index2],thresholdtopk[index]: 13 1 0.6601359031205329 0.6477550453642509
model_id_of_model13_used: 1
index,index2,cosdist[index][index2],thresholdtopk[index]: 13 4 0.6596407449911893 0.6477550453642509
model_id_of_model13_used: 4
index,index2,cosdist[index][index2],thresholdtopk[index]: 13 8 0.7185538681376915 0.6477550453642509
model_id_of_model13_used: 8
index,index2,cosdist[index][index2],thresholdtopk[index]: 13 10 0.7148279371004157 0.6477550453642509
model_id_of_model13_used: 10
index,index2,cosdist[index][index2],thresholdtopk[index]: 13 11 0.6683574587210325 0.6477550453642509
model_id_of_model13_used: 11
index,index2,cosdist[index][index2],thresholdtopk[index]: 13 13 1 0.6477550453642509
model_id_of_model13_used: 13
index,index2,cosdist[index][index2],thresholdtopk[index]: 13 15 0.667150808150022 0.6477550453642509
model_id_of_model13_used: 15
index,index2,cosdist[index][index2],thresholdtopk[index]: 13 16 0.66148946518135 0.6477550453642509
model_id_of_model13_used: 16
index,index2,cosdist[index][index2],thresholdtopk[index]: 13 17 0.6522472424959134 0.6477550453642509
model_id_of_model13_used: 17
model_num of model 13 used
-- 10 --
index,index2,cosdist[index][index2],thresholdtopk[index]: 14 0 0.8073881763481234 0.7985482302219099
model_id_of_model14_used: 0
index,index2,cosdist[index][index2],thresholdtopk[index]: 14 2 0.8156847863963207 0.7985482302219099
model_id_of_model14_used: 2
index,index2,cosdist[index][index2],thresholdtopk[index]: 14 3 0.8149157561426339 0.7985482302219099
model_id_of_model14_used: 3
index,index2,cosdist[index][index2],thresholdtopk[index]: 14 4 0.8285488915484028 0.7985482302219099
model_id_of_model14_used: 4
index,index2,cosdist[index][index2],thresholdtopk[index]: 14 6 0.8853664024399481 0.7985482302219099
model_id_of_model14_used: 6
index,index2,cosdist[index][index2],thresholdtopk[index]: 14 10 0.8489355595709037 0.7985482302219099
model_id_of_model14_used: 10
index,index2,cosdist[index][index2],thresholdtopk[index]: 14 11 0.8388034576018358 0.7985482302219099
model_id_of_model14_used: 11
index,index2,cosdist[index][index2],thresholdtopk[index]: 14 14 1 0.7985482302219099
model_id_of_model14_used: 14
index,index2,cosdist[index][index2],thresholdtopk[index]: 14 18 0.8969246086901075 0.7985482302219099
model_id_of_model14_used: 18
index,index2,cosdist[index][index2],thresholdtopk[index]: 14 19 0.8096605535103554 0.7985482302219099
model_id_of_model14_used: 19
model_num of model 14 used
-- 10 --
index,index2,cosdist[index][index2],thresholdtopk[index]: 15 0 0.9074121959320237 0.8624731221640356
model_id_of_model15_used: 0
index,index2,cosdist[index][index2],thresholdtopk[index]: 15 3 0.9198859582476293 0.8624731221640356
model_id_of_model15_used: 3
index,index2,cosdist[index][index2],thresholdtopk[index]: 15 4 0.8972455038361139 0.8624731221640356
model_id_of_model15_used: 4
index,index2,cosdist[index][index2],thresholdtopk[index]: 15 7 0.9436320954524263 0.8624731221640356
model_id_of_model15_used: 7
index,index2,cosdist[index][index2],thresholdtopk[index]: 15 8 0.9112911848022036 0.8624731221640356
model_id_of_model15_used: 8
index,index2,cosdist[index][index2],thresholdtopk[index]: 15 11 0.9199249614714299 0.8624731221640356
model_id_of_model15_used: 11
index,index2,cosdist[index][index2],thresholdtopk[index]: 15 12 0.9151712561992058 0.8624731221640356
model_id_of_model15_used: 12
index,index2,cosdist[index][index2],thresholdtopk[index]: 15 15 1 0.8624731221640356
model_id_of_model15_used: 15
index,index2,cosdist[index][index2],thresholdtopk[index]: 15 16 0.9228318256543063 0.8624731221640356
model_id_of_model15_used: 16
index,index2,cosdist[index][index2],thresholdtopk[index]: 15 19 0.8846680010808726 0.8624731221640356
model_id_of_model15_used: 19
model_num of model 15 used
-- 10 --
index,index2,cosdist[index][index2],thresholdtopk[index]: 16 0 0.9125738538587367 0.8528328116647153
model_id_of_model16_used: 0
index,index2,cosdist[index][index2],thresholdtopk[index]: 16 3 0.9246445331500442 0.8528328116647153
model_id_of_model16_used: 3
index,index2,cosdist[index][index2],thresholdtopk[index]: 16 4 0.9106337523368635 0.8528328116647153
model_id_of_model16_used: 4
index,index2,cosdist[index][index2],thresholdtopk[index]: 16 7 0.9091036106794127 0.8528328116647153
model_id_of_model16_used: 7
index,index2,cosdist[index][index2],thresholdtopk[index]: 16 8 0.9177766531739484 0.8528328116647153
model_id_of_model16_used: 8
index,index2,cosdist[index][index2],thresholdtopk[index]: 16 11 0.9119076312833154 0.8528328116647153
model_id_of_model16_used: 11
index,index2,cosdist[index][index2],thresholdtopk[index]: 16 12 0.9047902450925284 0.8528328116647153
model_id_of_model16_used: 12
index,index2,cosdist[index][index2],thresholdtopk[index]: 16 15 0.9228318256543063 0.8528328116647153
model_id_of_model16_used: 15
index,index2,cosdist[index][index2],thresholdtopk[index]: 16 16 1 0.8528328116647153
model_id_of_model16_used: 16
index,index2,cosdist[index][index2],thresholdtopk[index]: 16 19 0.8967508677077338 0.8528328116647153
model_id_of_model16_used: 19
model_num of model 16 used
-- 10 --
index,index2,cosdist[index][index2],thresholdtopk[index]: 17 0 0.7933527843699196 0.7840676902751886
model_id_of_model17_used: 0
index,index2,cosdist[index][index2],thresholdtopk[index]: 17 3 0.8012634335747908 0.7840676902751886
model_id_of_model17_used: 3
index,index2,cosdist[index][index2],thresholdtopk[index]: 17 4 0.8216263455795454 0.7840676902751886
model_id_of_model17_used: 4
index,index2,cosdist[index][index2],thresholdtopk[index]: 17 5 0.820524296241368 0.7840676902751886
model_id_of_model17_used: 5
index,index2,cosdist[index][index2],thresholdtopk[index]: 17 8 0.8086727906022373 0.7840676902751886
model_id_of_model17_used: 8
index,index2,cosdist[index][index2],thresholdtopk[index]: 17 12 0.8112836496145521 0.7840676902751886
model_id_of_model17_used: 12
index,index2,cosdist[index][index2],thresholdtopk[index]: 17 15 0.8070419804990987 0.7840676902751886
model_id_of_model17_used: 15
index,index2,cosdist[index][index2],thresholdtopk[index]: 17 16 0.82509154708308 0.7840676902751886
model_id_of_model17_used: 16
index,index2,cosdist[index][index2],thresholdtopk[index]: 17 17 1 0.7840676902751886
model_id_of_model17_used: 17
index,index2,cosdist[index][index2],thresholdtopk[index]: 17 19 0.7956074175587364 0.7840676902751886
model_id_of_model17_used: 19
model_num of model 17 used
-- 10 --
index,index2,cosdist[index][index2],thresholdtopk[index]: 18 0 0.767134758369627 0.7542034498150331
model_id_of_model18_used: 0
index,index2,cosdist[index][index2],thresholdtopk[index]: 18 2 0.78346915299059 0.7542034498150331
model_id_of_model18_used: 2
index,index2,cosdist[index][index2],thresholdtopk[index]: 18 3 0.7676492236945519 0.7542034498150331
model_id_of_model18_used: 3
index,index2,cosdist[index][index2],thresholdtopk[index]: 18 6 0.867244600609893 0.7542034498150331
model_id_of_model18_used: 6
index,index2,cosdist[index][index2],thresholdtopk[index]: 18 10 0.7901594744840214 0.7542034498150331
model_id_of_model18_used: 10
index,index2,cosdist[index][index2],thresholdtopk[index]: 18 11 0.7938793859117174 0.7542034498150331
model_id_of_model18_used: 11
index,index2,cosdist[index][index2],thresholdtopk[index]: 18 14 0.8969246086901075 0.7542034498150331
model_id_of_model18_used: 14
index,index2,cosdist[index][index2],thresholdtopk[index]: 18 15 0.7891874458985803 0.7542034498150331
model_id_of_model18_used: 15
index,index2,cosdist[index][index2],thresholdtopk[index]: 18 18 1 0.7542034498150331
model_id_of_model18_used: 18
index,index2,cosdist[index][index2],thresholdtopk[index]: 18 19 0.7615656582206857 0.7542034498150331
model_id_of_model18_used: 19
model_num of model 18 used
-- 10 --
index,index2,cosdist[index][index2],thresholdtopk[index]: 19 0 0.895248789941188 0.8096605535103554
model_id_of_model19_used: 0
index,index2,cosdist[index][index2],thresholdtopk[index]: 19 3 0.8928603718351564 0.8096605535103554
model_id_of_model19_used: 3
index,index2,cosdist[index][index2],thresholdtopk[index]: 19 4 0.8864783764503938 0.8096605535103554
model_id_of_model19_used: 4
index,index2,cosdist[index][index2],thresholdtopk[index]: 19 7 0.8650221322078163 0.8096605535103554
model_id_of_model19_used: 7
index,index2,cosdist[index][index2],thresholdtopk[index]: 19 8 0.860870213844223 0.8096605535103554
model_id_of_model19_used: 8
index,index2,cosdist[index][index2],thresholdtopk[index]: 19 11 0.8883892514566087 0.8096605535103554
model_id_of_model19_used: 11
index,index2,cosdist[index][index2],thresholdtopk[index]: 19 12 0.8585931828508319 0.8096605535103554
model_id_of_model19_used: 12
index,index2,cosdist[index][index2],thresholdtopk[index]: 19 15 0.8846680010808726 0.8096605535103554
model_id_of_model19_used: 15
index,index2,cosdist[index][index2],thresholdtopk[index]: 19 16 0.8967508677077338 0.8096605535103554
model_id_of_model19_used: 16
index,index2,cosdist[index][index2],thresholdtopk[index]: 19 19 1 0.8096605535103554
model_id_of_model19_used: 19
model_num of model 19 used
-- 10 --
test performance ... 
0.1132188498402556
0.11172124600638977
0.0
0.013578274760383386
0.16134185303514376
0.1680311501597444
0.0
0.035243610223642176
0.1499600638977636
0.0961461661341853
0.03224840255591054
0.013278753993610224
0.1075279552715655
0.16224041533546327
0.0
0.0037939297124600637
0.1444688498402556
0.3257787539936102
0.0
0.0010982428115015974
updates models ...
model 0 starting alignment with public logits... 
model 0 done alignment
model 0 starting training with private data... 
model 0 done private training. 

model 1 starting alignment with public logits... 
model 1 done alignment
model 1 starting training with private data... 
model 1 done private training. 

model 2 starting alignment with public logits... 
model 2 done alignment
model 2 starting training with private data... 
model 2 done private training. 

model 3 starting alignment with public logits... 
model 3 done alignment
model 3 starting training with private data... 
model 3 done private training. 

model 4 starting alignment with public logits... 
model 4 done alignment
model 4 starting training with private data... 
model 4 done private training. 

model 5 starting alignment with public logits... 
model 5 done alignment
model 5 starting training with private data... 
model 5 done private training. 

model 6 starting alignment with public logits... 
model 6 done alignment
model 6 starting training with private data... 
model 6 done private training. 

model 7 starting alignment with public logits... 
model 7 done alignment
model 7 starting training with private data... 
model 7 done private training. 

model 8 starting alignment with public logits... 
model 8 done alignment
model 8 starting training with private data... 
model 8 done private training. 

model 9 starting alignment with public logits... 
model 9 done alignment
model 9 starting training with private data... 
model 9 done private training. 

model 10 starting alignment with public logits... 
model 10 done alignment
model 10 starting training with private data... 
model 10 done private training. 

model 11 starting alignment with public logits... 
model 11 done alignment
model 11 starting training with private data... 
model 11 done private training. 

model 12 starting alignment with public logits... 
model 12 done alignment
model 12 starting training with private data... 
model 12 done private training. 

model 13 starting alignment with public logits... 
model 13 done alignment
model 13 starting training with private data... 
model 13 done private training. 

