Namespace(conf='../conf/EMNIST_balance_conf.json', dataset='mnist', gpu=1.0, iid=True, use_pretrained_model=False)
X shape : (36000, 28, 28)
y shape : (36000,)
X shape : (6000, 28, 28)
y shape : (6000,)
15    6000
14    6000
13    6000
12    6000
11    6000
10    6000
dtype: int64
mod_private_class1: [10 11 12]
mod_private_class2: [13 14 15]
============================================================
============================================================
============================================================
X shape : (3000, 28, 28)
y shape : (3000,)
X shape : (3000, 28, 28)
y shape : (3000,)
model 0 : CNN_128_256
model 1 : CNN_128_384
model 2 : CNN_128_512
model 3 : CNN_256_256
model 4 : CNN_256_512
model 5 : CNN_64_128_256
model 6 : CNN_64_128_192
model 7 : CNN_128_192_256
model 8 : CNN_128_128_128
model 9 : CNN_128_128_192
Training model  0
Training model  1
Training model  2
Training model  3
Training model  4
Training model  5
Training model  6
Training model  7
Training model  8
Training model  9
pre-train accuracy: 
[0.9880340189873418, 0.9865506329113924, 0.9876384493670886, 0.9861550632911392, 0.9864517405063291, 0.9885284810126582, 0.9913963607594937, 0.9917919303797469, 0.9925830696202531, 0.9917919303797469]
publice_dataset[y]: [5 0 4 ... 5 6 8]
calculate the theoretical upper bounds for participants: 
the upper bounds are: [0.0, 0.0, 0.0, 0.0, 0.0, 0.0, 0.0, 0.0, 0.0, 0.0]
start model initialization: 
finish model initialization: 
round  0
update logits ... 
cosdist:
[[1, 0.9347412505391098, 0.9780677656063789, 0.9874602215922645, 0.9755147298695059, 0.7971407630817716, 0.8398431255511861, 0.8201340300102954, 0.8170099827613245, 0.842495684099974], [0.9347412505391098, 1, 0.9649141007280692, 0.9304558293422946, 0.9713651707763552, 0.7679288064569759, 0.7522036106117329, 0.7427432420241837, 0.7270042225956977, 0.7469782839661241], [0.9780677656063789, 0.9649141007280692, 1, 0.9738355652342096, 0.9834123021371202, 0.8076785037851849, 0.8255758750093996, 0.81490450853108, 0.8011407657308889, 0.8247977258462416], [0.9874602215922645, 0.9304558293422946, 0.9738355652342096, 1, 0.9753694308503896, 0.8022742878248167, 0.8497406203441425, 0.8278637547929141, 0.8241508347362435, 0.8482880109941181], [0.9755147298695059, 0.9713651707763552, 0.9834123021371202, 0.9753694308503896, 1, 0.8020316391118759, 0.8179166395378349, 0.8044575422738185, 0.7915706060200581, 0.8142635563972611], [0.7971407630817716, 0.7679288064569759, 0.8076785037851849, 0.8022742878248167, 0.8020316391118759, 1, 0.9633313123219309, 0.973366705040961, 0.964934219606525, 0.9614245638403152], [0.8398431255511861, 0.7522036106117329, 0.8255758750093996, 0.8497406203441425, 0.8179166395378349, 0.9633313123219309, 1, 0.9856337460379039, 0.9871805721788164, 0.9849313203984139], [0.8201340300102954, 0.7427432420241837, 0.81490450853108, 0.8278637547929141, 0.8044575422738185, 0.973366705040961, 0.9856337460379039, 1, 0.986573179245062, 0.9807145275875103], [0.8170099827613245, 0.7270042225956977, 0.8011407657308889, 0.8241508347362435, 0.7915706060200581, 0.964934219606525, 0.9871805721788164, 0.986573179245062, 1, 0.9837259567996983], [0.842495684099974, 0.7469782839661241, 0.8247977258462416, 0.8482880109941181, 0.8142635563972611, 0.9614245638403152, 0.9849313203984139, 0.9807145275875103, 0.9837259567996983, 1]]
thresholdtopk: [0.842495684099974, 0.7679288064569759, 0.8255758750093996, 0.8497406203441425, 0.8179166395378349, 0.8076785037851849, 0.8497406203441425, 0.8278637547929141, 0.8241508347362435, 0.8482880109941181]
index,index2,cosdist[index][index2],thresholdtopk[index]: 0 0 1 0.842495684099974
model_id_of_model0_used: 0
index,index2,cosdist[index][index2],thresholdtopk[index]: 0 1 0.9347412505391098 0.842495684099974
model_id_of_model0_used: 1
index,index2,cosdist[index][index2],thresholdtopk[index]: 0 2 0.9780677656063789 0.842495684099974
model_id_of_model0_used: 2
index,index2,cosdist[index][index2],thresholdtopk[index]: 0 3 0.9874602215922645 0.842495684099974
model_id_of_model0_used: 3
index,index2,cosdist[index][index2],thresholdtopk[index]: 0 4 0.9755147298695059 0.842495684099974
model_id_of_model0_used: 4
model_num of model 0 used
-- 5 --
index,index2,cosdist[index][index2],thresholdtopk[index]: 1 0 0.9347412505391098 0.7679288064569759
model_id_of_model1_used: 0
index,index2,cosdist[index][index2],thresholdtopk[index]: 1 1 1 0.7679288064569759
model_id_of_model1_used: 1
index,index2,cosdist[index][index2],thresholdtopk[index]: 1 2 0.9649141007280692 0.7679288064569759
model_id_of_model1_used: 2
index,index2,cosdist[index][index2],thresholdtopk[index]: 1 3 0.9304558293422946 0.7679288064569759
model_id_of_model1_used: 3
index,index2,cosdist[index][index2],thresholdtopk[index]: 1 4 0.9713651707763552 0.7679288064569759
model_id_of_model1_used: 4
model_num of model 1 used
-- 5 --
index,index2,cosdist[index][index2],thresholdtopk[index]: 2 0 0.9780677656063789 0.8255758750093996
model_id_of_model2_used: 0
index,index2,cosdist[index][index2],thresholdtopk[index]: 2 1 0.9649141007280692 0.8255758750093996
model_id_of_model2_used: 1
index,index2,cosdist[index][index2],thresholdtopk[index]: 2 2 1 0.8255758750093996
model_id_of_model2_used: 2
index,index2,cosdist[index][index2],thresholdtopk[index]: 2 3 0.9738355652342096 0.8255758750093996
model_id_of_model2_used: 3
index,index2,cosdist[index][index2],thresholdtopk[index]: 2 4 0.9834123021371202 0.8255758750093996
model_id_of_model2_used: 4
model_num of model 2 used
-- 5 --
index,index2,cosdist[index][index2],thresholdtopk[index]: 3 0 0.9874602215922645 0.8497406203441425
model_id_of_model3_used: 0
index,index2,cosdist[index][index2],thresholdtopk[index]: 3 1 0.9304558293422946 0.8497406203441425
model_id_of_model3_used: 1
index,index2,cosdist[index][index2],thresholdtopk[index]: 3 2 0.9738355652342096 0.8497406203441425
model_id_of_model3_used: 2
index,index2,cosdist[index][index2],thresholdtopk[index]: 3 3 1 0.8497406203441425
model_id_of_model3_used: 3
index,index2,cosdist[index][index2],thresholdtopk[index]: 3 4 0.9753694308503896 0.8497406203441425
model_id_of_model3_used: 4
model_num of model 3 used
-- 5 --
index,index2,cosdist[index][index2],thresholdtopk[index]: 4 0 0.9755147298695059 0.8179166395378349
model_id_of_model4_used: 0
index,index2,cosdist[index][index2],thresholdtopk[index]: 4 1 0.9713651707763552 0.8179166395378349
model_id_of_model4_used: 1
index,index2,cosdist[index][index2],thresholdtopk[index]: 4 2 0.9834123021371202 0.8179166395378349
model_id_of_model4_used: 2
index,index2,cosdist[index][index2],thresholdtopk[index]: 4 3 0.9753694308503896 0.8179166395378349
model_id_of_model4_used: 3
index,index2,cosdist[index][index2],thresholdtopk[index]: 4 4 1 0.8179166395378349
model_id_of_model4_used: 4
model_num of model 4 used
-- 5 --
index,index2,cosdist[index][index2],thresholdtopk[index]: 5 5 1 0.8076785037851849
model_id_of_model5_used: 5
index,index2,cosdist[index][index2],thresholdtopk[index]: 5 6 0.9633313123219309 0.8076785037851849
model_id_of_model5_used: 6
index,index2,cosdist[index][index2],thresholdtopk[index]: 5 7 0.973366705040961 0.8076785037851849
model_id_of_model5_used: 7
index,index2,cosdist[index][index2],thresholdtopk[index]: 5 8 0.964934219606525 0.8076785037851849
model_id_of_model5_used: 8
index,index2,cosdist[index][index2],thresholdtopk[index]: 5 9 0.9614245638403152 0.8076785037851849
model_id_of_model5_used: 9
model_num of model 5 used
-- 5 --
index,index2,cosdist[index][index2],thresholdtopk[index]: 6 5 0.9633313123219309 0.8497406203441425
model_id_of_model6_used: 5
index,index2,cosdist[index][index2],thresholdtopk[index]: 6 6 1 0.8497406203441425
model_id_of_model6_used: 6
index,index2,cosdist[index][index2],thresholdtopk[index]: 6 7 0.9856337460379039 0.8497406203441425
model_id_of_model6_used: 7
index,index2,cosdist[index][index2],thresholdtopk[index]: 6 8 0.9871805721788164 0.8497406203441425
model_id_of_model6_used: 8
index,index2,cosdist[index][index2],thresholdtopk[index]: 6 9 0.9849313203984139 0.8497406203441425
model_id_of_model6_used: 9
model_num of model 6 used
-- 5 --
index,index2,cosdist[index][index2],thresholdtopk[index]: 7 5 0.973366705040961 0.8278637547929141
model_id_of_model7_used: 5
index,index2,cosdist[index][index2],thresholdtopk[index]: 7 6 0.9856337460379039 0.8278637547929141
model_id_of_model7_used: 6
index,index2,cosdist[index][index2],thresholdtopk[index]: 7 7 1 0.8278637547929141
model_id_of_model7_used: 7
index,index2,cosdist[index][index2],thresholdtopk[index]: 7 8 0.986573179245062 0.8278637547929141
model_id_of_model7_used: 8
index,index2,cosdist[index][index2],thresholdtopk[index]: 7 9 0.9807145275875103 0.8278637547929141
model_id_of_model7_used: 9
model_num of model 7 used
-- 5 --
index,index2,cosdist[index][index2],thresholdtopk[index]: 8 5 0.964934219606525 0.8241508347362435
model_id_of_model8_used: 5
index,index2,cosdist[index][index2],thresholdtopk[index]: 8 6 0.9871805721788164 0.8241508347362435
model_id_of_model8_used: 6
index,index2,cosdist[index][index2],thresholdtopk[index]: 8 7 0.986573179245062 0.8241508347362435
model_id_of_model8_used: 7
index,index2,cosdist[index][index2],thresholdtopk[index]: 8 8 1 0.8241508347362435
model_id_of_model8_used: 8
index,index2,cosdist[index][index2],thresholdtopk[index]: 8 9 0.9837259567996983 0.8241508347362435
model_id_of_model8_used: 9
model_num of model 8 used
-- 5 --
index,index2,cosdist[index][index2],thresholdtopk[index]: 9 5 0.9614245638403152 0.8482880109941181
model_id_of_model9_used: 5
index,index2,cosdist[index][index2],thresholdtopk[index]: 9 6 0.9849313203984139 0.8482880109941181
model_id_of_model9_used: 6
index,index2,cosdist[index][index2],thresholdtopk[index]: 9 7 0.9807145275875103 0.8482880109941181
model_id_of_model9_used: 7
index,index2,cosdist[index][index2],thresholdtopk[index]: 9 8 0.9837259567996983 0.8482880109941181
model_id_of_model9_used: 8
index,index2,cosdist[index][index2],thresholdtopk[index]: 9 9 1 0.8482880109941181
model_id_of_model9_used: 9
model_num of model 9 used
-- 5 --
test performance ... 
model 0 use private_data_1 test
0.927304964750371
model 1 use private_data_1 test
0.8900709221971795
model 2 use private_data_1 test
0.9229831562397328
model 3 use private_data_1 test
0.9142287234042553
model 4 use private_data_1 test
0.9089095744680851
model 5 use private_data_2 test
0.9228723404255319
model 6 use private_data_2 test
0.8185948583673923
model 7 use private_data_2 test
0.8789893617021277
model 8 use private_data_2 test
0.8167109933305294
model 9 use private_data_2 test
0.8700132978723404
updates models ...
model 0 starting alignment with public logits... 
model 0 done alignment
model 0 starting training with private data... 
model 0 done private training. 

model 1 starting alignment with public logits... 
model 1 done alignment
model 1 starting training with private data... 
model 1 done private training. 

model 2 starting alignment with public logits... 
model 2 done alignment
model 2 starting training with private data... 
model 2 done private training. 

model 3 starting alignment with public logits... 
model 3 done alignment
model 3 starting training with private data... 
model 3 done private training. 

model 4 starting alignment with public logits... 
model 4 done alignment
model 4 starting training with private data... 
model 4 done private training. 

model 5 starting alignment with public logits... 
model 5 done alignment
model 5 starting training with private data... 
model 5 done private training. 

model 6 starting alignment with public logits... 
model 6 done alignment
model 6 starting training with private data... 
model 6 done private training. 

model 7 starting alignment with public logits... 
model 7 done alignment
model 7 starting training with private data... 
model 7 done private training. 

model 8 starting alignment with public logits... 
model 8 done alignment
model 8 starting training with private data... 
model 8 done private training. 

model 9 starting alignment with public logits... 
model 9 done alignment
model 9 starting training with private data... 
model 9 done private training. 

round  1
update logits ... 
cosdist:
[[1, 0.9938100495914796, 0.9937635736937062, 0.9939957772323222, 0.9938987085744189, 0.819522595551901, 0.8391005838954487, 0.8314051763241394, 0.8331861434117813, 0.82532495403085], [0.9938100495914796, 1, 0.9945153812879637, 0.9921585005192933, 0.9951020855909805, 0.8176677601430389, 0.837407631990415, 0.829547828187512, 0.8312777070465404, 0.8240847480043811], [0.9937635736937062, 0.9945153812879637, 1, 0.989973108872512, 0.9932710334642708, 0.8089948671853574, 0.8293645552733976, 0.8219407015777578, 0.8250260297993781, 0.8170996051113683], [0.9939957772323222, 0.9921585005192933, 0.989973108872512, 1, 0.9945489853394736, 0.8218256440495657, 0.8405380260690966, 0.8325040115236376, 0.8311265385337864, 0.8244909546803565], [0.9938987085744189, 0.9951020855909805, 0.9932710334642708, 0.9945489853394736, 1, 0.8136061677266434, 0.8337294853893485, 0.8253292679291978, 0.825035865479813, 0.8179025368186039], [0.819522595551901, 0.8176677601430389, 0.8089948671853574, 0.8218256440495657, 0.8136061677266434, 1, 0.9944362513712591, 0.9961175944428051, 0.9934910428846568, 0.9943506219381899], [0.8391005838954487, 0.837407631990415, 0.8293645552733976, 0.8405380260690966, 0.8337294853893485, 0.9944362513712591, 1, 0.9971057507025718, 0.9957474532551737, 0.9953100967224099], [0.8314051763241394, 0.829547828187512, 0.8219407015777578, 0.8325040115236376, 0.8253292679291978, 0.9961175944428051, 0.9971057507025718, 1, 0.9961336755790888, 0.9957253960800104], [0.8331861434117813, 0.8312777070465404, 0.8250260297993781, 0.8311265385337864, 0.825035865479813, 0.9934910428846568, 0.9957474532551737, 0.9961336755790888, 1, 0.9971561286496597], [0.82532495403085, 0.8240847480043811, 0.8170996051113683, 0.8244909546803565, 0.8179025368186039, 0.9943506219381899, 0.9953100967224099, 0.9957253960800104, 0.9971561286496597, 1]]
thresholdtopk: [0.8391005838954487, 0.837407631990415, 0.8293645552733976, 0.8405380260690966, 0.8337294853893485, 0.8218256440495657, 0.8405380260690966, 0.8325040115236376, 0.8331861434117813, 0.82532495403085]
index,index2,cosdist[index][index2],thresholdtopk[index]: 0 0 1 0.8391005838954487
model_id_of_model0_used: 0
index,index2,cosdist[index][index2],thresholdtopk[index]: 0 1 0.9938100495914796 0.8391005838954487
model_id_of_model0_used: 1
index,index2,cosdist[index][index2],thresholdtopk[index]: 0 2 0.9937635736937062 0.8391005838954487
model_id_of_model0_used: 2
index,index2,cosdist[index][index2],thresholdtopk[index]: 0 3 0.9939957772323222 0.8391005838954487
model_id_of_model0_used: 3
index,index2,cosdist[index][index2],thresholdtopk[index]: 0 4 0.9938987085744189 0.8391005838954487
model_id_of_model0_used: 4
model_num of model 0 used
-- 5 --
index,index2,cosdist[index][index2],thresholdtopk[index]: 1 0 0.9938100495914796 0.837407631990415
model_id_of_model1_used: 0
index,index2,cosdist[index][index2],thresholdtopk[index]: 1 1 1 0.837407631990415
model_id_of_model1_used: 1
index,index2,cosdist[index][index2],thresholdtopk[index]: 1 2 0.9945153812879637 0.837407631990415
model_id_of_model1_used: 2
index,index2,cosdist[index][index2],thresholdtopk[index]: 1 3 0.9921585005192933 0.837407631990415
model_id_of_model1_used: 3
index,index2,cosdist[index][index2],thresholdtopk[index]: 1 4 0.9951020855909805 0.837407631990415
model_id_of_model1_used: 4
model_num of model 1 used
-- 5 --
index,index2,cosdist[index][index2],thresholdtopk[index]: 2 0 0.9937635736937062 0.8293645552733976
model_id_of_model2_used: 0
index,index2,cosdist[index][index2],thresholdtopk[index]: 2 1 0.9945153812879637 0.8293645552733976
model_id_of_model2_used: 1
index,index2,cosdist[index][index2],thresholdtopk[index]: 2 2 1 0.8293645552733976
model_id_of_model2_used: 2
index,index2,cosdist[index][index2],thresholdtopk[index]: 2 3 0.989973108872512 0.8293645552733976
model_id_of_model2_used: 3
index,index2,cosdist[index][index2],thresholdtopk[index]: 2 4 0.9932710334642708 0.8293645552733976
model_id_of_model2_used: 4
model_num of model 2 used
-- 5 --
index,index2,cosdist[index][index2],thresholdtopk[index]: 3 0 0.9939957772323222 0.8405380260690966
model_id_of_model3_used: 0
index,index2,cosdist[index][index2],thresholdtopk[index]: 3 1 0.9921585005192933 0.8405380260690966
model_id_of_model3_used: 1
index,index2,cosdist[index][index2],thresholdtopk[index]: 3 2 0.989973108872512 0.8405380260690966
model_id_of_model3_used: 2
index,index2,cosdist[index][index2],thresholdtopk[index]: 3 3 1 0.8405380260690966
model_id_of_model3_used: 3
index,index2,cosdist[index][index2],thresholdtopk[index]: 3 4 0.9945489853394736 0.8405380260690966
model_id_of_model3_used: 4
model_num of model 3 used
-- 5 --
index,index2,cosdist[index][index2],thresholdtopk[index]: 4 0 0.9938987085744189 0.8337294853893485
model_id_of_model4_used: 0
index,index2,cosdist[index][index2],thresholdtopk[index]: 4 1 0.9951020855909805 0.8337294853893485
model_id_of_model4_used: 1
index,index2,cosdist[index][index2],thresholdtopk[index]: 4 2 0.9932710334642708 0.8337294853893485
model_id_of_model4_used: 2
index,index2,cosdist[index][index2],thresholdtopk[index]: 4 3 0.9945489853394736 0.8337294853893485
model_id_of_model4_used: 3
index,index2,cosdist[index][index2],thresholdtopk[index]: 4 4 1 0.8337294853893485
model_id_of_model4_used: 4
model_num of model 4 used
-- 5 --
index,index2,cosdist[index][index2],thresholdtopk[index]: 5 5 1 0.8218256440495657
model_id_of_model5_used: 5
index,index2,cosdist[index][index2],thresholdtopk[index]: 5 6 0.9944362513712591 0.8218256440495657
model_id_of_model5_used: 6
index,index2,cosdist[index][index2],thresholdtopk[index]: 5 7 0.9961175944428051 0.8218256440495657
model_id_of_model5_used: 7
index,index2,cosdist[index][index2],thresholdtopk[index]: 5 8 0.9934910428846568 0.8218256440495657
model_id_of_model5_used: 8
index,index2,cosdist[index][index2],thresholdtopk[index]: 5 9 0.9943506219381899 0.8218256440495657
model_id_of_model5_used: 9
model_num of model 5 used
-- 5 --
index,index2,cosdist[index][index2],thresholdtopk[index]: 6 5 0.9944362513712591 0.8405380260690966
model_id_of_model6_used: 5
index,index2,cosdist[index][index2],thresholdtopk[index]: 6 6 1 0.8405380260690966
model_id_of_model6_used: 6
index,index2,cosdist[index][index2],thresholdtopk[index]: 6 7 0.9971057507025718 0.8405380260690966
model_id_of_model6_used: 7
index,index2,cosdist[index][index2],thresholdtopk[index]: 6 8 0.9957474532551737 0.8405380260690966
model_id_of_model6_used: 8
index,index2,cosdist[index][index2],thresholdtopk[index]: 6 9 0.9953100967224099 0.8405380260690966
model_id_of_model6_used: 9
model_num of model 6 used
-- 5 --
index,index2,cosdist[index][index2],thresholdtopk[index]: 7 5 0.9961175944428051 0.8325040115236376
model_id_of_model7_used: 5
index,index2,cosdist[index][index2],thresholdtopk[index]: 7 6 0.9971057507025718 0.8325040115236376
model_id_of_model7_used: 6
index,index2,cosdist[index][index2],thresholdtopk[index]: 7 7 1 0.8325040115236376
model_id_of_model7_used: 7
index,index2,cosdist[index][index2],thresholdtopk[index]: 7 8 0.9961336755790888 0.8325040115236376
model_id_of_model7_used: 8
index,index2,cosdist[index][index2],thresholdtopk[index]: 7 9 0.9957253960800104 0.8325040115236376
model_id_of_model7_used: 9
model_num of model 7 used
-- 5 --
index,index2,cosdist[index][index2],thresholdtopk[index]: 8 5 0.9934910428846568 0.8331861434117813
model_id_of_model8_used: 5
index,index2,cosdist[index][index2],thresholdtopk[index]: 8 6 0.9957474532551737 0.8331861434117813
model_id_of_model8_used: 6
index,index2,cosdist[index][index2],thresholdtopk[index]: 8 7 0.9961336755790888 0.8331861434117813
model_id_of_model8_used: 7
index,index2,cosdist[index][index2],thresholdtopk[index]: 8 8 1 0.8331861434117813
model_id_of_model8_used: 8
index,index2,cosdist[index][index2],thresholdtopk[index]: 8 9 0.9971561286496597 0.8331861434117813
model_id_of_model8_used: 9
model_num of model 8 used
-- 5 --
index,index2,cosdist[index][index2],thresholdtopk[index]: 9 5 0.9943506219381899 0.82532495403085
model_id_of_model9_used: 5
index,index2,cosdist[index][index2],thresholdtopk[index]: 9 6 0.9953100967224099 0.82532495403085
model_id_of_model9_used: 6
index,index2,cosdist[index][index2],thresholdtopk[index]: 9 7 0.9957253960800104 0.82532495403085
model_id_of_model9_used: 7
index,index2,cosdist[index][index2],thresholdtopk[index]: 9 8 0.9971561286496597 0.82532495403085
model_id_of_model9_used: 8
index,index2,cosdist[index][index2],thresholdtopk[index]: 9 9 1 0.82532495403085
model_id_of_model9_used: 9
model_num of model 9 used
-- 5 --
test performance ... 
model 0 use private_data_1 test
0.9165558510638298
model 1 use private_data_1 test
0.9280806741815932
model 2 use private_data_1 test
0.86945922006952
model 3 use private_data_1 test
0.9165558510638298
model 4 use private_data_1 test
0.911790780564572
model 5 use private_data_2 test
0.9113475179418604
model 6 use private_data_2 test
0.8402039009205838
model 7 use private_data_2 test
0.896054964750371
model 8 use private_data_2 test
0.8958333337560613
model 9 use private_data_2 test
0.919991134963137
updates models ...
model 0 starting alignment with public logits... 
model 0 done alignment
model 0 starting training with private data... 
model 0 done private training. 

model 1 starting alignment with public logits... 
model 1 done alignment
model 1 starting training with private data... 
model 1 done private training. 

model 2 starting alignment with public logits... 
model 2 done alignment
model 2 starting training with private data... 
model 2 done private training. 

model 3 starting alignment with public logits... 
model 3 done alignment
model 3 starting training with private data... 
model 3 done private training. 

model 4 starting alignment with public logits... 
model 4 done alignment
model 4 starting training with private data... 
model 4 done private training. 

model 5 starting alignment with public logits... 
model 5 done alignment
model 5 starting training with private data... 
model 5 done private training. 

model 6 starting alignment with public logits... 
model 6 done alignment
model 6 starting training with private data... 
model 6 done private training. 

model 7 starting alignment with public logits... 
model 7 done alignment
model 7 starting training with private data... 
model 7 done private training. 

model 8 starting alignment with public logits... 
model 8 done alignment
model 8 starting training with private data... 
model 8 done private training. 

model 9 starting alignment with public logits... 
model 9 done alignment
model 9 starting training with private data... 
model 9 done private training. 

round  2
update logits ... 
cosdist:
[[1, 0.9977595647974549, 0.9978607422109087, 0.9982916901615617, 0.9982634828503368, 0.8399981453322785, 0.8434757111027384, 0.8328148239140772, 0.8345417842904723, 0.8332710771277024], [0.9977595647974549, 1, 0.9979953826647475, 0.9977639251521332, 0.998755647691668, 0.8333217649748372, 0.8363386728038389, 0.8252974015113448, 0.8279016385815664, 0.8265307444873877], [0.9978607422109087, 0.9979953826647475, 1, 0.9978507597507451, 0.9981809764226385, 0.8331935782544303, 0.8367454845139028, 0.8256203134252392, 0.8276454579684247, 0.8266498326214688], [0.9982916901615617, 0.9977639251521332, 0.9978507597507451, 1, 0.9980896739470367, 0.8355774448248013, 0.8386926906606058, 0.8280091822158148, 0.8296928157872921, 0.8285226580810239], [0.9982634828503368, 0.998755647691668, 0.9981809764226385, 0.9980896739470367, 1, 0.8352208829536065, 0.8381828249675644, 0.8273275308900786, 0.8293573134745635, 0.8282267865487944], [0.8399981453322785, 0.8333217649748372, 0.8331935782544303, 0.8355774448248013, 0.8352208829536065, 1, 0.9950241974479275, 0.9969088071964765, 0.9961687625884121, 0.9968894137019518], [0.8434757111027384, 0.8363386728038389, 0.8367454845139028, 0.8386926906606058, 0.8381828249675644, 0.9950241974479275, 1, 0.9979921067050553, 0.9982176647076995, 0.9976729433472559], [0.8328148239140772, 0.8252974015113448, 0.8256203134252392, 0.8280091822158148, 0.8273275308900786, 0.9969088071964765, 0.9979921067050553, 1, 0.9980763117808862, 0.9983390067026786], [0.8345417842904723, 0.8279016385815664, 0.8276454579684247, 0.8296928157872921, 0.8293573134745635, 0.9961687625884121, 0.9982176647076995, 0.9980763117808862, 1, 0.9986708265294743], [0.8332710771277024, 0.8265307444873877, 0.8266498326214688, 0.8285226580810239, 0.8282267865487944, 0.9968894137019518, 0.9976729433472559, 0.9983390067026786, 0.9986708265294743, 1]]
thresholdtopk: [0.8434757111027384, 0.8363386728038389, 0.8367454845139028, 0.8386926906606058, 0.8381828249675644, 0.8399981453322785, 0.8434757111027384, 0.8328148239140772, 0.8345417842904723, 0.8332710771277024]
index,index2,cosdist[index][index2],thresholdtopk[index]: 0 0 1 0.8434757111027384
model_id_of_model0_used: 0
index,index2,cosdist[index][index2],thresholdtopk[index]: 0 1 0.9977595647974549 0.8434757111027384
model_id_of_model0_used: 1
index,index2,cosdist[index][index2],thresholdtopk[index]: 0 2 0.9978607422109087 0.8434757111027384
model_id_of_model0_used: 2
index,index2,cosdist[index][index2],thresholdtopk[index]: 0 3 0.9982916901615617 0.8434757111027384
model_id_of_model0_used: 3
index,index2,cosdist[index][index2],thresholdtopk[index]: 0 4 0.9982634828503368 0.8434757111027384
model_id_of_model0_used: 4
model_num of model 0 used
-- 5 --
index,index2,cosdist[index][index2],thresholdtopk[index]: 1 0 0.9977595647974549 0.8363386728038389
model_id_of_model1_used: 0
index,index2,cosdist[index][index2],thresholdtopk[index]: 1 1 1 0.8363386728038389
model_id_of_model1_used: 1
index,index2,cosdist[index][index2],thresholdtopk[index]: 1 2 0.9979953826647475 0.8363386728038389
model_id_of_model1_used: 2
index,index2,cosdist[index][index2],thresholdtopk[index]: 1 3 0.9977639251521332 0.8363386728038389
model_id_of_model1_used: 3
index,index2,cosdist[index][index2],thresholdtopk[index]: 1 4 0.998755647691668 0.8363386728038389
model_id_of_model1_used: 4
model_num of model 1 used
-- 5 --
index,index2,cosdist[index][index2],thresholdtopk[index]: 2 0 0.9978607422109087 0.8367454845139028
model_id_of_model2_used: 0
index,index2,cosdist[index][index2],thresholdtopk[index]: 2 1 0.9979953826647475 0.8367454845139028
model_id_of_model2_used: 1
index,index2,cosdist[index][index2],thresholdtopk[index]: 2 2 1 0.8367454845139028
model_id_of_model2_used: 2
index,index2,cosdist[index][index2],thresholdtopk[index]: 2 3 0.9978507597507451 0.8367454845139028
model_id_of_model2_used: 3
index,index2,cosdist[index][index2],thresholdtopk[index]: 2 4 0.9981809764226385 0.8367454845139028
model_id_of_model2_used: 4
model_num of model 2 used
-- 5 --
index,index2,cosdist[index][index2],thresholdtopk[index]: 3 0 0.9982916901615617 0.8386926906606058
model_id_of_model3_used: 0
index,index2,cosdist[index][index2],thresholdtopk[index]: 3 1 0.9977639251521332 0.8386926906606058
model_id_of_model3_used: 1
index,index2,cosdist[index][index2],thresholdtopk[index]: 3 2 0.9978507597507451 0.8386926906606058
model_id_of_model3_used: 2
index,index2,cosdist[index][index2],thresholdtopk[index]: 3 3 1 0.8386926906606058
model_id_of_model3_used: 3
index,index2,cosdist[index][index2],thresholdtopk[index]: 3 4 0.9980896739470367 0.8386926906606058
model_id_of_model3_used: 4
model_num of model 3 used
-- 5 --
index,index2,cosdist[index][index2],thresholdtopk[index]: 4 0 0.9982634828503368 0.8381828249675644
model_id_of_model4_used: 0
index,index2,cosdist[index][index2],thresholdtopk[index]: 4 1 0.998755647691668 0.8381828249675644
model_id_of_model4_used: 1
index,index2,cosdist[index][index2],thresholdtopk[index]: 4 2 0.9981809764226385 0.8381828249675644
model_id_of_model4_used: 2
index,index2,cosdist[index][index2],thresholdtopk[index]: 4 3 0.9980896739470367 0.8381828249675644
model_id_of_model4_used: 3
index,index2,cosdist[index][index2],thresholdtopk[index]: 4 4 1 0.8381828249675644
model_id_of_model4_used: 4
model_num of model 4 used
-- 5 --
index,index2,cosdist[index][index2],thresholdtopk[index]: 5 5 1 0.8399981453322785
model_id_of_model5_used: 5
index,index2,cosdist[index][index2],thresholdtopk[index]: 5 6 0.9950241974479275 0.8399981453322785
model_id_of_model5_used: 6
index,index2,cosdist[index][index2],thresholdtopk[index]: 5 7 0.9969088071964765 0.8399981453322785
model_id_of_model5_used: 7
index,index2,cosdist[index][index2],thresholdtopk[index]: 5 8 0.9961687625884121 0.8399981453322785
model_id_of_model5_used: 8
index,index2,cosdist[index][index2],thresholdtopk[index]: 5 9 0.9968894137019518 0.8399981453322785
model_id_of_model5_used: 9
model_num of model 5 used
-- 5 --
index,index2,cosdist[index][index2],thresholdtopk[index]: 6 5 0.9950241974479275 0.8434757111027384
model_id_of_model6_used: 5
index,index2,cosdist[index][index2],thresholdtopk[index]: 6 6 1 0.8434757111027384
model_id_of_model6_used: 6
index,index2,cosdist[index][index2],thresholdtopk[index]: 6 7 0.9979921067050553 0.8434757111027384
model_id_of_model6_used: 7
index,index2,cosdist[index][index2],thresholdtopk[index]: 6 8 0.9982176647076995 0.8434757111027384
model_id_of_model6_used: 8
index,index2,cosdist[index][index2],thresholdtopk[index]: 6 9 0.9976729433472559 0.8434757111027384
model_id_of_model6_used: 9
model_num of model 6 used
-- 5 --
index,index2,cosdist[index][index2],thresholdtopk[index]: 7 5 0.9969088071964765 0.8328148239140772
model_id_of_model7_used: 5
index,index2,cosdist[index][index2],thresholdtopk[index]: 7 6 0.9979921067050553 0.8328148239140772
model_id_of_model7_used: 6
index,index2,cosdist[index][index2],thresholdtopk[index]: 7 7 1 0.8328148239140772
model_id_of_model7_used: 7
index,index2,cosdist[index][index2],thresholdtopk[index]: 7 8 0.9980763117808862 0.8328148239140772
model_id_of_model7_used: 8
index,index2,cosdist[index][index2],thresholdtopk[index]: 7 9 0.9983390067026786 0.8328148239140772
model_id_of_model7_used: 9
model_num of model 7 used
-- 5 --
index,index2,cosdist[index][index2],thresholdtopk[index]: 8 5 0.9961687625884121 0.8345417842904723
model_id_of_model8_used: 5
index,index2,cosdist[index][index2],thresholdtopk[index]: 8 6 0.9982176647076995 0.8345417842904723
model_id_of_model8_used: 6
index,index2,cosdist[index][index2],thresholdtopk[index]: 8 7 0.9980763117808862 0.8345417842904723
model_id_of_model8_used: 7
index,index2,cosdist[index][index2],thresholdtopk[index]: 8 8 1 0.8345417842904723
model_id_of_model8_used: 8
index,index2,cosdist[index][index2],thresholdtopk[index]: 8 9 0.9986708265294743 0.8345417842904723
model_id_of_model8_used: 9
model_num of model 8 used
-- 5 --
index,index2,cosdist[index][index2],thresholdtopk[index]: 9 5 0.9968894137019518 0.8332710771277024
model_id_of_model9_used: 5
index,index2,cosdist[index][index2],thresholdtopk[index]: 9 6 0.9976729433472559 0.8332710771277024
model_id_of_model9_used: 6
index,index2,cosdist[index][index2],thresholdtopk[index]: 9 7 0.9983390067026786 0.8332710771277024
model_id_of_model9_used: 7
index,index2,cosdist[index][index2],thresholdtopk[index]: 9 8 0.9986708265294743 0.8332710771277024
model_id_of_model9_used: 8
index,index2,cosdist[index][index2],thresholdtopk[index]: 9 9 1 0.8332710771277024
model_id_of_model9_used: 9
model_num of model 9 used
-- 5 --
test performance ... 
model 0 use private_data_1 test
0.9156693264524988
model 1 use private_data_1 test
0.8984929082241464
model 2 use private_data_1 test
0.9318484042553191
model 3 use private_data_1 test
0.9174423763092528
model 4 use private_data_1 test
0.9100177307078179
model 5 use private_data_2 test
0.9115691489361702
model 6 use private_data_2 test
0.8536125890752102
model 7 use private_data_2 test
0.9079122340425532
model 8 use private_data_2 test
0.9019281914893617
model 9 use private_data_2 test
0.9377216316284017
updates models ...
model 0 starting alignment with public logits... 
model 0 done alignment
model 0 starting training with private data... 
model 0 done private training. 

model 1 starting alignment with public logits... 
model 1 done alignment
model 1 starting training with private data... 
model 1 done private training. 

model 2 starting alignment with public logits... 
model 2 done alignment
model 2 starting training with private data... 
model 2 done private training. 

model 3 starting alignment with public logits... 
model 3 done alignment
model 3 starting training with private data... 
model 3 done private training. 

model 4 starting alignment with public logits... 
model 4 done alignment
model 4 starting training with private data... 
model 4 done private training. 

model 5 starting alignment with public logits... 
model 5 done alignment
model 5 starting training with private data... 
model 5 done private training. 

model 6 starting alignment with public logits... 
model 6 done alignment
model 6 starting training with private data... 
model 6 done private training. 

model 7 starting alignment with public logits... 
model 7 done alignment
model 7 starting training with private data... 
model 7 done private training. 

model 8 starting alignment with public logits... 
model 8 done alignment
model 8 starting training with private data... 
model 8 done private training. 

model 9 starting alignment with public logits... 
model 9 done alignment
model 9 starting training with private data... 
model 9 done private training. 

round  3
update logits ... 
cosdist:
[[1, 0.9985103741098681, 0.9987411143710511, 0.9987887787304393, 0.9989411347689292, 0.831650092158786, 0.8406914838053264, 0.8330090466353999, 0.8330261668192513, 0.8302441354295014], [0.9985103741098681, 1, 0.9986751285536947, 0.9984620431580176, 0.9991204990919589, 0.8259648664814513, 0.8347711459725607, 0.8270447415204855, 0.827226999006112, 0.8245909749965555], [0.9987411143710511, 0.9986751285536947, 1, 0.9984656536410408, 0.9989975617082096, 0.8292296012172199, 0.8379572297251195, 0.8304883895313582, 0.8307460096272861, 0.8278505238750478], [0.9987887787304393, 0.9984620431580176, 0.9984656536410408, 1, 0.998685114414745, 0.832806607437634, 0.8420388879737292, 0.8341885979206323, 0.8341389943719223, 0.8313999576050133], [0.9989411347689292, 0.9991204990919589, 0.9989975617082096, 0.998685114414745, 1, 0.8277481994202147, 0.8367624876925539, 0.8291274076686304, 0.8292394316532917, 0.8264625267453835], [0.831650092158786, 0.8259648664814513, 0.8292296012172199, 0.832806607437634, 0.8277481994202147, 1, 0.9962790531935019, 0.9979044225588957, 0.9978107159809003, 0.99822077127497], [0.8406914838053264, 0.8347711459725607, 0.8379572297251195, 0.8420388879737292, 0.8367624876925539, 0.9962790531935019, 1, 0.9984774910962505, 0.9983819088503258, 0.9980569362566998], [0.8330090466353999, 0.8270447415204855, 0.8304883895313582, 0.8341885979206323, 0.8291274076686304, 0.9979044225588957, 0.9984774910962505, 1, 0.9987777337596181, 0.9988195465360153], [0.8330261668192513, 0.827226999006112, 0.8307460096272861, 0.8341389943719223, 0.8292394316532917, 0.9978107159809003, 0.9983819088503258, 0.9987777337596181, 1, 0.9990950693312725], [0.8302441354295014, 0.8245909749965555, 0.8278505238750478, 0.8313999576050133, 0.8264625267453835, 0.99822077127497, 0.9980569362566998, 0.9988195465360153, 0.9990950693312725, 1]]
thresholdtopk: [0.8406914838053264, 0.8347711459725607, 0.8379572297251195, 0.8420388879737292, 0.8367624876925539, 0.832806607437634, 0.8420388879737292, 0.8341885979206323, 0.8341389943719223, 0.8313999576050133]
index,index2,cosdist[index][index2],thresholdtopk[index]: 0 0 1 0.8406914838053264
model_id_of_model0_used: 0
index,index2,cosdist[index][index2],thresholdtopk[index]: 0 1 0.9985103741098681 0.8406914838053264
model_id_of_model0_used: 1
index,index2,cosdist[index][index2],thresholdtopk[index]: 0 2 0.9987411143710511 0.8406914838053264
model_id_of_model0_used: 2
index,index2,cosdist[index][index2],thresholdtopk[index]: 0 3 0.9987887787304393 0.8406914838053264
model_id_of_model0_used: 3
index,index2,cosdist[index][index2],thresholdtopk[index]: 0 4 0.9989411347689292 0.8406914838053264
model_id_of_model0_used: 4
model_num of model 0 used
-- 5 --
index,index2,cosdist[index][index2],thresholdtopk[index]: 1 0 0.9985103741098681 0.8347711459725607
model_id_of_model1_used: 0
index,index2,cosdist[index][index2],thresholdtopk[index]: 1 1 1 0.8347711459725607
model_id_of_model1_used: 1
index,index2,cosdist[index][index2],thresholdtopk[index]: 1 2 0.9986751285536947 0.8347711459725607
model_id_of_model1_used: 2
index,index2,cosdist[index][index2],thresholdtopk[index]: 1 3 0.9984620431580176 0.8347711459725607
model_id_of_model1_used: 3
index,index2,cosdist[index][index2],thresholdtopk[index]: 1 4 0.9991204990919589 0.8347711459725607
model_id_of_model1_used: 4
model_num of model 1 used
-- 5 --
index,index2,cosdist[index][index2],thresholdtopk[index]: 2 0 0.9987411143710511 0.8379572297251195
model_id_of_model2_used: 0
index,index2,cosdist[index][index2],thresholdtopk[index]: 2 1 0.9986751285536947 0.8379572297251195
model_id_of_model2_used: 1
index,index2,cosdist[index][index2],thresholdtopk[index]: 2 2 1 0.8379572297251195
model_id_of_model2_used: 2
index,index2,cosdist[index][index2],thresholdtopk[index]: 2 3 0.9984656536410408 0.8379572297251195
model_id_of_model2_used: 3
index,index2,cosdist[index][index2],thresholdtopk[index]: 2 4 0.9989975617082096 0.8379572297251195
model_id_of_model2_used: 4
model_num of model 2 used
-- 5 --
index,index2,cosdist[index][index2],thresholdtopk[index]: 3 0 0.9987887787304393 0.8420388879737292
model_id_of_model3_used: 0
index,index2,cosdist[index][index2],thresholdtopk[index]: 3 1 0.9984620431580176 0.8420388879737292
model_id_of_model3_used: 1
index,index2,cosdist[index][index2],thresholdtopk[index]: 3 2 0.9984656536410408 0.8420388879737292
model_id_of_model3_used: 2
index,index2,cosdist[index][index2],thresholdtopk[index]: 3 3 1 0.8420388879737292
model_id_of_model3_used: 3
index,index2,cosdist[index][index2],thresholdtopk[index]: 3 4 0.998685114414745 0.8420388879737292
model_id_of_model3_used: 4
model_num of model 3 used
-- 5 --
index,index2,cosdist[index][index2],thresholdtopk[index]: 4 0 0.9989411347689292 0.8367624876925539
model_id_of_model4_used: 0
index,index2,cosdist[index][index2],thresholdtopk[index]: 4 1 0.9991204990919589 0.8367624876925539
model_id_of_model4_used: 1
index,index2,cosdist[index][index2],thresholdtopk[index]: 4 2 0.9989975617082096 0.8367624876925539
model_id_of_model4_used: 2
index,index2,cosdist[index][index2],thresholdtopk[index]: 4 3 0.998685114414745 0.8367624876925539
model_id_of_model4_used: 3
index,index2,cosdist[index][index2],thresholdtopk[index]: 4 4 1 0.8367624876925539
model_id_of_model4_used: 4
model_num of model 4 used
-- 5 --
index,index2,cosdist[index][index2],thresholdtopk[index]: 5 5 1 0.832806607437634
model_id_of_model5_used: 5
index,index2,cosdist[index][index2],thresholdtopk[index]: 5 6 0.9962790531935019 0.832806607437634
model_id_of_model5_used: 6
index,index2,cosdist[index][index2],thresholdtopk[index]: 5 7 0.9979044225588957 0.832806607437634
model_id_of_model5_used: 7
index,index2,cosdist[index][index2],thresholdtopk[index]: 5 8 0.9978107159809003 0.832806607437634
model_id_of_model5_used: 8
index,index2,cosdist[index][index2],thresholdtopk[index]: 5 9 0.99822077127497 0.832806607437634
model_id_of_model5_used: 9
model_num of model 5 used
-- 5 --
index,index2,cosdist[index][index2],thresholdtopk[index]: 6 5 0.9962790531935019 0.8420388879737292
model_id_of_model6_used: 5
index,index2,cosdist[index][index2],thresholdtopk[index]: 6 6 1 0.8420388879737292
model_id_of_model6_used: 6
index,index2,cosdist[index][index2],thresholdtopk[index]: 6 7 0.9984774910962505 0.8420388879737292
model_id_of_model6_used: 7
