Namespace(conf='../conf/My_EMNIST_balance_conf.json', dataset='mnist', gpu=1.0, iid=True, use_pretrained_model=False)
X shape : (60000, 28, 28)
y shape : (60000,)
X shape : (10000, 28, 28)
y shape : (10000,)
19    6000
18    6000
17    6000
16    6000
15    6000
14    6000
13    6000
12    6000
11    6000
10    6000
dtype: int64
mod_private_classes: [array([14, 11]), array([19, 14]), array([16, 18]), array([18, 16]), array([16, 10]), array([19, 16]), array([12, 13]), array([15, 16]), array([12, 13]), array([14, 13]), array([12, 11]), array([10, 11]), array([16, 19]), array([18, 16]), array([11, 18]), array([17, 16]), array([13, 16]), array([12, 13]), array([14, 16]), array([14, 15])]
============================================================
============================================================
X shape : (2000, 28, 28)
y shape : (2000,)
X shape : (2000, 28, 28)
y shape : (2000,)
X shape : (2000, 28, 28)
y shape : (2000,)
X shape : (2000, 28, 28)
y shape : (2000,)
X shape : (2000, 28, 28)
y shape : (2000,)
X shape : (2000, 28, 28)
y shape : (2000,)
X shape : (2000, 28, 28)
y shape : (2000,)
X shape : (2000, 28, 28)
y shape : (2000,)
X shape : (2000, 28, 28)
y shape : (2000,)
X shape : (2000, 28, 28)
y shape : (2000,)
X shape : (2000, 28, 28)
y shape : (2000,)
X shape : (2000, 28, 28)
y shape : (2000,)
X shape : (2000, 28, 28)
y shape : (2000,)
X shape : (2000, 28, 28)
y shape : (2000,)
X shape : (2000, 28, 28)
y shape : (2000,)
X shape : (2000, 28, 28)
y shape : (2000,)
X shape : (2000, 28, 28)
y shape : (2000,)
X shape : (2000, 28, 28)
y shape : (2000,)
X shape : (2000, 28, 28)
y shape : (2000,)
X shape : (2000, 28, 28)
y shape : (2000,)
model 0 : ResNet18_1
model 1 : ResNet34_1
model 2 : mobilenet_1
model 3 : shufflenet_1
model 4 : ResNet18_2
model 5 : ResNet34_2
model 6 : mobilenet_2
model 7 : shufflenet_2
model 8 : ResNet18_3
model 9 : ResNet34_3
model 10 : mobilenet_3
model 11 : shufflenet_3
model 12 : ResNet18_4
model 13 : ResNet34_4
model 14 : mobilenet_4
model 15 : shufflenet_4
model 16 : ResNet18_5
model 17 : ResNet34_5
model 18 : mobilenet_5
model 19 : shufflenet_5
Training model  0
Training model  1
Training model  2
Training model  3
Training model  4
Training model  5
Training model  6
Training model  7
Training model  8
Training model  9
Training model  10
Training model  11
Training model  12
Training model  13
Training model  14
Training model  15
Training model  16
Training model  17
Training model  18
Training model  19
pre-train accuracy: 
[0.9908030063291139, 0.9927808544303798, 0.9915941455696202, 0.9890229430379747, 0.9940664556962026, 0.9912974683544303, 0.9922863924050633, 0.9870450949367089, 0.9886273734177216, 0.9859572784810127, 0.9885284810126582, 0.9885284810126582, 0.9918908227848101, 0.9907041139240507, 0.9876384493670886, 0.9901107594936709, 0.9911985759493671, 0.9919897151898734, 0.9903085443037974, 0.989814082278481]
publice_dataset[y]: [5 0 4 ... 5 6 8]
calculate the theoretical upper bounds for participants: 
the upper bounds are: [0.6964285714285714, 0.5203373015873016, 0.8040674603174603, 0.535218253968254, 0.5233134920634921, 0.8095238095238095, 0.030753968253968252, 0.6165674603174603, 0.5848214285714286, 0.5476190476190477, 0.44345238095238093, 0.5109126984126984, 0.8174603174603174, 0.6597222222222222, 0.7152777777777778, 0.36160714285714285, 0.7594246031746031, 0.5863095238095238, 0.6398809523809523, 0.36904761904761907]
start model initialization: 
finish model initialization: 
round  0
update logits ... 
cosdist:
[[1, 0.8496855176493784, 0.8436740369803393, 0.8692905462525345, 0.8635480231975983, 0.7974702602810343, 0.8436578305263404, 0.8247805700318825, 0.8685509400035731, 0.8859982833043236, 0.832878504699814, 0.8510444615827465, 0.8491187611513054, 0.8056603388897164, 0.8518538390503976, 0.8695341816263994, 0.8548876908398128, 0.8277644776825939, 0.8839192152848127, 0.9013304295740034], [0.8496855176493784, 1, 0.8401366050337014, 0.8250651234595247, 0.8010068926320459, 0.8768130441832842, 0.8284112685501921, 0.7807436084235937, 0.7840516805926235, 0.8764969741641744, 0.7533822254477485, 0.7527850359872802, 0.8385005294344221, 0.8085483060336173, 0.7947423666846168, 0.7904748189096112, 0.7992122466075614, 0.8320450403425311, 0.8085867213274003, 0.8228169033308536], [0.8436740369803393, 0.8401366050337014, 1, 0.9213150977042032, 0.8644451894273852, 0.8350542449630769, 0.8875982005270349, 0.8768543253019007, 0.8473306521345239, 0.8131932734871998, 0.8028443245992856, 0.8141538120786928, 0.8595984659980287, 0.9167397772229585, 0.903430786256802, 0.8905477103230963, 0.8665290769253385, 0.826283029239767, 0.8864007865614932, 0.8451722616090599], [0.8692905462525345, 0.8250651234595247, 0.9213150977042032, 1, 0.8821699525742352, 0.8426798377045759, 0.8436626788848257, 0.9013850555284347, 0.8694562219091506, 0.8059868592221852, 0.7798984130171062, 0.8139881622383995, 0.8977360318307316, 0.8899029012238497, 0.8689603390245297, 0.9281165333285163, 0.8841448497736957, 0.8000663501808809, 0.8834804087845403, 0.8778968114244464], [0.8635480231975983, 0.8010068926320459, 0.8644451894273852, 0.8821699525742352, 1, 0.8527910052229338, 0.8544339021722402, 0.8590935096895437, 0.8633820720669299, 0.8195616349731398, 0.7841283559930569, 0.8913316639132932, 0.8813139437127041, 0.8521815036789588, 0.8176118786969812, 0.8751985668632273, 0.9024639382438882, 0.8243922440521326, 0.8783516697254243, 0.8302568568819083], [0.7974702602810343, 0.8768130441832842, 0.8350542449630769, 0.8426798377045759, 0.8527910052229338, 1, 0.8107445919275234, 0.8237349088556808, 0.7852311823480396, 0.8145577351479073, 0.7538285366147658, 0.7530138020053243, 0.893153655348887, 0.8552751017795331, 0.7718888574166926, 0.8155699044098795, 0.8442457990600939, 0.8101297655129297, 0.8236276601418445, 0.7512950938520605], [0.8436578305263404, 0.8284112685501921, 0.8875982005270349, 0.8436626788848257, 0.8544339021722402, 0.8107445919275234, 1, 0.8153156109427432, 0.9130249969935824, 0.8620260385533418, 0.8797060740200708, 0.8433956210335167, 0.8162820022842275, 0.8377074536144068, 0.8607701449128149, 0.8391398875043176, 0.8804990190824524, 0.9024642150923642, 0.8758292422869807, 0.8215017765220934], [0.8247805700318825, 0.7807436084235937, 0.8768543253019007, 0.9013850555284347, 0.8590935096895437, 0.8237349088556808, 0.8153156109427432, 1, 0.811395059958262, 0.7582821579198924, 0.7670106043958567, 0.783730485759818, 0.8952717820904948, 0.8368319766216843, 0.8113023883485092, 0.9014371312142125, 0.8629629293904296, 0.7799189377243528, 0.8664451221998587, 0.8910908669916604], [0.8685509400035731, 0.7840516805926235, 0.8473306521345239, 0.8694562219091506, 0.8633820720669299, 0.7852311823480396, 0.9130249969935824, 0.811395059958262, 1, 0.8430372857041648, 0.8250215657311702, 0.8074759252087956, 0.8358491514230388, 0.8106380015395411, 0.8220345395018098, 0.8571372025534436, 0.8858252556856315, 0.8783332325852637, 0.8409483269307151, 0.8344136228448445], [0.8859982833043236, 0.8764969741641744, 0.8131932734871998, 0.8059868592221852, 0.8195616349731398, 0.8145577351479073, 0.8620260385533418, 0.7582821579198924, 0.8430372857041648, 1, 0.7730873740454409, 0.7885116883205465, 0.773804529172958, 0.7942566398421131, 0.7970394898218017, 0.787994975988992, 0.8661544538454623, 0.866602213487917, 0.8484190011495198, 0.8065783004599105], [0.832878504699814, 0.7533822254477485, 0.8028443245992856, 0.7798984130171062, 0.7841283559930569, 0.7538285366147658, 0.8797060740200708, 0.7670106043958567, 0.8250215657311702, 0.7730873740454409, 1, 0.8139837399873001, 0.7386622872772846, 0.763632600701203, 0.819505177746717, 0.7731015603672668, 0.7762970449966058, 0.8379274272963948, 0.8256658269811531, 0.7708772601874552], [0.8510444615827465, 0.7527850359872802, 0.8141538120786928, 0.8139881622383995, 0.8913316639132932, 0.7530138020053243, 0.8433956210335167, 0.783730485759818, 0.8074759252087956, 0.7885116883205465, 0.8139837399873001, 1, 0.7815826803789722, 0.778997353186332, 0.8641760853130868, 0.8013051202553192, 0.8305122374007147, 0.7863028225070475, 0.8313819904001485, 0.7893860489700563], [0.8491187611513054, 0.8385005294344221, 0.8595984659980287, 0.8977360318307316, 0.8813139437127041, 0.893153655348887, 0.8162820022842275, 0.8952717820904948, 0.8358491514230388, 0.773804529172958, 0.7386622872772846, 0.7815826803789722, 1, 0.8497564949744705, 0.7979902402131787, 0.9033518327240115, 0.8645684249903994, 0.7953098731064824, 0.8362028568278035, 0.8588990544266331], [0.8056603388897164, 0.8085483060336173, 0.9167397772229585, 0.8899029012238497, 0.8521815036789588, 0.8552751017795331, 0.8377074536144068, 0.8368319766216843, 0.8106380015395411, 0.7942566398421131, 0.763632600701203, 0.778997353186332, 0.8497564949744705, 1, 0.8467066325203854, 0.8295187751599156, 0.8535536691902026, 0.7806371903921461, 0.816004256435061, 0.7625148394436297], [0.8518538390503976, 0.7947423666846168, 0.903430786256802, 0.8689603390245297, 0.8176118786969812, 0.7718888574166926, 0.8607701449128149, 0.8113023883485092, 0.8220345395018098, 0.7970394898218017, 0.819505177746717, 0.8641760853130868, 0.7979902402131787, 0.8467066325203854, 1, 0.8428971033247443, 0.8235114865251162, 0.7966678230236276, 0.8561206304216696, 0.8218653530469802], [0.8695341816263994, 0.7904748189096112, 0.8905477103230963, 0.9281165333285163, 0.8751985668632273, 0.8155699044098795, 0.8391398875043176, 0.9014371312142125, 0.8571372025534436, 0.787994975988992, 0.7731015603672668, 0.8013051202553192, 0.9033518327240115, 0.8295187751599156, 0.8428971033247443, 1, 0.8755275410682893, 0.7972673273996659, 0.8837329165930293, 0.8934502765873077], [0.8548876908398128, 0.7992122466075614, 0.8665290769253385, 0.8841448497736957, 0.9024639382438882, 0.8442457990600939, 0.8804990190824524, 0.8629629293904296, 0.8858252556856315, 0.8661544538454623, 0.7762970449966058, 0.8305122374007147, 0.8645684249903994, 0.8535536691902026, 0.8235114865251162, 0.8755275410682893, 1, 0.8617476585420966, 0.8773851996447591, 0.8176425600158623], [0.8277644776825939, 0.8320450403425311, 0.826283029239767, 0.8000663501808809, 0.8243922440521326, 0.8101297655129297, 0.9024642150923642, 0.7799189377243528, 0.8783332325852637, 0.866602213487917, 0.8379274272963948, 0.7863028225070475, 0.7953098731064824, 0.7806371903921461, 0.7966678230236276, 0.7972673273996659, 0.8617476585420966, 1, 0.8166494430848303, 0.8084498936254821], [0.8839192152848127, 0.8085867213274003, 0.8864007865614932, 0.8834804087845403, 0.8783516697254243, 0.8236276601418445, 0.8758292422869807, 0.8664451221998587, 0.8409483269307151, 0.8484190011495198, 0.8256658269811531, 0.8313819904001485, 0.8362028568278035, 0.816004256435061, 0.8561206304216696, 0.8837329165930293, 0.8773851996447591, 0.8166494430848303, 1, 0.8756576774267026], [0.9013304295740034, 0.8228169033308536, 0.8451722616090599, 0.8778968114244464, 0.8302568568819083, 0.7512950938520605, 0.8215017765220934, 0.8910908669916604, 0.8344136228448445, 0.8065783004599105, 0.7708772601874552, 0.7893860489700563, 0.8588990544266331, 0.7625148394436297, 0.8218653530469802, 0.8934502765873077, 0.8176425600158623, 0.8084498936254821, 0.8756576774267026, 1]]
thresholdtopk: [[0.7974702602810343, 0.8056603388897164, 0.8247805700318825, 0.8277644776825939, 0.832878504699814, 0.8436578305263404, 0.8436740369803393, 0.8491187611513054, 0.8496855176493784, 0.8510444615827465, 0.8518538390503976, 0.8548876908398128, 0.8635480231975983, 0.8685509400035731, 0.8692905462525345, 0.8695341816263994, 0.8839192152848127, 0.8859982833043236, 0.9013304295740034, 1], [0.7527850359872802, 0.7533822254477485, 0.7807436084235937, 0.7840516805926235, 0.7904748189096112, 0.7947423666846168, 0.7992122466075614, 0.8010068926320459, 0.8085483060336173, 0.8085867213274003, 0.8228169033308536, 0.8250651234595247, 0.8284112685501921, 0.8320450403425311, 0.8385005294344221, 0.8401366050337014, 0.8496855176493784, 0.8764969741641744, 0.8768130441832842, 1], [0.8028443245992856, 0.8131932734871998, 0.8141538120786928, 0.826283029239767, 0.8350542449630769, 0.8401366050337014, 0.8436740369803393, 0.8451722616090599, 0.8473306521345239, 0.8595984659980287, 0.8644451894273852, 0.8665290769253385, 0.8768543253019007, 0.8864007865614932, 0.8875982005270349, 0.8905477103230963, 0.903430786256802, 0.9167397772229585, 0.9213150977042032, 1], [0.7798984130171062, 0.8000663501808809, 0.8059868592221852, 0.8139881622383995, 0.8250651234595247, 0.8426798377045759, 0.8436626788848257, 0.8689603390245297, 0.8692905462525345, 0.8694562219091506, 0.8778968114244464, 0.8821699525742352, 0.8834804087845403, 0.8841448497736957, 0.8899029012238497, 0.8977360318307316, 0.9013850555284347, 0.9213150977042032, 0.9281165333285163, 1], [0.7841283559930569, 0.8010068926320459, 0.8176118786969812, 0.8195616349731398, 0.8243922440521326, 0.8302568568819083, 0.8521815036789588, 0.8527910052229338, 0.8544339021722402, 0.8590935096895437, 0.8633820720669299, 0.8635480231975983, 0.8644451894273852, 0.8751985668632273, 0.8783516697254243, 0.8813139437127041, 0.8821699525742352, 0.8913316639132932, 0.9024639382438882, 1], [0.7512950938520605, 0.7530138020053243, 0.7538285366147658, 0.7718888574166926, 0.7852311823480396, 0.7974702602810343, 0.8101297655129297, 0.8107445919275234, 0.8145577351479073, 0.8155699044098795, 0.8236276601418445, 0.8237349088556808, 0.8350542449630769, 0.8426798377045759, 0.8442457990600939, 0.8527910052229338, 0.8552751017795331, 0.8768130441832842, 0.893153655348887, 1], [0.8107445919275234, 0.8153156109427432, 0.8162820022842275, 0.8215017765220934, 0.8284112685501921, 0.8377074536144068, 0.8391398875043176, 0.8433956210335167, 0.8436578305263404, 0.8436626788848257, 0.8544339021722402, 0.8607701449128149, 0.8620260385533418, 0.8758292422869807, 0.8797060740200708, 0.8804990190824524, 0.8875982005270349, 0.9024642150923642, 0.9130249969935824, 1], [0.7582821579198924, 0.7670106043958567, 0.7799189377243528, 0.7807436084235937, 0.783730485759818, 0.8113023883485092, 0.811395059958262, 0.8153156109427432, 0.8237349088556808, 0.8247805700318825, 0.8368319766216843, 0.8590935096895437, 0.8629629293904296, 0.8664451221998587, 0.8768543253019007, 0.8910908669916604, 0.8952717820904948, 0.9013850555284347, 0.9014371312142125, 1], [0.7840516805926235, 0.7852311823480396, 0.8074759252087956, 0.8106380015395411, 0.811395059958262, 0.8220345395018098, 0.8250215657311702, 0.8344136228448445, 0.8358491514230388, 0.8409483269307151, 0.8430372857041648, 0.8473306521345239, 0.8571372025534436, 0.8633820720669299, 0.8685509400035731, 0.8694562219091506, 0.8783332325852637, 0.8858252556856315, 0.9130249969935824, 1], [0.7582821579198924, 0.7730873740454409, 0.773804529172958, 0.787994975988992, 0.7885116883205465, 0.7942566398421131, 0.7970394898218017, 0.8059868592221852, 0.8065783004599105, 0.8131932734871998, 0.8145577351479073, 0.8195616349731398, 0.8430372857041648, 0.8484190011495198, 0.8620260385533418, 0.8661544538454623, 0.866602213487917, 0.8764969741641744, 0.8859982833043236, 1], [0.7386622872772846, 0.7533822254477485, 0.7538285366147658, 0.763632600701203, 0.7670106043958567, 0.7708772601874552, 0.7730873740454409, 0.7731015603672668, 0.7762970449966058, 0.7798984130171062, 0.7841283559930569, 0.8028443245992856, 0.8139837399873001, 0.819505177746717, 0.8250215657311702, 0.8256658269811531, 0.832878504699814, 0.8379274272963948, 0.8797060740200708, 1], [0.7527850359872802, 0.7530138020053243, 0.778997353186332, 0.7815826803789722, 0.783730485759818, 0.7863028225070475, 0.7885116883205465, 0.7893860489700563, 0.8013051202553192, 0.8074759252087956, 0.8139837399873001, 0.8139881622383995, 0.8141538120786928, 0.8305122374007147, 0.8313819904001485, 0.8433956210335167, 0.8510444615827465, 0.8641760853130868, 0.8913316639132932, 1], [0.7386622872772846, 0.773804529172958, 0.7815826803789722, 0.7953098731064824, 0.7979902402131787, 0.8162820022842275, 0.8358491514230388, 0.8362028568278035, 0.8385005294344221, 0.8491187611513054, 0.8497564949744705, 0.8588990544266331, 0.8595984659980287, 0.8645684249903994, 0.8813139437127041, 0.893153655348887, 0.8952717820904948, 0.8977360318307316, 0.9033518327240115, 1], [0.7625148394436297, 0.763632600701203, 0.778997353186332, 0.7806371903921461, 0.7942566398421131, 0.8056603388897164, 0.8085483060336173, 0.8106380015395411, 0.816004256435061, 0.8295187751599156, 0.8368319766216843, 0.8377074536144068, 0.8467066325203854, 0.8497564949744705, 0.8521815036789588, 0.8535536691902026, 0.8552751017795331, 0.8899029012238497, 0.9167397772229585, 1], [0.7718888574166926, 0.7947423666846168, 0.7966678230236276, 0.7970394898218017, 0.7979902402131787, 0.8113023883485092, 0.8176118786969812, 0.819505177746717, 0.8218653530469802, 0.8220345395018098, 0.8235114865251162, 0.8428971033247443, 0.8467066325203854, 0.8518538390503976, 0.8561206304216696, 0.8607701449128149, 0.8641760853130868, 0.8689603390245297, 0.903430786256802, 1], [0.7731015603672668, 0.787994975988992, 0.7904748189096112, 0.7972673273996659, 0.8013051202553192, 0.8155699044098795, 0.8295187751599156, 0.8391398875043176, 0.8428971033247443, 0.8571372025534436, 0.8695341816263994, 0.8751985668632273, 0.8755275410682893, 0.8837329165930293, 0.8905477103230963, 0.8934502765873077, 0.9014371312142125, 0.9033518327240115, 0.9281165333285163, 1], [0.7762970449966058, 0.7992122466075614, 0.8176425600158623, 0.8235114865251162, 0.8305122374007147, 0.8442457990600939, 0.8535536691902026, 0.8548876908398128, 0.8617476585420966, 0.8629629293904296, 0.8645684249903994, 0.8661544538454623, 0.8665290769253385, 0.8755275410682893, 0.8773851996447591, 0.8804990190824524, 0.8841448497736957, 0.8858252556856315, 0.9024639382438882, 1], [0.7799189377243528, 0.7806371903921461, 0.7863028225070475, 0.7953098731064824, 0.7966678230236276, 0.7972673273996659, 0.8000663501808809, 0.8084498936254821, 0.8101297655129297, 0.8166494430848303, 0.8243922440521326, 0.826283029239767, 0.8277644776825939, 0.8320450403425311, 0.8379274272963948, 0.8617476585420966, 0.866602213487917, 0.8783332325852637, 0.9024642150923642, 1], [0.8085867213274003, 0.816004256435061, 0.8166494430848303, 0.8236276601418445, 0.8256658269811531, 0.8313819904001485, 0.8362028568278035, 0.8409483269307151, 0.8484190011495198, 0.8561206304216696, 0.8664451221998587, 0.8756576774267026, 0.8758292422869807, 0.8773851996447591, 0.8783516697254243, 0.8834804087845403, 0.8837329165930293, 0.8839192152848127, 0.8864007865614932, 1], [0.7512950938520605, 0.7625148394436297, 0.7708772601874552, 0.7893860489700563, 0.8065783004599105, 0.8084498936254821, 0.8176425600158623, 0.8215017765220934, 0.8218653530469802, 0.8228169033308536, 0.8302568568819083, 0.8344136228448445, 0.8451722616090599, 0.8588990544266331, 0.8756576774267026, 0.8778968114244464, 0.8910908669916604, 0.8934502765873077, 0.9013304295740034, 1]]
index,index2,cosdist[index][index2],deepcopy_cosdist[index][0]: 0 0 1 0.7974702602810343
model_id_of_model0_used: 0
index,index2,cosdist[index][index2],deepcopy_cosdist[index][0]: 0 1 0.8496855176493784 0.7974702602810343
model_id_of_model0_used: 1
index,index2,cosdist[index][index2],deepcopy_cosdist[index][0]: 0 2 0.8436740369803393 0.7974702602810343
model_id_of_model0_used: 2
index,index2,cosdist[index][index2],deepcopy_cosdist[index][0]: 0 3 0.8692905462525345 0.7974702602810343
model_id_of_model0_used: 3
index,index2,cosdist[index][index2],deepcopy_cosdist[index][0]: 0 4 0.8635480231975983 0.7974702602810343
model_id_of_model0_used: 4
index,index2,cosdist[index][index2],deepcopy_cosdist[index][0]: 0 6 0.8436578305263404 0.7974702602810343
model_id_of_model0_used: 6
index,index2,cosdist[index][index2],deepcopy_cosdist[index][0]: 0 7 0.8247805700318825 0.7974702602810343
model_id_of_model0_used: 7
index,index2,cosdist[index][index2],deepcopy_cosdist[index][0]: 0 8 0.8685509400035731 0.7974702602810343
model_id_of_model0_used: 8
index,index2,cosdist[index][index2],deepcopy_cosdist[index][0]: 0 9 0.8859982833043236 0.7974702602810343
model_id_of_model0_used: 9
index,index2,cosdist[index][index2],deepcopy_cosdist[index][0]: 0 10 0.832878504699814 0.7974702602810343
model_id_of_model0_used: 10
index,index2,cosdist[index][index2],deepcopy_cosdist[index][0]: 0 11 0.8510444615827465 0.7974702602810343
model_id_of_model0_used: 11
index,index2,cosdist[index][index2],deepcopy_cosdist[index][0]: 0 12 0.8491187611513054 0.7974702602810343
model_id_of_model0_used: 12
index,index2,cosdist[index][index2],deepcopy_cosdist[index][0]: 0 13 0.8056603388897164 0.7974702602810343
model_id_of_model0_used: 13
index,index2,cosdist[index][index2],deepcopy_cosdist[index][0]: 0 14 0.8518538390503976 0.7974702602810343
model_id_of_model0_used: 14
index,index2,cosdist[index][index2],deepcopy_cosdist[index][0]: 0 15 0.8695341816263994 0.7974702602810343
model_id_of_model0_used: 15
index,index2,cosdist[index][index2],deepcopy_cosdist[index][0]: 0 16 0.8548876908398128 0.7974702602810343
model_id_of_model0_used: 16
index,index2,cosdist[index][index2],deepcopy_cosdist[index][0]: 0 17 0.8277644776825939 0.7974702602810343
model_id_of_model0_used: 17
index,index2,cosdist[index][index2],deepcopy_cosdist[index][0]: 0 18 0.8839192152848127 0.7974702602810343
model_id_of_model0_used: 18
index,index2,cosdist[index][index2],deepcopy_cosdist[index][0]: 0 19 0.9013304295740034 0.7974702602810343
model_id_of_model0_used: 19
model_num of model 0 used
-- 19 --
min_max_sun of model 0 used: 1.2252427029879205
index,index2,cosdist[index][index2],deepcopy_cosdist[index][0]: 1 0 0.8496855176493784 0.7527850359872802
model_id_of_model1_used: 0
index,index2,cosdist[index][index2],deepcopy_cosdist[index][0]: 1 1 1 0.7527850359872802
model_id_of_model1_used: 1
index,index2,cosdist[index][index2],deepcopy_cosdist[index][0]: 1 2 0.8401366050337014 0.7527850359872802
model_id_of_model1_used: 2
index,index2,cosdist[index][index2],deepcopy_cosdist[index][0]: 1 3 0.8250651234595247 0.7527850359872802
model_id_of_model1_used: 3
index,index2,cosdist[index][index2],deepcopy_cosdist[index][0]: 1 4 0.8010068926320459 0.7527850359872802
model_id_of_model1_used: 4
index,index2,cosdist[index][index2],deepcopy_cosdist[index][0]: 1 5 0.8768130441832842 0.7527850359872802
model_id_of_model1_used: 5
index,index2,cosdist[index][index2],deepcopy_cosdist[index][0]: 1 6 0.8284112685501921 0.7527850359872802
model_id_of_model1_used: 6
index,index2,cosdist[index][index2],deepcopy_cosdist[index][0]: 1 7 0.7807436084235937 0.7527850359872802
model_id_of_model1_used: 7
index,index2,cosdist[index][index2],deepcopy_cosdist[index][0]: 1 8 0.7840516805926235 0.7527850359872802
model_id_of_model1_used: 8
index,index2,cosdist[index][index2],deepcopy_cosdist[index][0]: 1 9 0.8764969741641744 0.7527850359872802
model_id_of_model1_used: 9
index,index2,cosdist[index][index2],deepcopy_cosdist[index][0]: 1 10 0.7533822254477485 0.7527850359872802
model_id_of_model1_used: 10
index,index2,cosdist[index][index2],deepcopy_cosdist[index][0]: 1 12 0.8385005294344221 0.7527850359872802
model_id_of_model1_used: 12
index,index2,cosdist[index][index2],deepcopy_cosdist[index][0]: 1 13 0.8085483060336173 0.7527850359872802
model_id_of_model1_used: 13
index,index2,cosdist[index][index2],deepcopy_cosdist[index][0]: 1 14 0.7947423666846168 0.7527850359872802
model_id_of_model1_used: 14
index,index2,cosdist[index][index2],deepcopy_cosdist[index][0]: 1 15 0.7904748189096112 0.7527850359872802
model_id_of_model1_used: 15
index,index2,cosdist[index][index2],deepcopy_cosdist[index][0]: 1 16 0.7992122466075614 0.7527850359872802
model_id_of_model1_used: 16
index,index2,cosdist[index][index2],deepcopy_cosdist[index][0]: 1 17 0.8320450403425311 0.7527850359872802
model_id_of_model1_used: 17
index,index2,cosdist[index][index2],deepcopy_cosdist[index][0]: 1 18 0.8085867213274003 0.7527850359872802
model_id_of_model1_used: 18
index,index2,cosdist[index][index2],deepcopy_cosdist[index][0]: 1 19 0.8228169033308536 0.7527850359872802
model_id_of_model1_used: 19
model_num of model 1 used
-- 19 --
min_max_sun of model 1 used: 1.407804189048557
index,index2,cosdist[index][index2],deepcopy_cosdist[index][0]: 2 0 0.8436740369803393 0.8028443245992856
model_id_of_model2_used: 0
index,index2,cosdist[index][index2],deepcopy_cosdist[index][0]: 2 1 0.8401366050337014 0.8028443245992856
model_id_of_model2_used: 1
index,index2,cosdist[index][index2],deepcopy_cosdist[index][0]: 2 2 1 0.8028443245992856
model_id_of_model2_used: 2
index,index2,cosdist[index][index2],deepcopy_cosdist[index][0]: 2 3 0.9213150977042032 0.8028443245992856
model_id_of_model2_used: 3
index,index2,cosdist[index][index2],deepcopy_cosdist[index][0]: 2 4 0.8644451894273852 0.8028443245992856
model_id_of_model2_used: 4
index,index2,cosdist[index][index2],deepcopy_cosdist[index][0]: 2 5 0.8350542449630769 0.8028443245992856
model_id_of_model2_used: 5
index,index2,cosdist[index][index2],deepcopy_cosdist[index][0]: 2 6 0.8875982005270349 0.8028443245992856
model_id_of_model2_used: 6
index,index2,cosdist[index][index2],deepcopy_cosdist[index][0]: 2 7 0.8768543253019007 0.8028443245992856
model_id_of_model2_used: 7
index,index2,cosdist[index][index2],deepcopy_cosdist[index][0]: 2 8 0.8473306521345239 0.8028443245992856
model_id_of_model2_used: 8
index,index2,cosdist[index][index2],deepcopy_cosdist[index][0]: 2 9 0.8131932734871998 0.8028443245992856
model_id_of_model2_used: 9
index,index2,cosdist[index][index2],deepcopy_cosdist[index][0]: 2 11 0.8141538120786928 0.8028443245992856
model_id_of_model2_used: 11
index,index2,cosdist[index][index2],deepcopy_cosdist[index][0]: 2 12 0.8595984659980287 0.8028443245992856
model_id_of_model2_used: 12
index,index2,cosdist[index][index2],deepcopy_cosdist[index][0]: 2 13 0.9167397772229585 0.8028443245992856
model_id_of_model2_used: 13
index,index2,cosdist[index][index2],deepcopy_cosdist[index][0]: 2 14 0.903430786256802 0.8028443245992856
model_id_of_model2_used: 14
index,index2,cosdist[index][index2],deepcopy_cosdist[index][0]: 2 15 0.8905477103230963 0.8028443245992856
model_id_of_model2_used: 15
index,index2,cosdist[index][index2],deepcopy_cosdist[index][0]: 2 16 0.8665290769253385 0.8028443245992856
model_id_of_model2_used: 16
index,index2,cosdist[index][index2],deepcopy_cosdist[index][0]: 2 17 0.826283029239767 0.8028443245992856
model_id_of_model2_used: 17
index,index2,cosdist[index][index2],deepcopy_cosdist[index][0]: 2 18 0.8864007865614932 0.8028443245992856
model_id_of_model2_used: 18
index,index2,cosdist[index][index2],deepcopy_cosdist[index][0]: 2 19 0.8451722616090599 0.8028443245992856
model_id_of_model2_used: 19
model_num of model 2 used
-- 19 --
min_max_sun of model 2 used: 1.2844151643881765
index,index2,cosdist[index][index2],deepcopy_cosdist[index][0]: 3 0 0.8692905462525345 0.7798984130171062
model_id_of_model3_used: 0
index,index2,cosdist[index][index2],deepcopy_cosdist[index][0]: 3 1 0.8250651234595247 0.7798984130171062
model_id_of_model3_used: 1
index,index2,cosdist[index][index2],deepcopy_cosdist[index][0]: 3 2 0.9213150977042032 0.7798984130171062
model_id_of_model3_used: 2
index,index2,cosdist[index][index2],deepcopy_cosdist[index][0]: 3 3 1 0.7798984130171062
model_id_of_model3_used: 3
index,index2,cosdist[index][index2],deepcopy_cosdist[index][0]: 3 4 0.8821699525742352 0.7798984130171062
model_id_of_model3_used: 4
index,index2,cosdist[index][index2],deepcopy_cosdist[index][0]: 3 5 0.8426798377045759 0.7798984130171062
model_id_of_model3_used: 5
index,index2,cosdist[index][index2],deepcopy_cosdist[index][0]: 3 6 0.8436626788848257 0.7798984130171062
model_id_of_model3_used: 6
index,index2,cosdist[index][index2],deepcopy_cosdist[index][0]: 3 7 0.9013850555284347 0.7798984130171062
model_id_of_model3_used: 7
index,index2,cosdist[index][index2],deepcopy_cosdist[index][0]: 3 8 0.8694562219091506 0.7798984130171062
model_id_of_model3_used: 8
index,index2,cosdist[index][index2],deepcopy_cosdist[index][0]: 3 9 0.8059868592221852 0.7798984130171062
model_id_of_model3_used: 9
index,index2,cosdist[index][index2],deepcopy_cosdist[index][0]: 3 11 0.8139881622383995 0.7798984130171062
model_id_of_model3_used: 11
index,index2,cosdist[index][index2],deepcopy_cosdist[index][0]: 3 12 0.8977360318307316 0.7798984130171062
model_id_of_model3_used: 12
index,index2,cosdist[index][index2],deepcopy_cosdist[index][0]: 3 13 0.8899029012238497 0.7798984130171062
model_id_of_model3_used: 13
index,index2,cosdist[index][index2],deepcopy_cosdist[index][0]: 3 14 0.8689603390245297 0.7798984130171062
model_id_of_model3_used: 14
index,index2,cosdist[index][index2],deepcopy_cosdist[index][0]: 3 15 0.9281165333285163 0.7798984130171062
model_id_of_model3_used: 15
index,index2,cosdist[index][index2],deepcopy_cosdist[index][0]: 3 16 0.8841448497736957 0.7798984130171062
model_id_of_model3_used: 16
index,index2,cosdist[index][index2],deepcopy_cosdist[index][0]: 3 17 0.8000663501808809 0.7798984130171062
model_id_of_model3_used: 17
index,index2,cosdist[index][index2],deepcopy_cosdist[index][0]: 3 18 0.8834804087845403 0.7798984130171062
model_id_of_model3_used: 18
index,index2,cosdist[index][index2],deepcopy_cosdist[index][0]: 3 19 0.8778968114244464 0.7798984130171062
model_id_of_model3_used: 19
model_num of model 3 used
-- 19 --
min_max_sun of model 3 used: 1.7872339137242428
index,index2,cosdist[index][index2],deepcopy_cosdist[index][0]: 4 0 0.8635480231975983 0.7841283559930569
model_id_of_model4_used: 0
index,index2,cosdist[index][index2],deepcopy_cosdist[index][0]: 4 1 0.8010068926320459 0.7841283559930569
model_id_of_model4_used: 1
index,index2,cosdist[index][index2],deepcopy_cosdist[index][0]: 4 2 0.8644451894273852 0.7841283559930569
model_id_of_model4_used: 2
index,index2,cosdist[index][index2],deepcopy_cosdist[index][0]: 4 3 0.8821699525742352 0.7841283559930569
model_id_of_model4_used: 3
index,index2,cosdist[index][index2],deepcopy_cosdist[index][0]: 4 4 1 0.7841283559930569
model_id_of_model4_used: 4
index,index2,cosdist[index][index2],deepcopy_cosdist[index][0]: 4 5 0.8527910052229338 0.7841283559930569
model_id_of_model4_used: 5
index,index2,cosdist[index][index2],deepcopy_cosdist[index][0]: 4 6 0.8544339021722402 0.7841283559930569
model_id_of_model4_used: 6
index,index2,cosdist[index][index2],deepcopy_cosdist[index][0]: 4 7 0.8590935096895437 0.7841283559930569
model_id_of_model4_used: 7
index,index2,cosdist[index][index2],deepcopy_cosdist[index][0]: 4 8 0.8633820720669299 0.7841283559930569
model_id_of_model4_used: 8
index,index2,cosdist[index][index2],deepcopy_cosdist[index][0]: 4 9 0.8195616349731398 0.7841283559930569
model_id_of_model4_used: 9
index,index2,cosdist[index][index2],deepcopy_cosdist[index][0]: 4 11 0.8913316639132932 0.7841283559930569
model_id_of_model4_used: 11
index,index2,cosdist[index][index2],deepcopy_cosdist[index][0]: 4 12 0.8813139437127041 0.7841283559930569
model_id_of_model4_used: 12
index,index2,cosdist[index][index2],deepcopy_cosdist[index][0]: 4 13 0.8521815036789588 0.7841283559930569
model_id_of_model4_used: 13
index,index2,cosdist[index][index2],deepcopy_cosdist[index][0]: 4 14 0.8176118786969812 0.7841283559930569
model_id_of_model4_used: 14
index,index2,cosdist[index][index2],deepcopy_cosdist[index][0]: 4 15 0.8751985668632273 0.7841283559930569
model_id_of_model4_used: 15
index,index2,cosdist[index][index2],deepcopy_cosdist[index][0]: 4 16 0.9024639382438882 0.7841283559930569
model_id_of_model4_used: 16
index,index2,cosdist[index][index2],deepcopy_cosdist[index][0]: 4 17 0.8243922440521326 0.7841283559930569
model_id_of_model4_used: 17
index,index2,cosdist[index][index2],deepcopy_cosdist[index][0]: 4 18 0.8783516697254243 0.7841283559930569
model_id_of_model4_used: 18
index,index2,cosdist[index][index2],deepcopy_cosdist[index][0]: 4 19 0.8302568568819083 0.7841283559930569
model_id_of_model4_used: 19
model_num of model 4 used
-- 19 --
min_max_sun of model 4 used: 1.51509568385649
index,index2,cosdist[index][index2],deepcopy_cosdist[index][0]: 5 0 0.7974702602810343 0.7512950938520605
model_id_of_model5_used: 0
index,index2,cosdist[index][index2],deepcopy_cosdist[index][0]: 5 1 0.8768130441832842 0.7512950938520605
model_id_of_model5_used: 1
index,index2,cosdist[index][index2],deepcopy_cosdist[index][0]: 5 2 0.8350542449630769 0.7512950938520605
model_id_of_model5_used: 2
index,index2,cosdist[index][index2],deepcopy_cosdist[index][0]: 5 3 0.8426798377045759 0.7512950938520605
model_id_of_model5_used: 3
index,index2,cosdist[index][index2],deepcopy_cosdist[index][0]: 5 4 0.8527910052229338 0.7512950938520605
model_id_of_model5_used: 4
index,index2,cosdist[index][index2],deepcopy_cosdist[index][0]: 5 5 1 0.7512950938520605
model_id_of_model5_used: 5
index,index2,cosdist[index][index2],deepcopy_cosdist[index][0]: 5 6 0.8107445919275234 0.7512950938520605
model_id_of_model5_used: 6
index,index2,cosdist[index][index2],deepcopy_cosdist[index][0]: 5 7 0.8237349088556808 0.7512950938520605
model_id_of_model5_used: 7
index,index2,cosdist[index][index2],deepcopy_cosdist[index][0]: 5 8 0.7852311823480396 0.7512950938520605
model_id_of_model5_used: 8
index,index2,cosdist[index][index2],deepcopy_cosdist[index][0]: 5 9 0.8145577351479073 0.7512950938520605
model_id_of_model5_used: 9
index,index2,cosdist[index][index2],deepcopy_cosdist[index][0]: 5 10 0.7538285366147658 0.7512950938520605
model_id_of_model5_used: 10
index,index2,cosdist[index][index2],deepcopy_cosdist[index][0]: 5 11 0.7530138020053243 0.7512950938520605
model_id_of_model5_used: 11
index,index2,cosdist[index][index2],deepcopy_cosdist[index][0]: 5 12 0.893153655348887 0.7512950938520605
model_id_of_model5_used: 12
index,index2,cosdist[index][index2],deepcopy_cosdist[index][0]: 5 13 0.8552751017795331 0.7512950938520605
model_id_of_model5_used: 13
index,index2,cosdist[index][index2],deepcopy_cosdist[index][0]: 5 14 0.7718888574166926 0.7512950938520605
model_id_of_model5_used: 14
index,index2,cosdist[index][index2],deepcopy_cosdist[index][0]: 5 15 0.8155699044098795 0.7512950938520605
model_id_of_model5_used: 15
index,index2,cosdist[index][index2],deepcopy_cosdist[index][0]: 5 16 0.8442457990600939 0.7512950938520605
model_id_of_model5_used: 16
index,index2,cosdist[index][index2],deepcopy_cosdist[index][0]: 5 17 0.8101297655129297 0.7512950938520605
model_id_of_model5_used: 17
index,index2,cosdist[index][index2],deepcopy_cosdist[index][0]: 5 18 0.8236276601418445 0.7512950938520605
model_id_of_model5_used: 18
model_num of model 5 used
-- 19 --
min_max_sun of model 5 used: 1.485203109734857
index,index2,cosdist[index][index2],deepcopy_cosdist[index][0]: 6 0 0.8436578305263404 0.8107445919275234
model_id_of_model6_used: 0
index,index2,cosdist[index][index2],deepcopy_cosdist[index][0]: 6 1 0.8284112685501921 0.8107445919275234
model_id_of_model6_used: 1
index,index2,cosdist[index][index2],deepcopy_cosdist[index][0]: 6 2 0.8875982005270349 0.8107445919275234
model_id_of_model6_used: 2
index,index2,cosdist[index][index2],deepcopy_cosdist[index][0]: 6 3 0.8436626788848257 0.8107445919275234
model_id_of_model6_used: 3
index,index2,cosdist[index][index2],deepcopy_cosdist[index][0]: 6 4 0.8544339021722402 0.8107445919275234
model_id_of_model6_used: 4
index,index2,cosdist[index][index2],deepcopy_cosdist[index][0]: 6 6 1 0.8107445919275234
model_id_of_model6_used: 6
index,index2,cosdist[index][index2],deepcopy_cosdist[index][0]: 6 7 0.8153156109427432 0.8107445919275234
model_id_of_model6_used: 7
index,index2,cosdist[index][index2],deepcopy_cosdist[index][0]: 6 8 0.9130249969935824 0.8107445919275234
model_id_of_model6_used: 8
index,index2,cosdist[index][index2],deepcopy_cosdist[index][0]: 6 9 0.8620260385533418 0.8107445919275234
model_id_of_model6_used: 9
index,index2,cosdist[index][index2],deepcopy_cosdist[index][0]: 6 10 0.8797060740200708 0.8107445919275234
model_id_of_model6_used: 10
index,index2,cosdist[index][index2],deepcopy_cosdist[index][0]: 6 11 0.8433956210335167 0.8107445919275234
model_id_of_model6_used: 11
index,index2,cosdist[index][index2],deepcopy_cosdist[index][0]: 6 12 0.8162820022842275 0.8107445919275234
model_id_of_model6_used: 12
index,index2,cosdist[index][index2],deepcopy_cosdist[index][0]: 6 13 0.8377074536144068 0.8107445919275234
model_id_of_model6_used: 13
index,index2,cosdist[index][index2],deepcopy_cosdist[index][0]: 6 14 0.8607701449128149 0.8107445919275234
model_id_of_model6_used: 14
index,index2,cosdist[index][index2],deepcopy_cosdist[index][0]: 6 15 0.8391398875043176 0.8107445919275234
model_id_of_model6_used: 15
index,index2,cosdist[index][index2],deepcopy_cosdist[index][0]: 6 16 0.8804990190824524 0.8107445919275234
model_id_of_model6_used: 16
index,index2,cosdist[index][index2],deepcopy_cosdist[index][0]: 6 17 0.9024642150923642 0.8107445919275234
model_id_of_model6_used: 17
index,index2,cosdist[index][index2],deepcopy_cosdist[index][0]: 6 18 0.8758292422869807 0.8107445919275234
model_id_of_model6_used: 18
index,index2,cosdist[index][index2],deepcopy_cosdist[index][0]: 6 19 0.8215017765220934 0.8107445919275234
model_id_of_model6_used: 19
model_num of model 6 used
-- 19 --
min_max_sun of model 6 used: 1.001278716880602
index,index2,cosdist[index][index2],deepcopy_cosdist[index][0]: 7 0 0.8247805700318825 0.7582821579198924
model_id_of_model7_used: 0
index,index2,cosdist[index][index2],deepcopy_cosdist[index][0]: 7 1 0.7807436084235937 0.7582821579198924
model_id_of_model7_used: 1
index,index2,cosdist[index][index2],deepcopy_cosdist[index][0]: 7 2 0.8768543253019007 0.7582821579198924
model_id_of_model7_used: 2
index,index2,cosdist[index][index2],deepcopy_cosdist[index][0]: 7 3 0.9013850555284347 0.7582821579198924
model_id_of_model7_used: 3
index,index2,cosdist[index][index2],deepcopy_cosdist[index][0]: 7 4 0.8590935096895437 0.7582821579198924
model_id_of_model7_used: 4
index,index2,cosdist[index][index2],deepcopy_cosdist[index][0]: 7 5 0.8237349088556808 0.7582821579198924
model_id_of_model7_used: 5
index,index2,cosdist[index][index2],deepcopy_cosdist[index][0]: 7 6 0.8153156109427432 0.7582821579198924
model_id_of_model7_used: 6
index,index2,cosdist[index][index2],deepcopy_cosdist[index][0]: 7 7 1 0.7582821579198924
model_id_of_model7_used: 7
index,index2,cosdist[index][index2],deepcopy_cosdist[index][0]: 7 8 0.811395059958262 0.7582821579198924
model_id_of_model7_used: 8
index,index2,cosdist[index][index2],deepcopy_cosdist[index][0]: 7 10 0.7670106043958567 0.7582821579198924
model_id_of_model7_used: 10
index,index2,cosdist[index][index2],deepcopy_cosdist[index][0]: 7 11 0.783730485759818 0.7582821579198924
model_id_of_model7_used: 11
index,index2,cosdist[index][index2],deepcopy_cosdist[index][0]: 7 12 0.8952717820904948 0.7582821579198924
model_id_of_model7_used: 12
index,index2,cosdist[index][index2],deepcopy_cosdist[index][0]: 7 13 0.8368319766216843 0.7582821579198924
model_id_of_model7_used: 13
index,index2,cosdist[index][index2],deepcopy_cosdist[index][0]: 7 14 0.8113023883485092 0.7582821579198924
model_id_of_model7_used: 14
index,index2,cosdist[index][index2],deepcopy_cosdist[index][0]: 7 15 0.9014371312142125 0.7582821579198924
model_id_of_model7_used: 15
index,index2,cosdist[index][index2],deepcopy_cosdist[index][0]: 7 16 0.8629629293904296 0.7582821579198924
model_id_of_model7_used: 16
index,index2,cosdist[index][index2],deepcopy_cosdist[index][0]: 7 17 0.7799189377243528 0.7582821579198924
model_id_of_model7_used: 17
index,index2,cosdist[index][index2],deepcopy_cosdist[index][0]: 7 18 0.8664451221998587 0.7582821579198924
model_id_of_model7_used: 18
index,index2,cosdist[index][index2],deepcopy_cosdist[index][0]: 7 19 0.8910908669916604 0.7582821579198924
model_id_of_model7_used: 19
model_num of model 7 used
-- 19 --
min_max_sun of model 7 used: 1.6819438729909628
index,index2,cosdist[index][index2],deepcopy_cosdist[index][0]: 8 0 0.8685509400035731 0.7840516805926235
model_id_of_model8_used: 0
