Namespace(conf='../conf/EMNIST_balance_conf.json', dataset='mnist', gpu=1.0, iid=True, use_pretrained_model=False)
X shape : (36000, 28, 28)
y shape : (36000,)
X shape : (6000, 28, 28)
y shape : (6000,)
15    6000
14    6000
13    6000
12    6000
11    6000
10    6000
dtype: int64
mod_private_class1: [10 11 12]
mod_private_class2: [13 14 15]
============================================================
============================================================
============================================================
X shape : (3000, 28, 28)
y shape : (3000,)
X shape : (3000, 28, 28)
y shape : (3000,)
model 0 : CNN_128_256
model 1 : CNN_128_384
model 2 : CNN_128_512
model 3 : CNN_256_256
model 4 : CNN_256_512
model 5 : CNN_64_128_256
model 6 : CNN_64_128_192
model 7 : CNN_128_192_256
model 8 : CNN_128_128_128
model 9 : CNN_128_128_192
Training model  0
Training model  1
Training model  2
Training model  3
Training model  4
Training model  5
Training model  6
Training model  7
Training model  8
Training model  9
pre-train accuracy: 
[0.9865506329113924, 0.9849683544303798, 0.9878362341772152, 0.987440664556962, 0.9866495253164557, 0.9909018987341772, 0.989814082278481, 0.9920886075949367, 0.9904074367088608, 0.991495253164557]
publice_dataset[y]: [5 0 4 ... 5 6 8]
calculate the theoretical upper bounds for participants: 
the upper bounds are: [0.0, 0.0, 0.0, 0.0, 0.0, 0.0, 0.0, 0.0, 0.0, 0.0]
start model initialization: 
finish model initialization: 
round  0
update logits ... 
cosdist:
[[1, 0.9082598789819801, 0.9754395614347433, 0.9444055580197196, 0.9598500113238911, 0.781194608284497, 0.7680728793962942, 0.8303168859205189, 0.7976693054809619, 0.8367621507815884], [0.9082598789819801, 1, 0.9289540215441917, 0.9766360093116971, 0.9710415579627584, 0.7036842412915144, 0.7156513574886516, 0.7312116777528755, 0.7040868151962554, 0.7291042771869115], [0.9754395614347433, 0.9289540215441917, 1, 0.9505103866538047, 0.9693665001608861, 0.7766668686660623, 0.769497460005806, 0.822110735140848, 0.798223277807793, 0.8295587923990572], [0.9444055580197196, 0.9766360093116971, 0.9505103866538047, 1, 0.9846611469568635, 0.7810733768235821, 0.7879910782335341, 0.807987436508596, 0.7842437660565396, 0.8094807200483615], [0.9598500113238911, 0.9710415579627584, 0.9693665001608861, 0.9846611469568635, 1, 0.7650512178820537, 0.7688697585447526, 0.8024304379378174, 0.7749172029480905, 0.8031969810018244], [0.781194608284497, 0.7036842412915144, 0.7766668686660623, 0.7810733768235821, 0.7650512178820537, 1, 0.9898186629739505, 0.9808199468693395, 0.985769227136206, 0.9690075681621891], [0.7680728793962942, 0.7156513574886516, 0.769497460005806, 0.7879910782335341, 0.7688697585447526, 0.9898186629739505, 1, 0.9702829335669313, 0.9810130559295203, 0.9577356310334879], [0.8303168859205189, 0.7312116777528755, 0.822110735140848, 0.807987436508596, 0.8024304379378174, 0.9808199468693395, 0.9702829335669313, 1, 0.9835016930725418, 0.9846336251687648], [0.7976693054809619, 0.7040868151962554, 0.798223277807793, 0.7842437660565396, 0.7749172029480905, 0.985769227136206, 0.9810130559295203, 0.9835016930725418, 1, 0.9771872233253656], [0.8367621507815884, 0.7291042771869115, 0.8295587923990572, 0.8094807200483615, 0.8031969810018244, 0.9690075681621891, 0.9577356310334879, 0.9846336251687648, 0.9771872233253656, 1]]
thresholdtopk: [0.8367621507815884, 0.7312116777528755, 0.8295587923990572, 0.8094807200483615, 0.8031969810018244, 0.781194608284497, 0.7879910782335341, 0.8303168859205189, 0.798223277807793, 0.8367621507815884]
index,index2,cosdist[index][index2],thresholdtopk[index]: 0 0 1 0.8367621507815884
model_id_of_model0_used: 0
index,index2,cosdist[index][index2],thresholdtopk[index]: 0 1 0.9082598789819801 0.8367621507815884
model_id_of_model0_used: 1
index,index2,cosdist[index][index2],thresholdtopk[index]: 0 2 0.9754395614347433 0.8367621507815884
model_id_of_model0_used: 2
index,index2,cosdist[index][index2],thresholdtopk[index]: 0 3 0.9444055580197196 0.8367621507815884
model_id_of_model0_used: 3
index,index2,cosdist[index][index2],thresholdtopk[index]: 0 4 0.9598500113238911 0.8367621507815884
model_id_of_model0_used: 4
model_num of model 0 used
-- 5 --
index,index2,cosdist[index][index2],thresholdtopk[index]: 1 0 0.9082598789819801 0.7312116777528755
model_id_of_model1_used: 0
index,index2,cosdist[index][index2],thresholdtopk[index]: 1 1 1 0.7312116777528755
model_id_of_model1_used: 1
index,index2,cosdist[index][index2],thresholdtopk[index]: 1 2 0.9289540215441917 0.7312116777528755
model_id_of_model1_used: 2
index,index2,cosdist[index][index2],thresholdtopk[index]: 1 3 0.9766360093116971 0.7312116777528755
model_id_of_model1_used: 3
index,index2,cosdist[index][index2],thresholdtopk[index]: 1 4 0.9710415579627584 0.7312116777528755
model_id_of_model1_used: 4
model_num of model 1 used
-- 5 --
index,index2,cosdist[index][index2],thresholdtopk[index]: 2 0 0.9754395614347433 0.8295587923990572
model_id_of_model2_used: 0
index,index2,cosdist[index][index2],thresholdtopk[index]: 2 1 0.9289540215441917 0.8295587923990572
model_id_of_model2_used: 1
index,index2,cosdist[index][index2],thresholdtopk[index]: 2 2 1 0.8295587923990572
model_id_of_model2_used: 2
index,index2,cosdist[index][index2],thresholdtopk[index]: 2 3 0.9505103866538047 0.8295587923990572
model_id_of_model2_used: 3
index,index2,cosdist[index][index2],thresholdtopk[index]: 2 4 0.9693665001608861 0.8295587923990572
model_id_of_model2_used: 4
model_num of model 2 used
-- 5 --
index,index2,cosdist[index][index2],thresholdtopk[index]: 3 0 0.9444055580197196 0.8094807200483615
model_id_of_model3_used: 0
index,index2,cosdist[index][index2],thresholdtopk[index]: 3 1 0.9766360093116971 0.8094807200483615
model_id_of_model3_used: 1
index,index2,cosdist[index][index2],thresholdtopk[index]: 3 2 0.9505103866538047 0.8094807200483615
model_id_of_model3_used: 2
index,index2,cosdist[index][index2],thresholdtopk[index]: 3 3 1 0.8094807200483615
model_id_of_model3_used: 3
index,index2,cosdist[index][index2],thresholdtopk[index]: 3 4 0.9846611469568635 0.8094807200483615
model_id_of_model3_used: 4
model_num of model 3 used
-- 5 --
index,index2,cosdist[index][index2],thresholdtopk[index]: 4 0 0.9598500113238911 0.8031969810018244
model_id_of_model4_used: 0
index,index2,cosdist[index][index2],thresholdtopk[index]: 4 1 0.9710415579627584 0.8031969810018244
model_id_of_model4_used: 1
index,index2,cosdist[index][index2],thresholdtopk[index]: 4 2 0.9693665001608861 0.8031969810018244
model_id_of_model4_used: 2
index,index2,cosdist[index][index2],thresholdtopk[index]: 4 3 0.9846611469568635 0.8031969810018244
model_id_of_model4_used: 3
index,index2,cosdist[index][index2],thresholdtopk[index]: 4 4 1 0.8031969810018244
model_id_of_model4_used: 4
model_num of model 4 used
-- 5 --
index,index2,cosdist[index][index2],thresholdtopk[index]: 5 5 1 0.781194608284497
model_id_of_model5_used: 5
index,index2,cosdist[index][index2],thresholdtopk[index]: 5 6 0.9898186629739505 0.781194608284497
model_id_of_model5_used: 6
index,index2,cosdist[index][index2],thresholdtopk[index]: 5 7 0.9808199468693395 0.781194608284497
model_id_of_model5_used: 7
index,index2,cosdist[index][index2],thresholdtopk[index]: 5 8 0.985769227136206 0.781194608284497
model_id_of_model5_used: 8
index,index2,cosdist[index][index2],thresholdtopk[index]: 5 9 0.9690075681621891 0.781194608284497
model_id_of_model5_used: 9
model_num of model 5 used
-- 5 --
index,index2,cosdist[index][index2],thresholdtopk[index]: 6 5 0.9898186629739505 0.7879910782335341
model_id_of_model6_used: 5
index,index2,cosdist[index][index2],thresholdtopk[index]: 6 6 1 0.7879910782335341
model_id_of_model6_used: 6
index,index2,cosdist[index][index2],thresholdtopk[index]: 6 7 0.9702829335669313 0.7879910782335341
model_id_of_model6_used: 7
index,index2,cosdist[index][index2],thresholdtopk[index]: 6 8 0.9810130559295203 0.7879910782335341
model_id_of_model6_used: 8
index,index2,cosdist[index][index2],thresholdtopk[index]: 6 9 0.9577356310334879 0.7879910782335341
model_id_of_model6_used: 9
model_num of model 6 used
-- 5 --
index,index2,cosdist[index][index2],thresholdtopk[index]: 7 5 0.9808199468693395 0.8303168859205189
model_id_of_model7_used: 5
index,index2,cosdist[index][index2],thresholdtopk[index]: 7 6 0.9702829335669313 0.8303168859205189
model_id_of_model7_used: 6
index,index2,cosdist[index][index2],thresholdtopk[index]: 7 7 1 0.8303168859205189
model_id_of_model7_used: 7
index,index2,cosdist[index][index2],thresholdtopk[index]: 7 8 0.9835016930725418 0.8303168859205189
model_id_of_model7_used: 8
index,index2,cosdist[index][index2],thresholdtopk[index]: 7 9 0.9846336251687648 0.8303168859205189
model_id_of_model7_used: 9
model_num of model 7 used
-- 5 --
index,index2,cosdist[index][index2],thresholdtopk[index]: 8 5 0.985769227136206 0.798223277807793
model_id_of_model8_used: 5
index,index2,cosdist[index][index2],thresholdtopk[index]: 8 6 0.9810130559295203 0.798223277807793
model_id_of_model8_used: 6
index,index2,cosdist[index][index2],thresholdtopk[index]: 8 7 0.9835016930725418 0.798223277807793
model_id_of_model8_used: 7
index,index2,cosdist[index][index2],thresholdtopk[index]: 8 8 1 0.798223277807793
model_id_of_model8_used: 8
index,index2,cosdist[index][index2],thresholdtopk[index]: 8 9 0.9771872233253656 0.798223277807793
model_id_of_model8_used: 9
model_num of model 8 used
-- 5 --
index,index2,cosdist[index][index2],thresholdtopk[index]: 9 5 0.9690075681621891 0.8367621507815884
model_id_of_model9_used: 5
index,index2,cosdist[index][index2],thresholdtopk[index]: 9 6 0.9577356310334879 0.8367621507815884
model_id_of_model9_used: 6
index,index2,cosdist[index][index2],thresholdtopk[index]: 9 7 0.9846336251687648 0.8367621507815884
model_id_of_model9_used: 7
index,index2,cosdist[index][index2],thresholdtopk[index]: 9 8 0.9771872233253656 0.8367621507815884
model_id_of_model9_used: 8
index,index2,cosdist[index][index2],thresholdtopk[index]: 9 9 1 0.8367621507815884
model_id_of_model9_used: 9
model_num of model 9 used
-- 5 --
test performance ... 
model 0 use private_data_1 test
0.9107934401390401
model 1 use private_data_1 test
0.817154255319149
model 2 use private_data_1 test
0.902593085106383
model 3 use private_data_1 test
0.9128989361702128
model 4 use private_data_1 test
0.9233156030482434
model 5 use private_data_2 test
0.9305186170212766
model 6 use private_data_2 test
0.9339539009205838
model 7 use private_data_2 test
0.8028590425531915
model 8 use private_data_2 test
0.8937278370907966
model 9 use private_data_2 test
0.7044547872340425
updates models ...
model 0 starting alignment with public logits... 
model 0 done alignment
model 0 starting training with private data... 
model 0 done private training. 

model 1 starting alignment with public logits... 
model 1 done alignment
model 1 starting training with private data... 
model 1 done private training. 

model 2 starting alignment with public logits... 
model 2 done alignment
model 2 starting training with private data... 
model 2 done private training. 

model 3 starting alignment with public logits... 
model 3 done alignment
model 3 starting training with private data... 
model 3 done private training. 

model 4 starting alignment with public logits... 
model 4 done alignment
model 4 starting training with private data... 
model 4 done private training. 

model 5 starting alignment with public logits... 
model 5 done alignment
model 5 starting training with private data... 
model 5 done private training. 

model 6 starting alignment with public logits... 
model 6 done alignment
model 6 starting training with private data... 
model 6 done private training. 

model 7 starting alignment with public logits... 
model 7 done alignment
model 7 starting training with private data... 
model 7 done private training. 

model 8 starting alignment with public logits... 
model 8 done alignment
model 8 starting training with private data... 
model 8 done private training. 

model 9 starting alignment with public logits... 
model 9 done alignment
model 9 starting training with private data... 
model 9 done private training. 

round  1
update logits ... 
cosdist:
[[1, 0.9892189782900934, 0.9941741394266571, 0.9942485970819084, 0.9930322657124719, 0.9841969809751294, 0.9861463584034659, 0.9842739856981336, 0.9836536387759214, 0.9831602412840338], [0.9892189782900934, 1, 0.9902333120919264, 0.9917819973497419, 0.9912740788118432, 0.9815476524516843, 0.9866532086624581, 0.9823608356849332, 0.983611098911209, 0.9808976448021889], [0.9941741394266571, 0.9902333120919264, 1, 0.9954423881112479, 0.9929574424233019, 0.9800367200557347, 0.9820263978525822, 0.9784577310319272, 0.976637140292032, 0.975420697913906], [0.9942485970819084, 0.9917819973497419, 0.9954423881112479, 1, 0.9955764060853824, 0.9846555804127961, 0.98641363836211, 0.9827772189895784, 0.9821978449550952, 0.9805409818899677], [0.9930322657124719, 0.9912740788118432, 0.9929574424233019, 0.9955764060853824, 1, 0.9812676164377452, 0.9859175153323892, 0.983136321718448, 0.9835929435387659, 0.9813773840282437], [0.9841969809751294, 0.9815476524516843, 0.9800367200557347, 0.9846555804127961, 0.9812676164377452, 1, 0.9967033823686381, 0.9942465643992079, 0.9920710174920139, 0.9900385727238837], [0.9861463584034659, 0.9866532086624581, 0.9820263978525822, 0.98641363836211, 0.9859175153323892, 0.9967033823686381, 1, 0.9945822194626621, 0.9945252676645031, 0.9908663608064529], [0.9842739856981336, 0.9823608356849332, 0.9784577310319272, 0.9827772189895784, 0.983136321718448, 0.9942465643992079, 0.9945822194626621, 1, 0.9950540493349793, 0.9942423875322506], [0.9836536387759214, 0.983611098911209, 0.976637140292032, 0.9821978449550952, 0.9835929435387659, 0.9920710174920139, 0.9945252676645031, 0.9950540493349793, 1, 0.9949962266508888], [0.9831602412840338, 0.9808976448021889, 0.975420697913906, 0.9805409818899677, 0.9813773840282437, 0.9900385727238837, 0.9908663608064529, 0.9942423875322506, 0.9949962266508888, 1]]
thresholdtopk: [0.9861463584034659, 0.9866532086624581, 0.9820263978525822, 0.98641363836211, 0.9859175153323892, 0.9846555804127961, 0.9866532086624581, 0.9842739856981336, 0.9836536387759214, 0.9831602412840338]
index,index2,cosdist[index][index2],thresholdtopk[index]: 0 0 1 0.9861463584034659
model_id_of_model0_used: 0
index,index2,cosdist[index][index2],thresholdtopk[index]: 0 1 0.9892189782900934 0.9861463584034659
model_id_of_model0_used: 1
index,index2,cosdist[index][index2],thresholdtopk[index]: 0 2 0.9941741394266571 0.9861463584034659
model_id_of_model0_used: 2
index,index2,cosdist[index][index2],thresholdtopk[index]: 0 3 0.9942485970819084 0.9861463584034659
model_id_of_model0_used: 3
index,index2,cosdist[index][index2],thresholdtopk[index]: 0 4 0.9930322657124719 0.9861463584034659
model_id_of_model0_used: 4
model_num of model 0 used
-- 5 --
index,index2,cosdist[index][index2],thresholdtopk[index]: 1 0 0.9892189782900934 0.9866532086624581
model_id_of_model1_used: 0
index,index2,cosdist[index][index2],thresholdtopk[index]: 1 1 1 0.9866532086624581
model_id_of_model1_used: 1
index,index2,cosdist[index][index2],thresholdtopk[index]: 1 2 0.9902333120919264 0.9866532086624581
model_id_of_model1_used: 2
index,index2,cosdist[index][index2],thresholdtopk[index]: 1 3 0.9917819973497419 0.9866532086624581
model_id_of_model1_used: 3
index,index2,cosdist[index][index2],thresholdtopk[index]: 1 4 0.9912740788118432 0.9866532086624581
model_id_of_model1_used: 4
model_num of model 1 used
-- 5 --
index,index2,cosdist[index][index2],thresholdtopk[index]: 2 0 0.9941741394266571 0.9820263978525822
model_id_of_model2_used: 0
index,index2,cosdist[index][index2],thresholdtopk[index]: 2 1 0.9902333120919264 0.9820263978525822
model_id_of_model2_used: 1
index,index2,cosdist[index][index2],thresholdtopk[index]: 2 2 1 0.9820263978525822
model_id_of_model2_used: 2
index,index2,cosdist[index][index2],thresholdtopk[index]: 2 3 0.9954423881112479 0.9820263978525822
model_id_of_model2_used: 3
index,index2,cosdist[index][index2],thresholdtopk[index]: 2 4 0.9929574424233019 0.9820263978525822
model_id_of_model2_used: 4
model_num of model 2 used
-- 5 --
index,index2,cosdist[index][index2],thresholdtopk[index]: 3 0 0.9942485970819084 0.98641363836211
model_id_of_model3_used: 0
index,index2,cosdist[index][index2],thresholdtopk[index]: 3 1 0.9917819973497419 0.98641363836211
model_id_of_model3_used: 1
index,index2,cosdist[index][index2],thresholdtopk[index]: 3 2 0.9954423881112479 0.98641363836211
model_id_of_model3_used: 2
index,index2,cosdist[index][index2],thresholdtopk[index]: 3 3 1 0.98641363836211
model_id_of_model3_used: 3
index,index2,cosdist[index][index2],thresholdtopk[index]: 3 4 0.9955764060853824 0.98641363836211
model_id_of_model3_used: 4
model_num of model 3 used
-- 5 --
index,index2,cosdist[index][index2],thresholdtopk[index]: 4 0 0.9930322657124719 0.9859175153323892
model_id_of_model4_used: 0
index,index2,cosdist[index][index2],thresholdtopk[index]: 4 1 0.9912740788118432 0.9859175153323892
model_id_of_model4_used: 1
index,index2,cosdist[index][index2],thresholdtopk[index]: 4 2 0.9929574424233019 0.9859175153323892
model_id_of_model4_used: 2
index,index2,cosdist[index][index2],thresholdtopk[index]: 4 3 0.9955764060853824 0.9859175153323892
model_id_of_model4_used: 3
index,index2,cosdist[index][index2],thresholdtopk[index]: 4 4 1 0.9859175153323892
model_id_of_model4_used: 4
model_num of model 4 used
-- 5 --
index,index2,cosdist[index][index2],thresholdtopk[index]: 5 5 1 0.9846555804127961
model_id_of_model5_used: 5
index,index2,cosdist[index][index2],thresholdtopk[index]: 5 6 0.9967033823686381 0.9846555804127961
model_id_of_model5_used: 6
index,index2,cosdist[index][index2],thresholdtopk[index]: 5 7 0.9942465643992079 0.9846555804127961
model_id_of_model5_used: 7
index,index2,cosdist[index][index2],thresholdtopk[index]: 5 8 0.9920710174920139 0.9846555804127961
model_id_of_model5_used: 8
index,index2,cosdist[index][index2],thresholdtopk[index]: 5 9 0.9900385727238837 0.9846555804127961
model_id_of_model5_used: 9
model_num of model 5 used
-- 5 --
index,index2,cosdist[index][index2],thresholdtopk[index]: 6 5 0.9967033823686381 0.9866532086624581
model_id_of_model6_used: 5
index,index2,cosdist[index][index2],thresholdtopk[index]: 6 6 1 0.9866532086624581
model_id_of_model6_used: 6
index,index2,cosdist[index][index2],thresholdtopk[index]: 6 7 0.9945822194626621 0.9866532086624581
model_id_of_model6_used: 7
index,index2,cosdist[index][index2],thresholdtopk[index]: 6 8 0.9945252676645031 0.9866532086624581
model_id_of_model6_used: 8
index,index2,cosdist[index][index2],thresholdtopk[index]: 6 9 0.9908663608064529 0.9866532086624581
model_id_of_model6_used: 9
model_num of model 6 used
-- 5 --
index,index2,cosdist[index][index2],thresholdtopk[index]: 7 5 0.9942465643992079 0.9842739856981336
model_id_of_model7_used: 5
index,index2,cosdist[index][index2],thresholdtopk[index]: 7 6 0.9945822194626621 0.9842739856981336
model_id_of_model7_used: 6
index,index2,cosdist[index][index2],thresholdtopk[index]: 7 7 1 0.9842739856981336
model_id_of_model7_used: 7
index,index2,cosdist[index][index2],thresholdtopk[index]: 7 8 0.9950540493349793 0.9842739856981336
model_id_of_model7_used: 8
index,index2,cosdist[index][index2],thresholdtopk[index]: 7 9 0.9942423875322506 0.9842739856981336
model_id_of_model7_used: 9
model_num of model 7 used
-- 5 --
index,index2,cosdist[index][index2],thresholdtopk[index]: 8 5 0.9920710174920139 0.9836536387759214
model_id_of_model8_used: 5
index,index2,cosdist[index][index2],thresholdtopk[index]: 8 6 0.9945252676645031 0.9836536387759214
model_id_of_model8_used: 6
index,index2,cosdist[index][index2],thresholdtopk[index]: 8 7 0.9950540493349793 0.9836536387759214
model_id_of_model8_used: 7
index,index2,cosdist[index][index2],thresholdtopk[index]: 8 8 1 0.9836536387759214
model_id_of_model8_used: 8
index,index2,cosdist[index][index2],thresholdtopk[index]: 8 9 0.9949962266508888 0.9836536387759214
model_id_of_model8_used: 9
model_num of model 8 used
-- 5 --
index,index2,cosdist[index][index2],thresholdtopk[index]: 9 5 0.9900385727238837 0.9831602412840338
model_id_of_model9_used: 5
index,index2,cosdist[index][index2],thresholdtopk[index]: 9 6 0.9908663608064529 0.9831602412840338
model_id_of_model9_used: 6
index,index2,cosdist[index][index2],thresholdtopk[index]: 9 7 0.9942423875322506 0.9831602412840338
model_id_of_model9_used: 7
index,index2,cosdist[index][index2],thresholdtopk[index]: 9 8 0.9949962266508888 0.9831602412840338
model_id_of_model9_used: 8
index,index2,cosdist[index][index2],thresholdtopk[index]: 9 9 1 0.9831602412840338
model_id_of_model9_used: 9
model_num of model 9 used
-- 5 --
test performance ... 
model 0 use private_data_1 test
0.8889627659574468
model 1 use private_data_1 test
0.8556072699262741
model 2 use private_data_1 test
0.9020390073035626
model 3 use private_data_1 test
0.9294104614156358
model 4 use private_data_1 test
0.9195478723404256
model 5 use private_data_2 test
0.9324024826922315
model 6 use private_data_2 test
0.9178856382978723
model 7 use private_data_2 test
0.8367686170212766
model 8 use private_data_2 test
0.8819813829787234
model 9 use private_data_2 test
0.8701241136865413
updates models ...
model 0 starting alignment with public logits... 
model 0 done alignment
model 0 starting training with private data... 
model 0 done private training. 

model 1 starting alignment with public logits... 
model 1 done alignment
model 1 starting training with private data... 
model 1 done private training. 

model 2 starting alignment with public logits... 
model 2 done alignment
model 2 starting training with private data... 
model 2 done private training. 

model 3 starting alignment with public logits... 
model 3 done alignment
model 3 starting training with private data... 
model 3 done private training. 

model 4 starting alignment with public logits... 
model 4 done alignment
model 4 starting training with private data... 
model 4 done private training. 

model 5 starting alignment with public logits... 
model 5 done alignment
model 5 starting training with private data... 
model 5 done private training. 

model 6 starting alignment with public logits... 
model 6 done alignment
model 6 starting training with private data... 
model 6 done private training. 

model 7 starting alignment with public logits... 
model 7 done alignment
model 7 starting training with private data... 
model 7 done private training. 

model 8 starting alignment with public logits... 
model 8 done alignment
model 8 starting training with private data... 
model 8 done private training. 

model 9 starting alignment with public logits... 
model 9 done alignment
model 9 starting training with private data... 
model 9 done private training. 

round  2
update logits ... 
cosdist:
[[1, 0.9973127742981136, 0.9983899528852459, 0.9979280947590491, 0.9981906166652135, 0.9921705763503963, 0.9905055966192242, 0.9932154405611887, 0.9938905287682515, 0.9933181644671215], [0.9973127742981136, 1, 0.9979866018196749, 0.9976329943976049, 0.9984526232032694, 0.9945507723584092, 0.993905773216263, 0.9947470317964123, 0.995353913678802, 0.9947540071242786], [0.9983899528852459, 0.9979866018196749, 1, 0.9981602946690087, 0.9984423215620011, 0.9931818012394218, 0.9916815584254635, 0.9937132227669503, 0.9943574022865159, 0.993702945012895], [0.9979280947590491, 0.9976329943976049, 0.9981602946690087, 1, 0.9982268352974089, 0.993760022788166, 0.9923938785846064, 0.99333207021038, 0.9948090063887414, 0.9937113132429632], [0.9981906166652135, 0.9984526232032694, 0.9984423215620011, 0.9982268352974089, 1, 0.9941055642139252, 0.9924843342286526, 0.9948795859055963, 0.9955011607294803, 0.9943583719199316], [0.9921705763503963, 0.9945507723584092, 0.9931818012394218, 0.993760022788166, 0.9941055642139252, 1, 0.9981401130313522, 0.9973445030538097, 0.9977512954434987, 0.9977611317354642], [0.9905055966192242, 0.993905773216263, 0.9916815584254635, 0.9923938785846064, 0.9924843342286526, 0.9981401130313522, 1, 0.9969939545893852, 0.9971540759195652, 0.9971747794425105], [0.9932154405611887, 0.9947470317964123, 0.9937132227669503, 0.99333207021038, 0.9948795859055963, 0.9973445030538097, 0.9969939545893852, 1, 0.9977258540624867, 0.9979825081548059], [0.9938905287682515, 0.995353913678802, 0.9943574022865159, 0.9948090063887414, 0.9955011607294803, 0.9977512954434987, 0.9971540759195652, 0.9977258540624867, 1, 0.9981894334925853], [0.9933181644671215, 0.9947540071242786, 0.993702945012895, 0.9937113132429632, 0.9943583719199316, 0.9977611317354642, 0.9971747794425105, 0.9979825081548059, 0.9981894334925853, 1]]
thresholdtopk: [0.9938905287682515, 0.995353913678802, 0.9943574022865159, 0.9948090063887414, 0.9955011607294803, 0.9945507723584092, 0.993905773216263, 0.9948795859055963, 0.9955011607294803, 0.9947540071242786]
index,index2,cosdist[index][index2],thresholdtopk[index]: 0 0 1 0.9938905287682515
model_id_of_model0_used: 0
index,index2,cosdist[index][index2],thresholdtopk[index]: 0 1 0.9973127742981136 0.9938905287682515
model_id_of_model0_used: 1
index,index2,cosdist[index][index2],thresholdtopk[index]: 0 2 0.9983899528852459 0.9938905287682515
model_id_of_model0_used: 2
index,index2,cosdist[index][index2],thresholdtopk[index]: 0 3 0.9979280947590491 0.9938905287682515
model_id_of_model0_used: 3
index,index2,cosdist[index][index2],thresholdtopk[index]: 0 4 0.9981906166652135 0.9938905287682515
model_id_of_model0_used: 4
model_num of model 0 used
-- 5 --
index,index2,cosdist[index][index2],thresholdtopk[index]: 1 0 0.9973127742981136 0.995353913678802
model_id_of_model1_used: 0
index,index2,cosdist[index][index2],thresholdtopk[index]: 1 1 1 0.995353913678802
model_id_of_model1_used: 1
index,index2,cosdist[index][index2],thresholdtopk[index]: 1 2 0.9979866018196749 0.995353913678802
model_id_of_model1_used: 2
index,index2,cosdist[index][index2],thresholdtopk[index]: 1 3 0.9976329943976049 0.995353913678802
model_id_of_model1_used: 3
index,index2,cosdist[index][index2],thresholdtopk[index]: 1 4 0.9984526232032694 0.995353913678802
model_id_of_model1_used: 4
model_num of model 1 used
-- 5 --
index,index2,cosdist[index][index2],thresholdtopk[index]: 2 0 0.9983899528852459 0.9943574022865159
model_id_of_model2_used: 0
index,index2,cosdist[index][index2],thresholdtopk[index]: 2 1 0.9979866018196749 0.9943574022865159
model_id_of_model2_used: 1
index,index2,cosdist[index][index2],thresholdtopk[index]: 2 2 1 0.9943574022865159
model_id_of_model2_used: 2
index,index2,cosdist[index][index2],thresholdtopk[index]: 2 3 0.9981602946690087 0.9943574022865159
model_id_of_model2_used: 3
index,index2,cosdist[index][index2],thresholdtopk[index]: 2 4 0.9984423215620011 0.9943574022865159
model_id_of_model2_used: 4
model_num of model 2 used
-- 5 --
index,index2,cosdist[index][index2],thresholdtopk[index]: 3 0 0.9979280947590491 0.9948090063887414
model_id_of_model3_used: 0
index,index2,cosdist[index][index2],thresholdtopk[index]: 3 1 0.9976329943976049 0.9948090063887414
model_id_of_model3_used: 1
index,index2,cosdist[index][index2],thresholdtopk[index]: 3 2 0.9981602946690087 0.9948090063887414
model_id_of_model3_used: 2
index,index2,cosdist[index][index2],thresholdtopk[index]: 3 3 1 0.9948090063887414
model_id_of_model3_used: 3
index,index2,cosdist[index][index2],thresholdtopk[index]: 3 4 0.9982268352974089 0.9948090063887414
model_id_of_model3_used: 4
model_num of model 3 used
-- 5 --
index,index2,cosdist[index][index2],thresholdtopk[index]: 4 0 0.9981906166652135 0.9955011607294803
model_id_of_model4_used: 0
index,index2,cosdist[index][index2],thresholdtopk[index]: 4 1 0.9984526232032694 0.9955011607294803
model_id_of_model4_used: 1
index,index2,cosdist[index][index2],thresholdtopk[index]: 4 2 0.9984423215620011 0.9955011607294803
model_id_of_model4_used: 2
index,index2,cosdist[index][index2],thresholdtopk[index]: 4 3 0.9982268352974089 0.9955011607294803
model_id_of_model4_used: 3
index,index2,cosdist[index][index2],thresholdtopk[index]: 4 4 1 0.9955011607294803
model_id_of_model4_used: 4
model_num of model 4 used
-- 5 --
index,index2,cosdist[index][index2],thresholdtopk[index]: 5 5 1 0.9945507723584092
model_id_of_model5_used: 5
index,index2,cosdist[index][index2],thresholdtopk[index]: 5 6 0.9981401130313522 0.9945507723584092
model_id_of_model5_used: 6
index,index2,cosdist[index][index2],thresholdtopk[index]: 5 7 0.9973445030538097 0.9945507723584092
model_id_of_model5_used: 7
index,index2,cosdist[index][index2],thresholdtopk[index]: 5 8 0.9977512954434987 0.9945507723584092
model_id_of_model5_used: 8
index,index2,cosdist[index][index2],thresholdtopk[index]: 5 9 0.9977611317354642 0.9945507723584092
model_id_of_model5_used: 9
model_num of model 5 used
-- 5 --
index,index2,cosdist[index][index2],thresholdtopk[index]: 6 5 0.9981401130313522 0.993905773216263
model_id_of_model6_used: 5
index,index2,cosdist[index][index2],thresholdtopk[index]: 6 6 1 0.993905773216263
model_id_of_model6_used: 6
index,index2,cosdist[index][index2],thresholdtopk[index]: 6 7 0.9969939545893852 0.993905773216263
model_id_of_model6_used: 7
index,index2,cosdist[index][index2],thresholdtopk[index]: 6 8 0.9971540759195652 0.993905773216263
model_id_of_model6_used: 8
index,index2,cosdist[index][index2],thresholdtopk[index]: 6 9 0.9971747794425105 0.993905773216263
model_id_of_model6_used: 9
model_num of model 6 used
-- 5 --
index,index2,cosdist[index][index2],thresholdtopk[index]: 7 5 0.9973445030538097 0.9948795859055963
model_id_of_model7_used: 5
index,index2,cosdist[index][index2],thresholdtopk[index]: 7 6 0.9969939545893852 0.9948795859055963
model_id_of_model7_used: 6
index,index2,cosdist[index][index2],thresholdtopk[index]: 7 7 1 0.9948795859055963
model_id_of_model7_used: 7
index,index2,cosdist[index][index2],thresholdtopk[index]: 7 8 0.9977258540624867 0.9948795859055963
model_id_of_model7_used: 8
index,index2,cosdist[index][index2],thresholdtopk[index]: 7 9 0.9979825081548059 0.9948795859055963
model_id_of_model7_used: 9
model_num of model 7 used
-- 5 --
index,index2,cosdist[index][index2],thresholdtopk[index]: 8 5 0.9977512954434987 0.9955011607294803
model_id_of_model8_used: 5
index,index2,cosdist[index][index2],thresholdtopk[index]: 8 6 0.9971540759195652 0.9955011607294803
model_id_of_model8_used: 6
index,index2,cosdist[index][index2],thresholdtopk[index]: 8 7 0.9977258540624867 0.9955011607294803
model_id_of_model8_used: 7
index,index2,cosdist[index][index2],thresholdtopk[index]: 8 8 1 0.9955011607294803
model_id_of_model8_used: 8
index,index2,cosdist[index][index2],thresholdtopk[index]: 8 9 0.9981894334925853 0.9955011607294803
model_id_of_model8_used: 9
model_num of model 8 used
-- 5 --
index,index2,cosdist[index][index2],thresholdtopk[index]: 9 5 0.9977611317354642 0.9947540071242786
model_id_of_model9_used: 5
index,index2,cosdist[index][index2],thresholdtopk[index]: 9 6 0.9971747794425105 0.9947540071242786
model_id_of_model9_used: 6
index,index2,cosdist[index][index2],thresholdtopk[index]: 9 7 0.9979825081548059 0.9947540071242786
model_id_of_model9_used: 7
index,index2,cosdist[index][index2],thresholdtopk[index]: 9 8 0.9981894334925853 0.9947540071242786
model_id_of_model9_used: 8
index,index2,cosdist[index][index2],thresholdtopk[index]: 9 9 1 0.9947540071242786
model_id_of_model9_used: 9
model_num of model 9 used
-- 5 --
test performance ... 
model 0 use private_data_1 test
0.9215425531914894
model 1 use private_data_1 test
0.888741134963137
model 2 use private_data_1 test
0.9107934401390401
model 3 use private_data_1 test
0.8863031914893617
model 4 use private_data_1 test
0.9164450358837208
model 5 use private_data_2 test
0.8773271276595744
model 6 use private_data_2 test
0.8592641848198911
model 7 use private_data_2 test
0.862145390282286
model 8 use private_data_2 test
0.8918439720539336
model 9 use private_data_2 test
0.90070922006952
updates models ...
model 0 starting alignment with public logits... 
model 0 done alignment
model 0 starting training with private data... 
model 0 done private training. 

model 1 starting alignment with public logits... 
model 1 done alignment
model 1 starting training with private data... 
model 1 done private training. 

model 2 starting alignment with public logits... 
model 2 done alignment
model 2 starting training with private data... 
model 2 done private training. 

model 3 starting alignment with public logits... 
model 3 done alignment
model 3 starting training with private data... 
model 3 done private training. 

model 4 starting alignment with public logits... 
model 4 done alignment
model 4 starting training with private data... 
model 4 done private training. 

model 5 starting alignment with public logits... 
model 5 done alignment
model 5 starting training with private data... 
model 5 done private training. 

model 6 starting alignment with public logits... 
model 6 done alignment
model 6 starting training with private data... 
model 6 done private training. 

model 7 starting alignment with public logits... 
model 7 done alignment
model 7 starting training with private data... 
model 7 done private training. 

model 8 starting alignment with public logits... 
model 8 done alignment
model 8 starting training with private data... 
model 8 done private training. 

model 9 starting alignment with public logits... 
model 9 done alignment
model 9 starting training with private data... 
model 9 done private training. 

round  3
update logits ... 
cosdist:
[[1, 0.9966452557025793, 0.9981679170075222, 0.9985310218181616, 0.9968953418793504, 0.9936487094895954, 0.9922843245207367, 0.9944330105034882, 0.9953786688709327, 0.9940773497472535], [0.9966452557025793, 1, 0.9976377389162701, 0.9982794847422504, 0.999028693495827, 0.9968587039260154, 0.9959395564138873, 0.9968942174219618, 0.9970645064688721, 0.9967209383424104], [0.9981679170075222, 0.9976377389162701, 1, 0.998609711041609, 0.9984530631313542, 0.9940182406016655, 0.9921276101082119, 0.9942234291089985, 0.9952029090049751, 0.9939548116708885], [0.9985310218181616, 0.9982794847422504, 0.998609711041609, 1, 0.9983716469281334, 0.9952676023144358, 0.9936544096607874, 0.9953833782430158, 0.9965321969993667, 0.9951370839441032], [0.9968953418793504, 0.999028693495827, 0.9984530631313542, 0.9983716469281334, 1, 0.9960608878256699, 0.9947181565481799, 0.9960914045819446, 0.9965180005515151, 0.9958675015029073], [0.9936487094895954, 0.9968587039260154, 0.9940182406016655, 0.9952676023144358, 0.9960608878256699, 1, 0.9985439570131897, 0.9984130923497135, 0.9986352894044751, 0.9984265686805434], [0.9922843245207367, 0.9959395564138873, 0.9921276101082119, 0.9936544096607874, 0.9947181565481799, 0.9985439570131897, 1, 0.9987115268085652, 0.9980539097808482, 0.9982430970800427], [0.9944330105034882, 0.9968942174219618, 0.9942234291089985, 0.9953833782430158, 0.9960914045819446, 0.9984130923497135, 0.9987115268085652, 1, 0.998470244932911, 0.9988436675483341], [0.9953786688709327, 0.9970645064688721, 0.9952029090049751, 0.9965321969993667, 0.9965180005515151, 0.9986352894044751, 0.9980539097808482, 0.998470244932911, 1, 0.9986182190271127], [0.9940773497472535, 0.9967209383424104, 0.9939548116708885, 0.9951370839441032, 0.9958675015029073, 0.9984265686805434, 0.9982430970800427, 0.9988436675483341, 0.9986182190271127, 1]]
thresholdtopk: [0.9953786688709327, 0.9968942174219618, 0.9952029090049751, 0.9965321969993667, 0.9965180005515151, 0.9968587039260154, 0.9959395564138873, 0.9968942174219618, 0.9970645064688721, 0.9967209383424104]
index,index2,cosdist[index][index2],thresholdtopk[index]: 0 0 1 0.9953786688709327
model_id_of_model0_used: 0
index,index2,cosdist[index][index2],thresholdtopk[index]: 0 1 0.9966452557025793 0.9953786688709327
model_id_of_model0_used: 1
index,index2,cosdist[index][index2],thresholdtopk[index]: 0 2 0.9981679170075222 0.9953786688709327
model_id_of_model0_used: 2
index,index2,cosdist[index][index2],thresholdtopk[index]: 0 3 0.9985310218181616 0.9953786688709327
model_id_of_model0_used: 3
index,index2,cosdist[index][index2],thresholdtopk[index]: 0 4 0.9968953418793504 0.9953786688709327
model_id_of_model0_used: 4
model_num of model 0 used
-- 5 --
index,index2,cosdist[index][index2],thresholdtopk[index]: 1 1 1 0.9968942174219618
model_id_of_model1_used: 1
index,index2,cosdist[index][index2],thresholdtopk[index]: 1 2 0.9976377389162701 0.9968942174219618
model_id_of_model1_used: 2
index,index2,cosdist[index][index2],thresholdtopk[index]: 1 3 0.9982794847422504 0.9968942174219618
model_id_of_model1_used: 3
index,index2,cosdist[index][index2],thresholdtopk[index]: 1 4 0.999028693495827 0.9968942174219618
model_id_of_model1_used: 4
index,index2,cosdist[index][index2],thresholdtopk[index]: 1 8 0.9970645064688721 0.9968942174219618
model_id_of_model1_used: 8
model_num of model 1 used
-- 5 --
index,index2,cosdist[index][index2],thresholdtopk[index]: 2 0 0.9981679170075222 0.9952029090049751
model_id_of_model2_used: 0
index,index2,cosdist[index][index2],thresholdtopk[index]: 2 1 0.9976377389162701 0.9952029090049751
model_id_of_model2_used: 1
index,index2,cosdist[index][index2],thresholdtopk[index]: 2 2 1 0.9952029090049751
model_id_of_model2_used: 2
index,index2,cosdist[index][index2],thresholdtopk[index]: 2 3 0.998609711041609 0.9952029090049751
model_id_of_model2_used: 3
index,index2,cosdist[index][index2],thresholdtopk[index]: 2 4 0.9984530631313542 0.9952029090049751
model_id_of_model2_used: 4
model_num of model 2 used
-- 5 --
index,index2,cosdist[index][index2],thresholdtopk[index]: 3 0 0.9985310218181616 0.9965321969993667
model_id_of_model3_used: 0
index,index2,cosdist[index][index2],thresholdtopk[index]: 3 1 0.9982794847422504 0.9965321969993667
model_id_of_model3_used: 1
index,index2,cosdist[index][index2],thresholdtopk[index]: 3 2 0.998609711041609 0.9965321969993667
model_id_of_model3_used: 2
index,index2,cosdist[index][index2],thresholdtopk[index]: 3 3 1 0.9965321969993667
model_id_of_model3_used: 3
index,index2,cosdist[index][index2],thresholdtopk[index]: 3 4 0.9983716469281334 0.9965321969993667
model_id_of_model3_used: 4
model_num of model 3 used
-- 5 --
index,index2,cosdist[index][index2],thresholdtopk[index]: 4 0 0.9968953418793504 0.9965180005515151
model_id_of_model4_used: 0
index,index2,cosdist[index][index2],thresholdtopk[index]: 4 1 0.999028693495827 0.9965180005515151
model_id_of_model4_used: 1
index,index2,cosdist[index][index2],thresholdtopk[index]: 4 2 0.9984530631313542 0.9965180005515151
model_id_of_model4_used: 2
index,index2,cosdist[index][index2],thresholdtopk[index]: 4 3 0.9983716469281334 0.9965180005515151
model_id_of_model4_used: 3
index,index2,cosdist[index][index2],thresholdtopk[index]: 4 4 1 0.9965180005515151
model_id_of_model4_used: 4
model_num of model 4 used
-- 5 --
index,index2,cosdist[index][index2],thresholdtopk[index]: 5 5 1 0.9968587039260154
model_id_of_model5_used: 5
index,index2,cosdist[index][index2],thresholdtopk[index]: 5 6 0.9985439570131897 0.9968587039260154
model_id_of_model5_used: 6
index,index2,cosdist[index][index2],thresholdtopk[index]: 5 7 0.9984130923497135 0.9968587039260154
model_id_of_model5_used: 7
index,index2,cosdist[index][index2],thresholdtopk[index]: 5 8 0.9986352894044751 0.9968587039260154
model_id_of_model5_used: 8
index,index2,cosdist[index][index2],thresholdtopk[index]: 5 9 0.9984265686805434 0.9968587039260154
model_id_of_model5_used: 9
model_num of model 5 used
-- 5 --
index,index2,cosdist[index][index2],thresholdtopk[index]: 6 5 0.9985439570131897 0.9959395564138873
model_id_of_model6_used: 5
index,index2,cosdist[index][index2],thresholdtopk[index]: 6 6 1 0.9959395564138873
model_id_of_model6_used: 6
index,index2,cosdist[index][index2],thresholdtopk[index]: 6 7 0.9987115268085652 0.9959395564138873
model_id_of_model6_used: 7
