Namespace(conf='../conf/EMNIST_balance_conf.json', dataset='mnist', gpu=1.0, iid=True, use_pretrained_model=False)
X shape : (36000, 28, 28)
y shape : (36000,)
X shape : (6000, 28, 28)
y shape : (6000,)
15    6000
14    6000
13    6000
12    6000
11    6000
10    6000
dtype: int64
mod_private_class1: [10 11 12]
mod_private_class2: [13 14 15]
============================================================
============================================================
============================================================
X shape : (3000, 28, 28)
y shape : (3000,)
X shape : (3000, 28, 28)
y shape : (3000,)
model 0 : CNN_128_256
model 1 : CNN_128_384
model 2 : CNN_128_512
model 3 : CNN_256_256
model 4 : CNN_256_512
model 5 : CNN_64_128_256
model 6 : CNN_64_128_192
model 7 : CNN_128_192_256
model 8 : CNN_128_128_128
model 9 : CNN_128_128_192
Training model  0
Training model  1
Training model  2
Training model  3
Training model  4
Training model  5
Training model  6
Training model  7
Training model  8
Training model  9
pre-train accuracy: 
[0.9864517405063291, 0.9857594936708861, 0.9876384493670886, 0.9861550632911392, 0.9873417721518988, 0.989121835443038, 0.9899129746835443, 0.990506329113924, 0.9912974683544303, 0.989121835443038]
publice_dataset[y]: [5 0 4 ... 5 6 8]
calculate the theoretical upper bounds for participants: 
the upper bounds are: [0.0, 0.0, 0.0, 0.0, 0.0, 0.0, 0.0, 0.0, 0.0, 0.0]
start model initialization: 
finish model initialization: 
round  0
update logits ... 
cosdist:
[[1, 0.9928425843178675, 0.9648364795005827, 0.9302791405056239, 0.9251418891198522, 0.7514556162492222, 0.744282531064493, 0.7552996476930511, 0.7298252851144253, 0.7307561984678143], [0.9928425843178675, 1, 0.9724521360666999, 0.9459926437783426, 0.9386497414601804, 0.7495808285612989, 0.7412194249174412, 0.7565914704593512, 0.7337884914965414, 0.7291615045149], [0.9648364795005827, 0.9724521360666999, 1, 0.9684307861019984, 0.9647758552003795, 0.7806668459724695, 0.772803515255291, 0.7942065223408068, 0.7809581182426446, 0.7641511300276063], [0.9302791405056239, 0.9459926437783426, 0.9684307861019984, 1, 0.9835152824846345, 0.7971403375041913, 0.796630443106416, 0.8110919458284804, 0.8168800231820599, 0.7921254825264183], [0.9251418891198522, 0.9386497414601804, 0.9647758552003795, 0.9835152824846345, 1, 0.7744372655286021, 0.7684873223797708, 0.7855209790046231, 0.7929473086165065, 0.7690041469197115], [0.7514556162492222, 0.7495808285612989, 0.7806668459724695, 0.7971403375041913, 0.7744372655286021, 1, 0.989306843320943, 0.9827729354621526, 0.974668766220097, 0.9893930540431443], [0.744282531064493, 0.7412194249174412, 0.772803515255291, 0.796630443106416, 0.7684873223797708, 0.989306843320943, 1, 0.9810260256821043, 0.9792180459810617, 0.9890308427857318], [0.7552996476930511, 0.7565914704593512, 0.7942065223408068, 0.8110919458284804, 0.7855209790046231, 0.9827729354621526, 0.9810260256821043, 1, 0.9840068744341495, 0.9846031467473709], [0.7298252851144253, 0.7337884914965414, 0.7809581182426446, 0.8168800231820599, 0.7929473086165065, 0.974668766220097, 0.9792180459810617, 0.9840068744341495, 1, 0.9847927438920798], [0.7307561984678143, 0.7291615045149, 0.7641511300276063, 0.7921254825264183, 0.7690041469197115, 0.9893930540431443, 0.9890308427857318, 0.9846031467473709, 0.9847927438920798, 1]]
thresholdtopk: [0.7552996476930511, 0.7565914704593512, 0.7942065223408068, 0.8168800231820599, 0.7929473086165065, 0.7971403375041913, 0.796630443106416, 0.8110919458284804, 0.8168800231820599, 0.7921254825264183]
index,index2,cosdist[index][index2],thresholdtopk[index]: 0 0 1 0.7552996476930511
model_id_of_model0_used: 0
index,index2,cosdist[index][index2],thresholdtopk[index]: 0 1 0.9928425843178675 0.7552996476930511
model_id_of_model0_used: 1
index,index2,cosdist[index][index2],thresholdtopk[index]: 0 2 0.9648364795005827 0.7552996476930511
model_id_of_model0_used: 2
index,index2,cosdist[index][index2],thresholdtopk[index]: 0 3 0.9302791405056239 0.7552996476930511
model_id_of_model0_used: 3
index,index2,cosdist[index][index2],thresholdtopk[index]: 0 4 0.9251418891198522 0.7552996476930511
model_id_of_model0_used: 4
model_num of model 0 used
-- 5 --
index,index2,cosdist[index][index2],thresholdtopk[index]: 1 0 0.9928425843178675 0.7565914704593512
model_id_of_model1_used: 0
index,index2,cosdist[index][index2],thresholdtopk[index]: 1 1 1 0.7565914704593512
model_id_of_model1_used: 1
index,index2,cosdist[index][index2],thresholdtopk[index]: 1 2 0.9724521360666999 0.7565914704593512
model_id_of_model1_used: 2
index,index2,cosdist[index][index2],thresholdtopk[index]: 1 3 0.9459926437783426 0.7565914704593512
model_id_of_model1_used: 3
index,index2,cosdist[index][index2],thresholdtopk[index]: 1 4 0.9386497414601804 0.7565914704593512
model_id_of_model1_used: 4
model_num of model 1 used
-- 5 --
index,index2,cosdist[index][index2],thresholdtopk[index]: 2 0 0.9648364795005827 0.7942065223408068
model_id_of_model2_used: 0
index,index2,cosdist[index][index2],thresholdtopk[index]: 2 1 0.9724521360666999 0.7942065223408068
model_id_of_model2_used: 1
index,index2,cosdist[index][index2],thresholdtopk[index]: 2 2 1 0.7942065223408068
model_id_of_model2_used: 2
index,index2,cosdist[index][index2],thresholdtopk[index]: 2 3 0.9684307861019984 0.7942065223408068
model_id_of_model2_used: 3
index,index2,cosdist[index][index2],thresholdtopk[index]: 2 4 0.9647758552003795 0.7942065223408068
model_id_of_model2_used: 4
model_num of model 2 used
-- 5 --
index,index2,cosdist[index][index2],thresholdtopk[index]: 3 0 0.9302791405056239 0.8168800231820599
model_id_of_model3_used: 0
index,index2,cosdist[index][index2],thresholdtopk[index]: 3 1 0.9459926437783426 0.8168800231820599
model_id_of_model3_used: 1
index,index2,cosdist[index][index2],thresholdtopk[index]: 3 2 0.9684307861019984 0.8168800231820599
model_id_of_model3_used: 2
index,index2,cosdist[index][index2],thresholdtopk[index]: 3 3 1 0.8168800231820599
model_id_of_model3_used: 3
index,index2,cosdist[index][index2],thresholdtopk[index]: 3 4 0.9835152824846345 0.8168800231820599
model_id_of_model3_used: 4
model_num of model 3 used
-- 5 --
index,index2,cosdist[index][index2],thresholdtopk[index]: 4 0 0.9251418891198522 0.7929473086165065
model_id_of_model4_used: 0
index,index2,cosdist[index][index2],thresholdtopk[index]: 4 1 0.9386497414601804 0.7929473086165065
model_id_of_model4_used: 1
index,index2,cosdist[index][index2],thresholdtopk[index]: 4 2 0.9647758552003795 0.7929473086165065
model_id_of_model4_used: 2
index,index2,cosdist[index][index2],thresholdtopk[index]: 4 3 0.9835152824846345 0.7929473086165065
model_id_of_model4_used: 3
index,index2,cosdist[index][index2],thresholdtopk[index]: 4 4 1 0.7929473086165065
model_id_of_model4_used: 4
model_num of model 4 used
-- 5 --
index,index2,cosdist[index][index2],thresholdtopk[index]: 5 5 1 0.7971403375041913
model_id_of_model5_used: 5
index,index2,cosdist[index][index2],thresholdtopk[index]: 5 6 0.989306843320943 0.7971403375041913
model_id_of_model5_used: 6
index,index2,cosdist[index][index2],thresholdtopk[index]: 5 7 0.9827729354621526 0.7971403375041913
model_id_of_model5_used: 7
index,index2,cosdist[index][index2],thresholdtopk[index]: 5 8 0.974668766220097 0.7971403375041913
model_id_of_model5_used: 8
index,index2,cosdist[index][index2],thresholdtopk[index]: 5 9 0.9893930540431443 0.7971403375041913
model_id_of_model5_used: 9
model_num of model 5 used
-- 5 --
index,index2,cosdist[index][index2],thresholdtopk[index]: 6 5 0.989306843320943 0.796630443106416
model_id_of_model6_used: 5
index,index2,cosdist[index][index2],thresholdtopk[index]: 6 6 1 0.796630443106416
model_id_of_model6_used: 6
index,index2,cosdist[index][index2],thresholdtopk[index]: 6 7 0.9810260256821043 0.796630443106416
model_id_of_model6_used: 7
index,index2,cosdist[index][index2],thresholdtopk[index]: 6 8 0.9792180459810617 0.796630443106416
model_id_of_model6_used: 8
index,index2,cosdist[index][index2],thresholdtopk[index]: 6 9 0.9890308427857318 0.796630443106416
model_id_of_model6_used: 9
model_num of model 6 used
-- 5 --
index,index2,cosdist[index][index2],thresholdtopk[index]: 7 5 0.9827729354621526 0.8110919458284804
model_id_of_model7_used: 5
index,index2,cosdist[index][index2],thresholdtopk[index]: 7 6 0.9810260256821043 0.8110919458284804
model_id_of_model7_used: 6
index,index2,cosdist[index][index2],thresholdtopk[index]: 7 7 1 0.8110919458284804
model_id_of_model7_used: 7
index,index2,cosdist[index][index2],thresholdtopk[index]: 7 8 0.9840068744341495 0.8110919458284804
model_id_of_model7_used: 8
index,index2,cosdist[index][index2],thresholdtopk[index]: 7 9 0.9846031467473709 0.8110919458284804
model_id_of_model7_used: 9
model_num of model 7 used
-- 5 --
index,index2,cosdist[index][index2],thresholdtopk[index]: 8 5 0.974668766220097 0.8168800231820599
model_id_of_model8_used: 5
index,index2,cosdist[index][index2],thresholdtopk[index]: 8 6 0.9792180459810617 0.8168800231820599
model_id_of_model8_used: 6
index,index2,cosdist[index][index2],thresholdtopk[index]: 8 7 0.9840068744341495 0.8168800231820599
model_id_of_model8_used: 7
index,index2,cosdist[index][index2],thresholdtopk[index]: 8 8 1 0.8168800231820599
model_id_of_model8_used: 8
index,index2,cosdist[index][index2],thresholdtopk[index]: 8 9 0.9847927438920798 0.8168800231820599
model_id_of_model8_used: 9
model_num of model 8 used
-- 5 --
index,index2,cosdist[index][index2],thresholdtopk[index]: 9 5 0.9893930540431443 0.7921254825264183
model_id_of_model9_used: 5
index,index2,cosdist[index][index2],thresholdtopk[index]: 9 6 0.9890308427857318 0.7921254825264183
model_id_of_model9_used: 6
index,index2,cosdist[index][index2],thresholdtopk[index]: 9 7 0.9846031467473709 0.7921254825264183
model_id_of_model9_used: 7
index,index2,cosdist[index][index2],thresholdtopk[index]: 9 8 0.9847927438920798 0.7921254825264183
model_id_of_model9_used: 8
index,index2,cosdist[index][index2],thresholdtopk[index]: 9 9 1 0.7921254825264183
model_id_of_model9_used: 9
model_num of model 9 used
-- 5 --
test performance ... 
model 0 use private_data_1 test
0.898936170212766
model 1 use private_data_1 test
0.9261968085106383
model 2 use private_data_1 test
0.844636525245423
model 3 use private_data_1 test
0.9226507094312222
model 4 use private_data_1 test
0.926529255319149
model 5 use private_data_2 test
0.9203235817716476
model 6 use private_data_2 test
0.918218085106383
model 7 use private_data_2 test
0.8570478723404256
model 8 use private_data_2 test
0.7783687945376051
model 9 use private_data_2 test
0.8902925531914894
updates models ...
model 0 starting alignment with public logits... 
model 0 done alignment
model 0 starting training with private data... 
model 0 done private training. 

model 1 starting alignment with public logits... 
model 1 done alignment
model 1 starting training with private data... 
model 1 done private training. 

model 2 starting alignment with public logits... 
model 2 done alignment
model 2 starting training with private data... 
model 2 done private training. 

model 3 starting alignment with public logits... 
model 3 done alignment
model 3 starting training with private data... 
model 3 done private training. 

model 4 starting alignment with public logits... 
model 4 done alignment
model 4 starting training with private data... 
model 4 done private training. 

model 5 starting alignment with public logits... 
model 5 done alignment
model 5 starting training with private data... 
model 5 done private training. 

model 6 starting alignment with public logits... 
model 6 done alignment
model 6 starting training with private data... 
model 6 done private training. 

model 7 starting alignment with public logits... 
model 7 done alignment
model 7 starting training with private data... 
model 7 done private training. 

model 8 starting alignment with public logits... 
model 8 done alignment
model 8 starting training with private data... 
model 8 done private training. 

model 9 starting alignment with public logits... 
model 9 done alignment
model 9 starting training with private data... 
model 9 done private training. 

round  1
update logits ... 
cosdist:
[[1, 0.9973228961540987, 0.9922043498686682, 0.993100116725438, 0.9940171525121663, 0.9845561932783182, 0.9850557578133228, 0.9871295302875541, 0.9867872610619552, 0.986947114226319], [0.9973228961540987, 1, 0.9926711197606966, 0.9927278830955062, 0.9947207243461594, 0.9823627261352627, 0.9820616763723505, 0.9836377038860307, 0.9838919107578714, 0.9843517786695767], [0.9922043498686682, 0.9926711197606966, 1, 0.9946475348690174, 0.9953712677283982, 0.9814843881008126, 0.9813272130060674, 0.9834119226986386, 0.9841821554035729, 0.9836786134851752], [0.993100116725438, 0.9927278830955062, 0.9946475348690174, 1, 0.9961141216377434, 0.9851944500140244, 0.9846138070083872, 0.9857656035912045, 0.9869672142036876, 0.9862964087809645], [0.9940171525121663, 0.9947207243461594, 0.9953712677283982, 0.9961141216377434, 1, 0.98301475860579, 0.9822423199928274, 0.9840157513820503, 0.9842520150187672, 0.9844031041989809], [0.9845561932783182, 0.9823627261352627, 0.9814843881008126, 0.9851944500140244, 0.98301475860579, 1, 0.9979550762612769, 0.9964431624856387, 0.994117601774439, 0.9972727696118826], [0.9850557578133228, 0.9820616763723505, 0.9813272130060674, 0.9846138070083872, 0.9822423199928274, 0.9979550762612769, 1, 0.997293524907857, 0.9935968094454987, 0.998124821744894], [0.9871295302875541, 0.9836377038860307, 0.9834119226986386, 0.9857656035912045, 0.9840157513820503, 0.9964431624856387, 0.997293524907857, 1, 0.9947161199027579, 0.9974186366858272], [0.9867872610619552, 0.9838919107578714, 0.9841821554035729, 0.9869672142036876, 0.9842520150187672, 0.994117601774439, 0.9935968094454987, 0.9947161199027579, 1, 0.993884737465845], [0.986947114226319, 0.9843517786695767, 0.9836786134851752, 0.9862964087809645, 0.9844031041989809, 0.9972727696118826, 0.998124821744894, 0.9974186366858272, 0.993884737465845, 1]]
thresholdtopk: [0.9871295302875541, 0.9843517786695767, 0.9841821554035729, 0.9869672142036876, 0.9844031041989809, 0.9851944500140244, 0.9850557578133228, 0.9871295302875541, 0.9869672142036876, 0.986947114226319]
index,index2,cosdist[index][index2],thresholdtopk[index]: 0 0 1 0.9871295302875541
model_id_of_model0_used: 0
index,index2,cosdist[index][index2],thresholdtopk[index]: 0 1 0.9973228961540987 0.9871295302875541
model_id_of_model0_used: 1
index,index2,cosdist[index][index2],thresholdtopk[index]: 0 2 0.9922043498686682 0.9871295302875541
model_id_of_model0_used: 2
index,index2,cosdist[index][index2],thresholdtopk[index]: 0 3 0.993100116725438 0.9871295302875541
model_id_of_model0_used: 3
index,index2,cosdist[index][index2],thresholdtopk[index]: 0 4 0.9940171525121663 0.9871295302875541
model_id_of_model0_used: 4
model_num of model 0 used
-- 5 --
index,index2,cosdist[index][index2],thresholdtopk[index]: 1 0 0.9973228961540987 0.9843517786695767
model_id_of_model1_used: 0
index,index2,cosdist[index][index2],thresholdtopk[index]: 1 1 1 0.9843517786695767
model_id_of_model1_used: 1
index,index2,cosdist[index][index2],thresholdtopk[index]: 1 2 0.9926711197606966 0.9843517786695767
model_id_of_model1_used: 2
index,index2,cosdist[index][index2],thresholdtopk[index]: 1 3 0.9927278830955062 0.9843517786695767
model_id_of_model1_used: 3
index,index2,cosdist[index][index2],thresholdtopk[index]: 1 4 0.9947207243461594 0.9843517786695767
model_id_of_model1_used: 4
model_num of model 1 used
-- 5 --
index,index2,cosdist[index][index2],thresholdtopk[index]: 2 0 0.9922043498686682 0.9841821554035729
model_id_of_model2_used: 0
index,index2,cosdist[index][index2],thresholdtopk[index]: 2 1 0.9926711197606966 0.9841821554035729
model_id_of_model2_used: 1
index,index2,cosdist[index][index2],thresholdtopk[index]: 2 2 1 0.9841821554035729
model_id_of_model2_used: 2
index,index2,cosdist[index][index2],thresholdtopk[index]: 2 3 0.9946475348690174 0.9841821554035729
model_id_of_model2_used: 3
index,index2,cosdist[index][index2],thresholdtopk[index]: 2 4 0.9953712677283982 0.9841821554035729
model_id_of_model2_used: 4
model_num of model 2 used
-- 5 --
index,index2,cosdist[index][index2],thresholdtopk[index]: 3 0 0.993100116725438 0.9869672142036876
model_id_of_model3_used: 0
index,index2,cosdist[index][index2],thresholdtopk[index]: 3 1 0.9927278830955062 0.9869672142036876
model_id_of_model3_used: 1
index,index2,cosdist[index][index2],thresholdtopk[index]: 3 2 0.9946475348690174 0.9869672142036876
model_id_of_model3_used: 2
index,index2,cosdist[index][index2],thresholdtopk[index]: 3 3 1 0.9869672142036876
model_id_of_model3_used: 3
index,index2,cosdist[index][index2],thresholdtopk[index]: 3 4 0.9961141216377434 0.9869672142036876
model_id_of_model3_used: 4
model_num of model 3 used
-- 5 --
index,index2,cosdist[index][index2],thresholdtopk[index]: 4 0 0.9940171525121663 0.9844031041989809
model_id_of_model4_used: 0
index,index2,cosdist[index][index2],thresholdtopk[index]: 4 1 0.9947207243461594 0.9844031041989809
model_id_of_model4_used: 1
index,index2,cosdist[index][index2],thresholdtopk[index]: 4 2 0.9953712677283982 0.9844031041989809
model_id_of_model4_used: 2
index,index2,cosdist[index][index2],thresholdtopk[index]: 4 3 0.9961141216377434 0.9844031041989809
model_id_of_model4_used: 3
index,index2,cosdist[index][index2],thresholdtopk[index]: 4 4 1 0.9844031041989809
model_id_of_model4_used: 4
model_num of model 4 used
-- 5 --
index,index2,cosdist[index][index2],thresholdtopk[index]: 5 5 1 0.9851944500140244
model_id_of_model5_used: 5
index,index2,cosdist[index][index2],thresholdtopk[index]: 5 6 0.9979550762612769 0.9851944500140244
model_id_of_model5_used: 6
index,index2,cosdist[index][index2],thresholdtopk[index]: 5 7 0.9964431624856387 0.9851944500140244
model_id_of_model5_used: 7
index,index2,cosdist[index][index2],thresholdtopk[index]: 5 8 0.994117601774439 0.9851944500140244
model_id_of_model5_used: 8
index,index2,cosdist[index][index2],thresholdtopk[index]: 5 9 0.9972727696118826 0.9851944500140244
model_id_of_model5_used: 9
model_num of model 5 used
-- 5 --
index,index2,cosdist[index][index2],thresholdtopk[index]: 6 5 0.9979550762612769 0.9850557578133228
model_id_of_model6_used: 5
index,index2,cosdist[index][index2],thresholdtopk[index]: 6 6 1 0.9850557578133228
model_id_of_model6_used: 6
index,index2,cosdist[index][index2],thresholdtopk[index]: 6 7 0.997293524907857 0.9850557578133228
model_id_of_model6_used: 7
index,index2,cosdist[index][index2],thresholdtopk[index]: 6 8 0.9935968094454987 0.9850557578133228
model_id_of_model6_used: 8
index,index2,cosdist[index][index2],thresholdtopk[index]: 6 9 0.998124821744894 0.9850557578133228
model_id_of_model6_used: 9
model_num of model 6 used
-- 5 --
index,index2,cosdist[index][index2],thresholdtopk[index]: 7 5 0.9964431624856387 0.9871295302875541
model_id_of_model7_used: 5
index,index2,cosdist[index][index2],thresholdtopk[index]: 7 6 0.997293524907857 0.9871295302875541
model_id_of_model7_used: 6
index,index2,cosdist[index][index2],thresholdtopk[index]: 7 7 1 0.9871295302875541
model_id_of_model7_used: 7
index,index2,cosdist[index][index2],thresholdtopk[index]: 7 8 0.9947161199027579 0.9871295302875541
model_id_of_model7_used: 8
index,index2,cosdist[index][index2],thresholdtopk[index]: 7 9 0.9974186366858272 0.9871295302875541
model_id_of_model7_used: 9
model_num of model 7 used
-- 5 --
index,index2,cosdist[index][index2],thresholdtopk[index]: 8 5 0.994117601774439 0.9869672142036876
model_id_of_model8_used: 5
index,index2,cosdist[index][index2],thresholdtopk[index]: 8 6 0.9935968094454987 0.9869672142036876
model_id_of_model8_used: 6
index,index2,cosdist[index][index2],thresholdtopk[index]: 8 7 0.9947161199027579 0.9869672142036876
model_id_of_model8_used: 7
index,index2,cosdist[index][index2],thresholdtopk[index]: 8 8 1 0.9869672142036876
model_id_of_model8_used: 8
index,index2,cosdist[index][index2],thresholdtopk[index]: 8 9 0.993884737465845 0.9869672142036876
model_id_of_model8_used: 9
model_num of model 8 used
-- 5 --
index,index2,cosdist[index][index2],thresholdtopk[index]: 9 5 0.9972727696118826 0.986947114226319
model_id_of_model9_used: 5
index,index2,cosdist[index][index2],thresholdtopk[index]: 9 6 0.998124821744894 0.986947114226319
model_id_of_model9_used: 6
index,index2,cosdist[index][index2],thresholdtopk[index]: 9 7 0.9974186366858272 0.986947114226319
model_id_of_model9_used: 7
index,index2,cosdist[index][index2],thresholdtopk[index]: 9 8 0.993884737465845 0.986947114226319
model_id_of_model9_used: 8
index,index2,cosdist[index][index2],thresholdtopk[index]: 9 9 1 0.986947114226319
model_id_of_model9_used: 9
model_num of model 9 used
-- 5 --
test performance ... 
model 0 use private_data_1 test
0.8568262413461157
model 1 use private_data_1 test
0.9269725179418604
model 2 use private_data_1 test
0.8384308510638298
model 3 use private_data_1 test
0.9112367021276596
model 4 use private_data_1 test
0.9212101063829787
model 5 use private_data_2 test
0.8578235817716476
model 6 use private_data_2 test
0.8393173763092528
model 7 use private_data_2 test
0.882424645601435
model 8 use private_data_2 test
0.805186170212766
model 9 use private_data_2 test
0.882313829787234
updates models ...
model 0 starting alignment with public logits... 
model 0 done alignment
model 0 starting training with private data... 
model 0 done private training. 

model 1 starting alignment with public logits... 
model 1 done alignment
model 1 starting training with private data... 
model 1 done private training. 

model 2 starting alignment with public logits... 
model 2 done alignment
model 2 starting training with private data... 
model 2 done private training. 

model 3 starting alignment with public logits... 
model 3 done alignment
model 3 starting training with private data... 
model 3 done private training. 

model 4 starting alignment with public logits... 
model 4 done alignment
model 4 starting training with private data... 
model 4 done private training. 

model 5 starting alignment with public logits... 
model 5 done alignment
model 5 starting training with private data... 
model 5 done private training. 

model 6 starting alignment with public logits... 
model 6 done alignment
model 6 starting training with private data... 
model 6 done private training. 

model 7 starting alignment with public logits... 
model 7 done alignment
model 7 starting training with private data... 
model 7 done private training. 

model 8 starting alignment with public logits... 
model 8 done alignment
model 8 starting training with private data... 
model 8 done private training. 

model 9 starting alignment with public logits... 
model 9 done alignment
model 9 starting training with private data... 
model 9 done private training. 

round  2
update logits ... 
cosdist:
[[1, 0.9978409932414588, 0.9972526661318307, 0.9973738887597311, 0.9972987320066684, 0.991817701768246, 0.9922956019562663, 0.9933725217253105, 0.9962848991995028, 0.9930547065037674], [0.9978409932414588, 1, 0.9983131023678079, 0.9972741870964072, 0.9972015799207722, 0.9909187536319224, 0.9910099656375312, 0.9919534201917469, 0.9950856213120288, 0.9914896226044422], [0.9972526661318307, 0.9983131023678079, 1, 0.9976889251474407, 0.9968427214051403, 0.990196690570113, 0.9904119400025962, 0.9916541811608408, 0.9948070687340343, 0.9911462226070169], [0.9973738887597311, 0.9972741870964072, 0.9976889251474407, 1, 0.9985389443772248, 0.9916354536181868, 0.9917830223168969, 0.9931154473066836, 0.9953737816969814, 0.9922820001964675], [0.9972987320066684, 0.9972015799207722, 0.9968427214051403, 0.9985389443772248, 1, 0.991124201546666, 0.991319959470323, 0.992680216114331, 0.9950224059565564, 0.9916437972739239], [0.991817701768246, 0.9909187536319224, 0.990196690570113, 0.9916354536181868, 0.991124201546666, 1, 0.9984548384872104, 0.9985414247427511, 0.9957259424582157, 0.9985315276115855], [0.9922956019562663, 0.9910099656375312, 0.9904119400025962, 0.9917830223168969, 0.991319959470323, 0.9984548384872104, 1, 0.9979257626352322, 0.9969124159873807, 0.998465468130919], [0.9933725217253105, 0.9919534201917469, 0.9916541811608408, 0.9931154473066836, 0.992680216114331, 0.9985414247427511, 0.9979257626352322, 1, 0.9974770357446372, 0.9991094747905862], [0.9962848991995028, 0.9950856213120288, 0.9948070687340343, 0.9953737816969814, 0.9950224059565564, 0.9957259424582157, 0.9969124159873807, 0.9974770357446372, 1, 0.9972967851245151], [0.9930547065037674, 0.9914896226044422, 0.9911462226070169, 0.9922820001964675, 0.9916437972739239, 0.9985315276115855, 0.998465468130919, 0.9991094747905862, 0.9972967851245151, 1]]
thresholdtopk: [0.9962848991995028, 0.9950856213120288, 0.9948070687340343, 0.9953737816969814, 0.9950224059565564, 0.991817701768246, 0.9922956019562663, 0.9933725217253105, 0.9957259424582157, 0.9930547065037674]
index,index2,cosdist[index][index2],thresholdtopk[index]: 0 0 1 0.9962848991995028
model_id_of_model0_used: 0
index,index2,cosdist[index][index2],thresholdtopk[index]: 0 1 0.9978409932414588 0.9962848991995028
model_id_of_model0_used: 1
index,index2,cosdist[index][index2],thresholdtopk[index]: 0 2 0.9972526661318307 0.9962848991995028
model_id_of_model0_used: 2
index,index2,cosdist[index][index2],thresholdtopk[index]: 0 3 0.9973738887597311 0.9962848991995028
model_id_of_model0_used: 3
index,index2,cosdist[index][index2],thresholdtopk[index]: 0 4 0.9972987320066684 0.9962848991995028
model_id_of_model0_used: 4
model_num of model 0 used
-- 5 --
index,index2,cosdist[index][index2],thresholdtopk[index]: 1 0 0.9978409932414588 0.9950856213120288
model_id_of_model1_used: 0
index,index2,cosdist[index][index2],thresholdtopk[index]: 1 1 1 0.9950856213120288
model_id_of_model1_used: 1
index,index2,cosdist[index][index2],thresholdtopk[index]: 1 2 0.9983131023678079 0.9950856213120288
model_id_of_model1_used: 2
index,index2,cosdist[index][index2],thresholdtopk[index]: 1 3 0.9972741870964072 0.9950856213120288
model_id_of_model1_used: 3
index,index2,cosdist[index][index2],thresholdtopk[index]: 1 4 0.9972015799207722 0.9950856213120288
model_id_of_model1_used: 4
model_num of model 1 used
-- 5 --
index,index2,cosdist[index][index2],thresholdtopk[index]: 2 0 0.9972526661318307 0.9948070687340343
model_id_of_model2_used: 0
index,index2,cosdist[index][index2],thresholdtopk[index]: 2 1 0.9983131023678079 0.9948070687340343
model_id_of_model2_used: 1
index,index2,cosdist[index][index2],thresholdtopk[index]: 2 2 1 0.9948070687340343
model_id_of_model2_used: 2
index,index2,cosdist[index][index2],thresholdtopk[index]: 2 3 0.9976889251474407 0.9948070687340343
model_id_of_model2_used: 3
index,index2,cosdist[index][index2],thresholdtopk[index]: 2 4 0.9968427214051403 0.9948070687340343
model_id_of_model2_used: 4
model_num of model 2 used
-- 5 --
index,index2,cosdist[index][index2],thresholdtopk[index]: 3 0 0.9973738887597311 0.9953737816969814
model_id_of_model3_used: 0
index,index2,cosdist[index][index2],thresholdtopk[index]: 3 1 0.9972741870964072 0.9953737816969814
model_id_of_model3_used: 1
index,index2,cosdist[index][index2],thresholdtopk[index]: 3 2 0.9976889251474407 0.9953737816969814
model_id_of_model3_used: 2
index,index2,cosdist[index][index2],thresholdtopk[index]: 3 3 1 0.9953737816969814
model_id_of_model3_used: 3
index,index2,cosdist[index][index2],thresholdtopk[index]: 3 4 0.9985389443772248 0.9953737816969814
model_id_of_model3_used: 4
model_num of model 3 used
-- 5 --
index,index2,cosdist[index][index2],thresholdtopk[index]: 4 0 0.9972987320066684 0.9950224059565564
model_id_of_model4_used: 0
index,index2,cosdist[index][index2],thresholdtopk[index]: 4 1 0.9972015799207722 0.9950224059565564
model_id_of_model4_used: 1
index,index2,cosdist[index][index2],thresholdtopk[index]: 4 2 0.9968427214051403 0.9950224059565564
model_id_of_model4_used: 2
index,index2,cosdist[index][index2],thresholdtopk[index]: 4 3 0.9985389443772248 0.9950224059565564
model_id_of_model4_used: 3
index,index2,cosdist[index][index2],thresholdtopk[index]: 4 4 1 0.9950224059565564
model_id_of_model4_used: 4
model_num of model 4 used
-- 5 --
index,index2,cosdist[index][index2],thresholdtopk[index]: 5 5 1 0.991817701768246
model_id_of_model5_used: 5
index,index2,cosdist[index][index2],thresholdtopk[index]: 5 6 0.9984548384872104 0.991817701768246
model_id_of_model5_used: 6
index,index2,cosdist[index][index2],thresholdtopk[index]: 5 7 0.9985414247427511 0.991817701768246
model_id_of_model5_used: 7
index,index2,cosdist[index][index2],thresholdtopk[index]: 5 8 0.9957259424582157 0.991817701768246
model_id_of_model5_used: 8
index,index2,cosdist[index][index2],thresholdtopk[index]: 5 9 0.9985315276115855 0.991817701768246
model_id_of_model5_used: 9
model_num of model 5 used
-- 5 --
index,index2,cosdist[index][index2],thresholdtopk[index]: 6 5 0.9984548384872104 0.9922956019562663
model_id_of_model6_used: 5
index,index2,cosdist[index][index2],thresholdtopk[index]: 6 6 1 0.9922956019562663
model_id_of_model6_used: 6
index,index2,cosdist[index][index2],thresholdtopk[index]: 6 7 0.9979257626352322 0.9922956019562663
model_id_of_model6_used: 7
index,index2,cosdist[index][index2],thresholdtopk[index]: 6 8 0.9969124159873807 0.9922956019562663
model_id_of_model6_used: 8
index,index2,cosdist[index][index2],thresholdtopk[index]: 6 9 0.998465468130919 0.9922956019562663
model_id_of_model6_used: 9
model_num of model 6 used
-- 5 --
index,index2,cosdist[index][index2],thresholdtopk[index]: 7 5 0.9985414247427511 0.9933725217253105
model_id_of_model7_used: 5
index,index2,cosdist[index][index2],thresholdtopk[index]: 7 6 0.9979257626352322 0.9933725217253105
model_id_of_model7_used: 6
index,index2,cosdist[index][index2],thresholdtopk[index]: 7 7 1 0.9933725217253105
model_id_of_model7_used: 7
index,index2,cosdist[index][index2],thresholdtopk[index]: 7 8 0.9974770357446372 0.9933725217253105
model_id_of_model7_used: 8
index,index2,cosdist[index][index2],thresholdtopk[index]: 7 9 0.9991094747905862 0.9933725217253105
model_id_of_model7_used: 9
model_num of model 7 used
-- 5 --
index,index2,cosdist[index][index2],thresholdtopk[index]: 8 0 0.9962848991995028 0.9957259424582157
model_id_of_model8_used: 0
index,index2,cosdist[index][index2],thresholdtopk[index]: 8 6 0.9969124159873807 0.9957259424582157
model_id_of_model8_used: 6
index,index2,cosdist[index][index2],thresholdtopk[index]: 8 7 0.9974770357446372 0.9957259424582157
model_id_of_model8_used: 7
index,index2,cosdist[index][index2],thresholdtopk[index]: 8 8 1 0.9957259424582157
model_id_of_model8_used: 8
index,index2,cosdist[index][index2],thresholdtopk[index]: 8 9 0.9972967851245151 0.9957259424582157
model_id_of_model8_used: 9
model_num of model 8 used
-- 5 --
index,index2,cosdist[index][index2],thresholdtopk[index]: 9 5 0.9985315276115855 0.9930547065037674
model_id_of_model9_used: 5
index,index2,cosdist[index][index2],thresholdtopk[index]: 9 6 0.998465468130919 0.9930547065037674
model_id_of_model9_used: 6
index,index2,cosdist[index][index2],thresholdtopk[index]: 9 7 0.9991094747905862 0.9930547065037674
model_id_of_model9_used: 7
index,index2,cosdist[index][index2],thresholdtopk[index]: 9 8 0.9972967851245151 0.9930547065037674
model_id_of_model9_used: 8
index,index2,cosdist[index][index2],thresholdtopk[index]: 9 9 1 0.9930547065037674
model_id_of_model9_used: 9
model_num of model 9 used
-- 5 --
test performance ... 
model 0 use private_data_1 test
0.8825354614156358
model 1 use private_data_1 test
0.9304078018411677
model 2 use private_data_1 test
0.8901817380113805
model 3 use private_data_1 test
0.9078014188624443
model 4 use private_data_1 test
0.9371675531914894
model 5 use private_data_2 test
0.9194370571603167
model 6 use private_data_2 test
0.9131205677986145
model 7 use private_data_2 test
0.8182624115588817
model 8 use private_data_2 test
0.8642508869475507
model 9 use private_data_2 test
0.8498448583673923
updates models ...
model 0 starting alignment with public logits... 
model 0 done alignment
model 0 starting training with private data... 
model 0 done private training. 

model 1 starting alignment with public logits... 
model 1 done alignment
model 1 starting training with private data... 
model 1 done private training. 

model 2 starting alignment with public logits... 
model 2 done alignment
model 2 starting training with private data... 
model 2 done private training. 

model 3 starting alignment with public logits... 
model 3 done alignment
model 3 starting training with private data... 
model 3 done private training. 

model 4 starting alignment with public logits... 
model 4 done alignment
model 4 starting training with private data... 
model 4 done private training. 

model 5 starting alignment with public logits... 
model 5 done alignment
model 5 starting training with private data... 
model 5 done private training. 

model 6 starting alignment with public logits... 
model 6 done alignment
model 6 starting training with private data... 
model 6 done private training. 

model 7 starting alignment with public logits... 
model 7 done alignment
model 7 starting training with private data... 
model 7 done private training. 

model 8 starting alignment with public logits... 
model 8 done alignment
model 8 starting training with private data... 
model 8 done private training. 

model 9 starting alignment with public logits... 
model 9 done alignment
model 9 starting training with private data... 
model 9 done private training. 

round  3
update logits ... 
cosdist:
[[1, 0.9993338560045841, 0.998924944614388, 0.9987488411815213, 0.9977218095157118, 0.997497872190763, 0.9965705159200073, 0.9967255574217313, 0.9963751575741955, 0.9954998368374349], [0.9993338560045841, 1, 0.9990338472292097, 0.9987392370897135, 0.997394347297438, 0.9972576196987233, 0.9968492614014721, 0.9969288925316245, 0.9966638054916888, 0.9958391758183792], [0.998924944614388, 0.9990338472292097, 1, 0.9990710666973719, 0.9982542647112144, 0.9964931098182701, 0.9958724442147816, 0.9961463639074482, 0.9959912582011251, 0.9947910153744661], [0.9987488411815213, 0.9987392370897135, 0.9990710666973719, 1, 0.99857627742041, 0.9965769792876013, 0.9958465902868148, 0.9961342769265371, 0.995794526576631, 0.9947855532490832], [0.9977218095157118, 0.997394347297438, 0.9982542647112144, 0.99857627742041, 1, 0.9945648010981741, 0.9932861162247617, 0.9935370528384508, 0.9934684732761566, 0.9919531743697423], [0.997497872190763, 0.9972576196987233, 0.9964931098182701, 0.9965769792876013, 0.9945648010981741, 1, 0.9986908494961938, 0.9986902977960264, 0.9980972894385771, 0.9981699048461797], [0.9965705159200073, 0.9968492614014721, 0.9958724442147816, 0.9958465902868148, 0.9932861162247617, 0.9986908494961938, 1, 0.9993271346806182, 0.9992119111959068, 0.9994562074204091], [0.9967255574217313, 0.9969288925316245, 0.9961463639074482, 0.9961342769265371, 0.9935370528384508, 0.9986902977960264, 0.9993271346806182, 1, 0.9991081093014613, 0.9990328158776338], [0.9963751575741955, 0.9966638054916888, 0.9959912582011251, 0.995794526576631, 0.9934684732761566, 0.9980972894385771, 0.9992119111959068, 0.9991081093014613, 1, 0.9990630809699693], [0.9954998368374349, 0.9958391758183792, 0.9947910153744661, 0.9947855532490832, 0.9919531743697423, 0.9981699048461797, 0.9994562074204091, 0.9990328158776338, 0.9990630809699693, 1]]
thresholdtopk: [0.997497872190763, 0.9972576196987233, 0.9964931098182701, 0.9965769792876013, 0.9945648010981741, 0.997497872190763, 0.9968492614014721, 0.9969288925316245, 0.9966638054916888, 0.9958391758183792]
index,index2,cosdist[index][index2],thresholdtopk[index]: 0 0 1 0.997497872190763
model_id_of_model0_used: 0
index,index2,cosdist[index][index2],thresholdtopk[index]: 0 1 0.9993338560045841 0.997497872190763
model_id_of_model0_used: 1
index,index2,cosdist[index][index2],thresholdtopk[index]: 0 2 0.998924944614388 0.997497872190763
model_id_of_model0_used: 2
index,index2,cosdist[index][index2],thresholdtopk[index]: 0 3 0.9987488411815213 0.997497872190763
model_id_of_model0_used: 3
index,index2,cosdist[index][index2],thresholdtopk[index]: 0 4 0.9977218095157118 0.997497872190763
model_id_of_model0_used: 4
model_num of model 0 used
-- 5 --
index,index2,cosdist[index][index2],thresholdtopk[index]: 1 0 0.9993338560045841 0.9972576196987233
model_id_of_model1_used: 0
index,index2,cosdist[index][index2],thresholdtopk[index]: 1 1 1 0.9972576196987233
model_id_of_model1_used: 1
index,index2,cosdist[index][index2],thresholdtopk[index]: 1 2 0.9990338472292097 0.9972576196987233
model_id_of_model1_used: 2
index,index2,cosdist[index][index2],thresholdtopk[index]: 1 3 0.9987392370897135 0.9972576196987233
model_id_of_model1_used: 3
index,index2,cosdist[index][index2],thresholdtopk[index]: 1 4 0.997394347297438 0.9972576196987233
model_id_of_model1_used: 4
model_num of model 1 used
-- 5 --
index,index2,cosdist[index][index2],thresholdtopk[index]: 2 0 0.998924944614388 0.9964931098182701
model_id_of_model2_used: 0
index,index2,cosdist[index][index2],thresholdtopk[index]: 2 1 0.9990338472292097 0.9964931098182701
model_id_of_model2_used: 1
index,index2,cosdist[index][index2],thresholdtopk[index]: 2 2 1 0.9964931098182701
model_id_of_model2_used: 2
index,index2,cosdist[index][index2],thresholdtopk[index]: 2 3 0.9990710666973719 0.9964931098182701
model_id_of_model2_used: 3
index,index2,cosdist[index][index2],thresholdtopk[index]: 2 4 0.9982542647112144 0.9964931098182701
model_id_of_model2_used: 4
model_num of model 2 used
-- 5 --
index,index2,cosdist[index][index2],thresholdtopk[index]: 3 0 0.9987488411815213 0.9965769792876013
model_id_of_model3_used: 0
index,index2,cosdist[index][index2],thresholdtopk[index]: 3 1 0.9987392370897135 0.9965769792876013
model_id_of_model3_used: 1
index,index2,cosdist[index][index2],thresholdtopk[index]: 3 2 0.9990710666973719 0.9965769792876013
model_id_of_model3_used: 2
index,index2,cosdist[index][index2],thresholdtopk[index]: 3 3 1 0.9965769792876013
model_id_of_model3_used: 3
index,index2,cosdist[index][index2],thresholdtopk[index]: 3 4 0.99857627742041 0.9965769792876013
model_id_of_model3_used: 4
model_num of model 3 used
-- 5 --
index,index2,cosdist[index][index2],thresholdtopk[index]: 4 0 0.9977218095157118 0.9945648010981741
model_id_of_model4_used: 0
index,index2,cosdist[index][index2],thresholdtopk[index]: 4 1 0.997394347297438 0.9945648010981741
model_id_of_model4_used: 1
index,index2,cosdist[index][index2],thresholdtopk[index]: 4 2 0.9982542647112144 0.9945648010981741
model_id_of_model4_used: 2
index,index2,cosdist[index][index2],thresholdtopk[index]: 4 3 0.99857627742041 0.9945648010981741
model_id_of_model4_used: 3
index,index2,cosdist[index][index2],thresholdtopk[index]: 4 4 1 0.9945648010981741
model_id_of_model4_used: 4
model_num of model 4 used
-- 5 --
index,index2,cosdist[index][index2],thresholdtopk[index]: 5 5 1 0.997497872190763
model_id_of_model5_used: 5
index,index2,cosdist[index][index2],thresholdtopk[index]: 5 6 0.9986908494961938 0.997497872190763
model_id_of_model5_used: 6
index,index2,cosdist[index][index2],thresholdtopk[index]: 5 7 0.9986902977960264 0.997497872190763
model_id_of_model5_used: 7
index,index2,cosdist[index][index2],thresholdtopk[index]: 5 8 0.9980972894385771 0.997497872190763
model_id_of_model5_used: 8
index,index2,cosdist[index][index2],thresholdtopk[index]: 5 9 0.9981699048461797 0.997497872190763
model_id_of_model5_used: 9
model_num of model 5 used
-- 5 --
index,index2,cosdist[index][index2],thresholdtopk[index]: 6 5 0.9986908494961938 0.9968492614014721
model_id_of_model6_used: 5
index,index2,cosdist[index][index2],thresholdtopk[index]: 6 6 1 0.9968492614014721
model_id_of_model6_used: 6
index,index2,cosdist[index][index2],thresholdtopk[index]: 6 7 0.9993271346806182 0.9968492614014721
model_id_of_model6_used: 7
index,index2,cosdist[index][index2],thresholdtopk[index]: 6 8 0.9992119111959068 0.9968492614014721
