Namespace(conf='../conf/My_EMNIST_balance_conf.json', dataset='mnist', gpu=1.0, iid=True, use_pretrained_model=False)
X shape : (60000, 28, 28)
y shape : (60000,)
X shape : (10000, 28, 28)
y shape : (10000,)
19    6000
18    6000
17    6000
16    6000
15    6000
14    6000
13    6000
12    6000
11    6000
10    6000
dtype: int64
============================================================
============================================================
X shape : (10000, 28, 28)
y shape : (10000,)
model 0 : ResNet18_1
model 1 : ResNet34_1
model 2 : mobilenet_1
model 3 : shufflenet_1
model 4 : ResNet18_2
model 5 : ResNet34_2
model 6 : mobilenet_2
model 7 : shufflenet_2
model 8 : ResNet18_3
model 9 : ResNet34_3
model 10 : mobilenet_3
model 11 : shufflenet_3
model 12 : ResNet18_4
model 13 : ResNet34_4
model 14 : mobilenet_4
model 15 : shufflenet_4
model 16 : ResNet18_5
model 17 : ResNet34_5
model 18 : mobilenet_5
model 19 : shufflenet_5
Training model  0
Training model  1
Training model  2
Training model  3
Training model  4
Training model  5
Training model  6
Training model  7
Training model  8
Training model  9
Training model  10
Training model  11
Training model  12
Training model  13
Training model  14
Training model  15
Training model  16
Training model  17
Training model  18
Training model  19
pre-train accuracy: 
[0.9909018987341772, 0.9884295886075949, 0.9885284810126582, 0.9881329113924051, 0.9926819620253164, 0.9904074367088608, 0.9901107594936709, 0.9890229430379747, 0.9927808544303798, 0.9923852848101266, 0.9894185126582279, 0.9895174050632911, 0.9935719936708861, 0.9915941455696202, 0.9901107594936709, 0.9912974683544303, 0.9919897151898734, 0.9904074367088608, 0.9907041139240507, 0.9887262658227848]
publice_dataset[y]: [5 0 4 ... 5 6 8]
calculate the theoretical upper bounds for participants: 
the upper bounds are: [0.7620806709265175, 0.7765575079872205, 0.7108626198083067, 0.7722643769968051, 0.7974241214057508, 0.772064696485623, 0.7469049520766773, 0.7860423322683706, 0.8172923322683706, 0.7862420127795527, 0.7466054313099042, 0.7705670926517572, 0.8057108626198083, 0.8095047923322684, 0.7611821086261981, 0.773861821086262, 0.7889376996805112, 0.7949281150159745, 0.6990814696485623, 0.7439097444089456]
start model initialization: 
finish model initialization: 
round  0
update logits ... 
cosdist:
[[1, 0.802717348385538, 0.7545729058008073, 0.8574951473301418, 0.9069126873592684, 0.7550417667809222, 0.806899612537064, 0.8938371551389503, 0.8592370369202714, 0.8312285866098076, 0.7868387435310272, 0.8533461933654545, 0.8811009459448695, 0.7752644517020564, 0.8330696372225428, 0.8712906393251247, 0.9127995279261778, 0.8328940477090165, 0.7980475508976035, 0.8824318001538984], [0.802717348385538, 1, 0.7767232507236954, 0.7850421533129117, 0.8239129608447613, 0.8552654195695957, 0.7965048289287416, 0.8311470444730225, 0.8659820032586014, 0.8438372020188466, 0.7876066300533502, 0.7864139426218223, 0.8476369913680686, 0.751003628813572, 0.818888244878153, 0.834876849191278, 0.8201754013546206, 0.8375229720182843, 0.759755877362256, 0.8159654211977704], [0.7545729058008073, 0.7767232507236954, 1, 0.7273906014347364, 0.7181613241734188, 0.7537292861130406, 0.9053175442882049, 0.7757217255032941, 0.7349625541766919, 0.8163566389648175, 0.8861989843422953, 0.7264169628409473, 0.7475412150464888, 0.8255011816866272, 0.887602678214717, 0.7643850593953554, 0.7698469326592768, 0.7739231201062238, 0.8528277141883172, 0.7830014981967188], [0.8574951473301418, 0.7850421533129117, 0.7273906014347364, 1, 0.8498535131714275, 0.7492238082933813, 0.7824738231671718, 0.9133697099501432, 0.851428353370848, 0.8138277805445936, 0.7796232701424096, 0.9043545172977232, 0.900795980381295, 0.6757653530365995, 0.7923110947793699, 0.9095310345109672, 0.845086875936967, 0.8109138418945434, 0.7495729194374114, 0.8963298993409337], [0.9069126873592684, 0.8239129608447613, 0.7181613241734188, 0.8498535131714275, 1, 0.7676778762214777, 0.7890396085680831, 0.888716307054754, 0.8756111478069205, 0.8335833115995993, 0.7619459985048502, 0.8533749074181362, 0.8803959332272495, 0.7859506958993036, 0.791355844438463, 0.8565545652199228, 0.8690703210440803, 0.8626234098307293, 0.7628561536707664, 0.850427287805873], [0.7550417667809222, 0.8552654195695957, 0.7537292861130406, 0.7492238082933813, 0.7676778762214777, 1, 0.7641403411046109, 0.7879634998228824, 0.8040813081207343, 0.869977976471159, 0.777334364819545, 0.7621762981701207, 0.7783324115527283, 0.7108067876673129, 0.7786563716720669, 0.7872087171992622, 0.7563474956136843, 0.8197567053956458, 0.7648301194197972, 0.7713954294472537], [0.806899612537064, 0.7965048289287416, 0.9053175442882049, 0.7824738231671718, 0.7890396085680831, 0.7641403411046109, 1, 0.8451347466135744, 0.7848103732450934, 0.8361876533128135, 0.9301512619043093, 0.789184852253296, 0.8158137483694804, 0.845363197191252, 0.9065848339008064, 0.8324885299327106, 0.8357248803268683, 0.8197538497883292, 0.8610885387544895, 0.8351401511779327], [0.8938371551389503, 0.8311470444730225, 0.7757217255032941, 0.9133697099501432, 0.888716307054754, 0.7879634998228824, 0.8451347466135744, 1, 0.8881082689870037, 0.8425914888387918, 0.8092625194048582, 0.8994032018885803, 0.9121124994983631, 0.7530359758481071, 0.8241311125913886, 0.9241506839676505, 0.9018364942309295, 0.8364894168072996, 0.798736423232781, 0.9212675619127696], [0.8592370369202714, 0.8659820032586014, 0.7349625541766919, 0.851428353370848, 0.8756111478069205, 0.8040813081207343, 0.7848103732450934, 0.8881082689870037, 1, 0.829379699939593, 0.7672936572357281, 0.8437447390211866, 0.8859322995085608, 0.7360991643158696, 0.8228936941130206, 0.881571603182365, 0.8747667833753482, 0.8523654080185107, 0.7408091864858448, 0.8681475796546679], [0.8312285866098076, 0.8438372020188466, 0.8163566389648175, 0.8138277805445936, 0.8335833115995993, 0.869977976471159, 0.8361876533128135, 0.8425914888387918, 0.829379699939593, 1, 0.8473494544508623, 0.8291865518703759, 0.8408145092885883, 0.7970703657264223, 0.8293261260163269, 0.8473147463219706, 0.8322678252456976, 0.8638569582728031, 0.7979832536345072, 0.8154495991821994], [0.7868387435310272, 0.7876066300533502, 0.8861989843422953, 0.7796232701424096, 0.7619459985048502, 0.777334364819545, 0.9301512619043093, 0.8092625194048582, 0.7672936572357281, 0.8473494544508623, 1, 0.7887075974205159, 0.8088267223209746, 0.8289437191410991, 0.8845282646698164, 0.8137675148763289, 0.8155117316553683, 0.8462254383008756, 0.8098472988526593, 0.8130530093267775], [0.8533461933654545, 0.7864139426218223, 0.7264169628409473, 0.9043545172977232, 0.8533749074181362, 0.7621762981701207, 0.789184852253296, 0.8994032018885803, 0.8437447390211866, 0.8291865518703759, 0.7887075974205159, 1, 0.8961641808697526, 0.6904257553696684, 0.7740719909880406, 0.9057866576058042, 0.8746738265651137, 0.8194052364006283, 0.7610746124855016, 0.9007496902196243], [0.8811009459448695, 0.8476369913680686, 0.7475412150464888, 0.900795980381295, 0.8803959332272495, 0.7783324115527283, 0.8158137483694804, 0.9121124994983631, 0.8859322995085608, 0.8408145092885883, 0.8088267223209746, 0.8961641808697526, 1, 0.7259265524296399, 0.7919516123716653, 0.9119790303167252, 0.8742419813968691, 0.8272687868630398, 0.7545452434618278, 0.9040317362908391], [0.7752644517020564, 0.751003628813572, 0.8255011816866272, 0.6757653530365995, 0.7859506958993036, 0.7108067876673129, 0.845363197191252, 0.7530359758481071, 0.7360991643158696, 0.7970703657264223, 0.8289437191410991, 0.6904257553696684, 0.7259265524296399, 1, 0.8372594563565225, 0.7264078787219118, 0.8094382047416725, 0.8038422215803303, 0.8113240892040031, 0.7349675302980989], [0.8330696372225428, 0.818888244878153, 0.887602678214717, 0.7923110947793699, 0.791355844438463, 0.7786563716720669, 0.9065848339008064, 0.8241311125913886, 0.8228936941130206, 0.8293261260163269, 0.8845282646698164, 0.7740719909880406, 0.7919516123716653, 0.8372594563565225, 1, 0.8192978384030284, 0.8449962224648041, 0.8444241441467187, 0.8605213193975533, 0.8312348982939234], [0.8712906393251247, 0.834876849191278, 0.7643850593953554, 0.9095310345109672, 0.8565545652199228, 0.7872087171992622, 0.8324885299327106, 0.9241506839676505, 0.881571603182365, 0.8473147463219706, 0.8137675148763289, 0.9057866576058042, 0.9119790303167252, 0.7264078787219118, 0.8192978384030284, 1, 0.8981410965382706, 0.8410288974341353, 0.7785515471703913, 0.925388308729598], [0.9127995279261778, 0.8201754013546206, 0.7698469326592768, 0.845086875936967, 0.8690703210440803, 0.7563474956136843, 0.8357248803268683, 0.9018364942309295, 0.8747667833753482, 0.8322678252456976, 0.8155117316553683, 0.8746738265651137, 0.8742419813968691, 0.8094382047416725, 0.8449962224648041, 0.8981410965382706, 1, 0.8301031662885803, 0.8231591950757746, 0.9021156393820668], [0.8328940477090165, 0.8375229720182843, 0.7739231201062238, 0.8109138418945434, 0.8626234098307293, 0.8197567053956458, 0.8197538497883292, 0.8364894168072996, 0.8523654080185107, 0.8638569582728031, 0.8462254383008756, 0.8194052364006283, 0.8272687868630398, 0.8038422215803303, 0.8444241441467187, 0.8410288974341353, 0.8301031662885803, 1, 0.7654973157394711, 0.8414825537027798], [0.7980475508976035, 0.759755877362256, 0.8528277141883172, 0.7495729194374114, 0.7628561536707664, 0.7648301194197972, 0.8610885387544895, 0.798736423232781, 0.7408091864858448, 0.7979832536345072, 0.8098472988526593, 0.7610746124855016, 0.7545452434618278, 0.8113240892040031, 0.8605213193975533, 0.7785515471703913, 0.8231591950757746, 0.7654973157394711, 1, 0.8068835249937928], [0.8824318001538984, 0.8159654211977704, 0.7830014981967188, 0.8963298993409337, 0.850427287805873, 0.7713954294472537, 0.8351401511779327, 0.9212675619127696, 0.8681475796546679, 0.8154495991821994, 0.8130530093267775, 0.9007496902196243, 0.9040317362908391, 0.7349675302980989, 0.8312348982939234, 0.925388308729598, 0.9021156393820668, 0.8414825537027798, 0.8068835249937928, 1]]
thresholdtopk: [0.8330696372225428, 0.818888244878153, 0.7739231201062238, 0.8138277805445936, 0.8498535131714275, 0.7713954294472537, 0.8324885299327106, 0.8451347466135744, 0.851428353370848, 0.8322678252456976, 0.8098472988526593, 0.8291865518703759, 0.8476369913680686, 0.7752644517020564, 0.8293261260163269, 0.8473147463219706, 0.8449962224648041, 0.8328940477090165, 0.7979832536345072, 0.8414825537027798]
index,index2,cosdist[index][index2],thresholdtopk[index]: 0 0 1 0.8330696372225428
model_id_of_model0_used: 0
model_num of model 0 used
-- 1 --
index,index2,cosdist[index][index2],thresholdtopk[index]: 1 1 1 0.818888244878153
model_id_of_model1_used: 1
model_num of model 1 used
-- 1 --
index,index2,cosdist[index][index2],thresholdtopk[index]: 2 2 1 0.7739231201062238
model_id_of_model2_used: 2
model_num of model 2 used
-- 1 --
index,index2,cosdist[index][index2],thresholdtopk[index]: 3 3 1 0.8138277805445936
model_id_of_model3_used: 3
model_num of model 3 used
-- 1 --
index,index2,cosdist[index][index2],thresholdtopk[index]: 4 4 1 0.8498535131714275
model_id_of_model4_used: 4
model_num of model 4 used
-- 1 --
index,index2,cosdist[index][index2],thresholdtopk[index]: 5 5 1 0.7713954294472537
model_id_of_model5_used: 5
model_num of model 5 used
-- 1 --
index,index2,cosdist[index][index2],thresholdtopk[index]: 6 6 1 0.8324885299327106
model_id_of_model6_used: 6
model_num of model 6 used
-- 1 --
index,index2,cosdist[index][index2],thresholdtopk[index]: 7 7 1 0.8451347466135744
model_id_of_model7_used: 7
model_num of model 7 used
-- 1 --
index,index2,cosdist[index][index2],thresholdtopk[index]: 8 8 1 0.851428353370848
model_id_of_model8_used: 8
model_num of model 8 used
-- 1 --
index,index2,cosdist[index][index2],thresholdtopk[index]: 9 9 1 0.8322678252456976
model_id_of_model9_used: 9
model_num of model 9 used
-- 1 --
index,index2,cosdist[index][index2],thresholdtopk[index]: 10 10 1 0.8098472988526593
model_id_of_model10_used: 10
model_num of model 10 used
-- 1 --
index,index2,cosdist[index][index2],thresholdtopk[index]: 11 11 1 0.8291865518703759
model_id_of_model11_used: 11
model_num of model 11 used
-- 1 --
index,index2,cosdist[index][index2],thresholdtopk[index]: 12 12 1 0.8476369913680686
model_id_of_model12_used: 12
model_num of model 12 used
-- 1 --
index,index2,cosdist[index][index2],thresholdtopk[index]: 13 13 1 0.7752644517020564
model_id_of_model13_used: 13
model_num of model 13 used
-- 1 --
index,index2,cosdist[index][index2],thresholdtopk[index]: 14 14 1 0.8293261260163269
model_id_of_model14_used: 14
model_num of model 14 used
-- 1 --
index,index2,cosdist[index][index2],thresholdtopk[index]: 15 15 1 0.8473147463219706
model_id_of_model15_used: 15
model_num of model 15 used
-- 1 --
index,index2,cosdist[index][index2],thresholdtopk[index]: 16 16 1 0.8449962224648041
model_id_of_model16_used: 16
model_num of model 16 used
-- 1 --
index,index2,cosdist[index][index2],thresholdtopk[index]: 17 17 1 0.8328940477090165
model_id_of_model17_used: 17
model_num of model 17 used
-- 1 --
index,index2,cosdist[index][index2],thresholdtopk[index]: 18 18 1 0.7979832536345072
model_id_of_model18_used: 18
model_num of model 18 used
-- 1 --
index,index2,cosdist[index][index2],thresholdtopk[index]: 19 19 1 0.8414825537027798
model_id_of_model19_used: 19
model_num of model 19 used
-- 1 --
test performance ... 
model 0 use labels test: [19 12 11 ... 18 11 15]
0.2139576677316294
model 1 use labels test: [19 12 11 ... 18 11 15]
0.10283546325878594
model 2 use labels test: [19 12 11 ... 18 11 15]
0.0
model 3 use labels test: [19 12 11 ... 18 11 15]
0.010283546325878594
model 4 use labels test: [19 12 11 ... 18 11 15]
0.12749600638977635
model 5 use labels test: [19 12 11 ... 18 11 15]
0.1542531948881789
model 6 use labels test: [19 12 11 ... 18 11 15]
0.0
model 7 use labels test: [19 12 11 ... 18 11 15]
0.05081869009584664
model 8 use labels test: [19 12 11 ... 18 11 15]
0.3277755591054313
model 9 use labels test: [19 12 11 ... 18 11 15]
0.15834664536741214
model 10 use labels test: [19 12 11 ... 18 11 15]
9.984025559105431e-05
model 11 use labels test: [19 12 11 ... 18 11 15]
0.04672523961661342
model 12 use labels test: [19 12 11 ... 18 11 15]
0.1643370607028754
model 13 use labels test: [19 12 11 ... 18 11 15]
0.19239217252396165
model 14 use labels test: [19 12 11 ... 18 11 15]
0.0
model 15 use labels test: [19 12 11 ... 18 11 15]
0.004193290734824281
model 16 use labels test: [19 12 11 ... 18 11 15]
0.18310702875399362
model 17 use labels test: [19 12 11 ... 18 11 15]
0.18130990415335463
model 18 use labels test: [19 12 11 ... 18 11 15]
0.0
model 19 use labels test: [19 12 11 ... 18 11 15]
0.0005990415335463259
updates models ...
model 0 starting alignment with public logits... 
model 0 done alignment
model 0 starting training with private data... 
model 0 done private training. 

model 1 starting alignment with public logits... 
model 1 done alignment
model 1 starting training with private data... 
model 1 done private training. 

model 2 starting alignment with public logits... 
model 2 done alignment
model 2 starting training with private data... 
model 2 done private training. 

model 3 starting alignment with public logits... 
model 3 done alignment
model 3 starting training with private data... 
model 3 done private training. 

model 4 starting alignment with public logits... 
model 4 done alignment
model 4 starting training with private data... 
model 4 done private training. 

model 5 starting alignment with public logits... 
model 5 done alignment
model 5 starting training with private data... 
model 5 done private training. 

model 6 starting alignment with public logits... 
model 6 done alignment
model 6 starting training with private data... 
model 6 done private training. 

model 7 starting alignment with public logits... 
model 7 done alignment
model 7 starting training with private data... 
model 7 done private training. 

model 8 starting alignment with public logits... 
model 8 done alignment
model 8 starting training with private data... 
model 8 done private training. 

model 9 starting alignment with public logits... 
model 9 done alignment
model 9 starting training with private data... 
model 9 done private training. 

model 10 starting alignment with public logits... 
model 10 done alignment
model 10 starting training with private data... 
model 10 done private training. 

model 11 starting alignment with public logits... 
model 11 done alignment
model 11 starting training with private data... 
model 11 done private training. 

model 12 starting alignment with public logits... 
model 12 done alignment
model 12 starting training with private data... 
model 12 done private training. 

model 13 starting alignment with public logits... 
model 13 done alignment
model 13 starting training with private data... 
model 13 done private training. 

model 14 starting alignment with public logits... 
model 14 done alignment
model 14 starting training with private data... 
model 14 done private training. 

model 15 starting alignment with public logits... 
model 15 done alignment
model 15 starting training with private data... 
model 15 done private training. 

model 16 starting alignment with public logits... 
model 16 done alignment
model 16 starting training with private data... 
model 16 done private training. 

model 17 starting alignment with public logits... 
model 17 done alignment
model 17 starting training with private data... 
model 17 done private training. 

model 18 starting alignment with public logits... 
model 18 done alignment
model 18 starting training with private data... 
model 18 done private training. 

model 19 starting alignment with public logits... 
model 19 done alignment
model 19 starting training with private data... 
model 19 done private training. 

round  1
update logits ... 
cosdist:
[[1, 0.7996510855127461, 0.7876084906757428, 0.8824860775029302, 0.9014076724937381, 0.8001612711427154, 0.7776052914199864, 0.9022971213066475, 0.8733497565174008, 0.861719904698193, 0.7757209697617916, 0.8150724124033746, 0.8425094832482776, 0.8114310966989038, 0.9014682925253273, 0.8457663723271228, 0.8948507132055643, 0.8270823289685006, 0.8272285837766247, 0.8647069351379953], [0.7996510855127461, 1, 0.7918576562354528, 0.758913761312247, 0.7944980595058969, 0.809085804879217, 0.7811972758278111, 0.8410559372786642, 0.8674082553689213, 0.8350006128248573, 0.7881494022941405, 0.7728610216125681, 0.8354304619463775, 0.8268256834485814, 0.8227226799654008, 0.8533276317550736, 0.852843258404255, 0.8519317717686201, 0.7676279170990707, 0.8409927554034506], [0.7876084906757428, 0.7918576562354528, 1, 0.724906798982726, 0.7486843275746485, 0.7921025150103592, 0.8854674666974511, 0.7714013657752608, 0.7874595840680567, 0.8586760166001797, 0.8592721701927838, 0.7798285437540012, 0.7696626680421875, 0.8930468070172576, 0.893670961474338, 0.7706451229944888, 0.7892118272774059, 0.8131583287342513, 0.876537279155163, 0.8151992140641966], [0.8824860775029302, 0.758913761312247, 0.724906798982726, 1, 0.8391488939466871, 0.7897093465421299, 0.7202673929993694, 0.8877198485638119, 0.817308912191413, 0.8450339769632265, 0.7556039770343528, 0.9184575217547378, 0.8130014828932913, 0.7038886433877802, 0.7800371160711909, 0.8780209553945595, 0.8639917209693416, 0.834022349453107, 0.7099905654971691, 0.8735143268088312], [0.9014076724937381, 0.7944980595058969, 0.7486843275746485, 0.8391488939466871, 1, 0.7669447567968941, 0.7670147182403265, 0.900139163013547, 0.8446660952874521, 0.8455628730221305, 0.779603997816506, 0.7989662084829587, 0.8540885965610996, 0.8257501228559566, 0.8126826566738723, 0.8253610152972873, 0.8921331230790803, 0.837403986969691, 0.757586880605424, 0.8297079499295904], [0.8001612711427154, 0.809085804879217, 0.7921025150103592, 0.7897093465421299, 0.7669447567968941, 1, 0.7703775378473117, 0.8300870594714219, 0.8106336918974711, 0.8886016575277921, 0.8064141695172179, 0.8045627292309859, 0.823707895414209, 0.7622389743805225, 0.8371490371210849, 0.8263208702712811, 0.8077914717285493, 0.869243470866298, 0.8096792143742819, 0.8500466567624035], [0.7776052914199864, 0.7811972758278111, 0.8854674666974511, 0.7202673929993694, 0.7670147182403265, 0.7703775378473117, 1, 0.8070297972020957, 0.8235450082575343, 0.8401666611052905, 0.9096762081151276, 0.7605253059846744, 0.7738454946830818, 0.8841041171962544, 0.8775999469984681, 0.7965561792390679, 0.815945668341973, 0.8621535008739353, 0.7930318658348864, 0.8229961242509325], [0.9022971213066475, 0.8410559372786642, 0.7714013657752608, 0.8877198485638119, 0.900139163013547, 0.8300870594714219, 0.8070297972020957, 1, 0.9214740276013625, 0.8848713425139273, 0.8027834576660217, 0.8597122088438776, 0.9023229433611611, 0.8133904650518681, 0.8592231251324897, 0.9219425532297558, 0.9359453404694503, 0.8716732420092651, 0.7638653660422273, 0.9363302875074417], [0.8733497565174008, 0.8674082553689213, 0.7874595840680567, 0.817308912191413, 0.8446660952874521, 0.8106336918974711, 0.8235450082575343, 0.9214740276013625, 1, 0.8620236445041937, 0.7917302192697644, 0.8174406532621469, 0.8672844671642694, 0.8274911885894721, 0.8853958646567478, 0.8877367371856499, 0.910917562055032, 0.855057684890912, 0.7609131880604559, 0.9030621772616513], [0.861719904698193, 0.8350006128248573, 0.8586760166001797, 0.8450339769632265, 0.8455628730221305, 0.8886016575277921, 0.8401666611052905, 0.8848713425139273, 0.8620236445041937, 1, 0.8652647734479578, 0.8676623574177652, 0.8621921470048682, 0.8422121835492217, 0.8897809687368013, 0.8924245939341846, 0.8815361844908343, 0.8862552388171884, 0.7977192182409423, 0.8869820340206657], [0.7757209697617916, 0.7881494022941405, 0.8592721701927838, 0.7556039770343528, 0.779603997816506, 0.8064141695172179, 0.9096762081151276, 0.8027834576660217, 0.7917302192697644, 0.8652647734479578, 1, 0.8114178158962285, 0.8145027594825248, 0.8489944973344383, 0.8307663687855469, 0.8288878571406959, 0.8107850048573806, 0.8640440582052341, 0.7737160546312333, 0.8431752523249774], [0.8150724124033746, 0.7728610216125681, 0.7798285437540012, 0.9184575217547378, 0.7989662084829587, 0.8045627292309859, 0.7605253059846744, 0.8597122088438776, 0.8174406532621469, 0.8676623574177652, 0.8114178158962285, 1, 0.8305694758384569, 0.7376219041814988, 0.7863533811230474, 0.8852260093173032, 0.8795639989591577, 0.8414854730895963, 0.7306452904480872, 0.8934709756464054], [0.8425094832482776, 0.8354304619463775, 0.7696626680421875, 0.8130014828932913, 0.8540885965610996, 0.823707895414209, 0.7738454946830818, 0.9023229433611611, 0.8672844671642694, 0.8621921470048682, 0.8145027594825248, 0.8305694758384569, 1, 0.7730975701319145, 0.8226896322597235, 0.8950928769667549, 0.8916783734886107, 0.8699411426943614, 0.7542911353897888, 0.9065092114898656], [0.8114310966989038, 0.8268256834485814, 0.8930468070172576, 0.7038886433877802, 0.8257501228559566, 0.7622389743805225, 0.8841041171962544, 0.8133904650518681, 0.8274911885894721, 0.8422121835492217, 0.8489944973344383, 0.7376219041814988, 0.7730975701319145, 1, 0.8751930609381876, 0.773931456057731, 0.8250778691399628, 0.8195460988981721, 0.8661700534686096, 0.8111901531665603], [0.9014682925253273, 0.8227226799654008, 0.893670961474338, 0.7800371160711909, 0.8126826566738723, 0.8371490371210849, 0.8775999469984681, 0.8592231251324897, 0.8853958646567478, 0.8897809687368013, 0.8307663687855469, 0.7863533811230474, 0.8226896322597235, 0.8751930609381876, 1, 0.8250806882749016, 0.8617179305794819, 0.8428978108352517, 0.8691417500928429, 0.8761252498633283], [0.8457663723271228, 0.8533276317550736, 0.7706451229944888, 0.8780209553945595, 0.8253610152972873, 0.8263208702712811, 0.7965561792390679, 0.9219425532297558, 0.8877367371856499, 0.8924245939341846, 0.8288878571406959, 0.8852260093173032, 0.8950928769667549, 0.773931456057731, 0.8250806882749016, 1, 0.9051596837565623, 0.8769709388532745, 0.7324837223343319, 0.9288898100927304], [0.8948507132055643, 0.852843258404255, 0.7892118272774059, 0.8639917209693416, 0.8921331230790803, 0.8077914717285493, 0.815945668341973, 0.9359453404694503, 0.910917562055032, 0.8815361844908343, 0.8107850048573806, 0.8795639989591577, 0.8916783734886107, 0.8250778691399628, 0.8617179305794819, 0.9051596837565623, 1, 0.871306092475297, 0.7831675360533557, 0.9117542037795688], [0.8270823289685006, 0.8519317717686201, 0.8131583287342513, 0.834022349453107, 0.837403986969691, 0.869243470866298, 0.8621535008739353, 0.8716732420092651, 0.855057684890912, 0.8862552388171884, 0.8640440582052341, 0.8414854730895963, 0.8699411426943614, 0.8195460988981721, 0.8428978108352517, 0.8769709388532745, 0.871306092475297, 1, 0.783794495006272, 0.8814773058960698], [0.8272285837766247, 0.7676279170990707, 0.876537279155163, 0.7099905654971691, 0.757586880605424, 0.8096792143742819, 0.7930318658348864, 0.7638653660422273, 0.7609131880604559, 0.7977192182409423, 0.7737160546312333, 0.7306452904480872, 0.7542911353897888, 0.8661700534686096, 0.8691417500928429, 0.7324837223343319, 0.7831675360533557, 0.783794495006272, 1, 0.7969249728173127], [0.8647069351379953, 0.8409927554034506, 0.8151992140641966, 0.8735143268088312, 0.8297079499295904, 0.8500466567624035, 0.8229961242509325, 0.9363302875074417, 0.9030621772616513, 0.8869820340206657, 0.8431752523249774, 0.8934709756464054, 0.9065092114898656, 0.8111901531665603, 0.8761252498633283, 0.9288898100927304, 0.9117542037795688, 0.8814773058960698, 0.7969249728173127, 1]]
thresholdtopk: [0.8425094832482776, 0.8227226799654008, 0.7918576562354528, 0.817308912191413, 0.8257501228559566, 0.809085804879217, 0.8070297972020957, 0.8716732420092651, 0.855057684890912, 0.8621921470048682, 0.8114178158962285, 0.8150724124033746, 0.8354304619463775, 0.8250778691399628, 0.8592231251324897, 0.8533276317550736, 0.871306092475297, 0.855057684890912, 0.7831675360533557, 0.8735143268088312]
index,index2,cosdist[index][index2],thresholdtopk[index]: 0 0 1 0.8425094832482776
model_id_of_model0_used: 0
model_num of model 0 used
-- 1 --
index,index2,cosdist[index][index2],thresholdtopk[index]: 1 1 1 0.8227226799654008
model_id_of_model1_used: 1
model_num of model 1 used
-- 1 --
index,index2,cosdist[index][index2],thresholdtopk[index]: 2 2 1 0.7918576562354528
model_id_of_model2_used: 2
model_num of model 2 used
-- 1 --
index,index2,cosdist[index][index2],thresholdtopk[index]: 3 3 1 0.817308912191413
model_id_of_model3_used: 3
model_num of model 3 used
-- 1 --
index,index2,cosdist[index][index2],thresholdtopk[index]: 4 4 1 0.8257501228559566
model_id_of_model4_used: 4
model_num of model 4 used
-- 1 --
index,index2,cosdist[index][index2],thresholdtopk[index]: 5 5 1 0.809085804879217
model_id_of_model5_used: 5
model_num of model 5 used
-- 1 --
index,index2,cosdist[index][index2],thresholdtopk[index]: 6 6 1 0.8070297972020957
model_id_of_model6_used: 6
model_num of model 6 used
-- 1 --
index,index2,cosdist[index][index2],thresholdtopk[index]: 7 7 1 0.8716732420092651
model_id_of_model7_used: 7
model_num of model 7 used
-- 1 --
index,index2,cosdist[index][index2],thresholdtopk[index]: 8 8 1 0.855057684890912
model_id_of_model8_used: 8
model_num of model 8 used
-- 1 --
index,index2,cosdist[index][index2],thresholdtopk[index]: 9 9 1 0.8621921470048682
model_id_of_model9_used: 9
model_num of model 9 used
-- 1 --
index,index2,cosdist[index][index2],thresholdtopk[index]: 10 10 1 0.8114178158962285
model_id_of_model10_used: 10
model_num of model 10 used
-- 1 --
index,index2,cosdist[index][index2],thresholdtopk[index]: 11 11 1 0.8150724124033746
model_id_of_model11_used: 11
model_num of model 11 used
-- 1 --
index,index2,cosdist[index][index2],thresholdtopk[index]: 12 12 1 0.8354304619463775
model_id_of_model12_used: 12
model_num of model 12 used
-- 1 --
index,index2,cosdist[index][index2],thresholdtopk[index]: 13 13 1 0.8250778691399628
model_id_of_model13_used: 13
model_num of model 13 used
-- 1 --
index,index2,cosdist[index][index2],thresholdtopk[index]: 14 14 1 0.8592231251324897
model_id_of_model14_used: 14
model_num of model 14 used
-- 1 --
index,index2,cosdist[index][index2],thresholdtopk[index]: 15 15 1 0.8533276317550736
model_id_of_model15_used: 15
model_num of model 15 used
-- 1 --
index,index2,cosdist[index][index2],thresholdtopk[index]: 16 16 1 0.871306092475297
model_id_of_model16_used: 16
model_num of model 16 used
-- 1 --
index,index2,cosdist[index][index2],thresholdtopk[index]: 17 17 1 0.855057684890912
model_id_of_model17_used: 17
model_num of model 17 used
-- 1 --
index,index2,cosdist[index][index2],thresholdtopk[index]: 18 18 1 0.7831675360533557
model_id_of_model18_used: 18
model_num of model 18 used
-- 1 --
index,index2,cosdist[index][index2],thresholdtopk[index]: 19 19 1 0.8735143268088312
model_id_of_model19_used: 19
model_num of model 19 used
-- 1 --
test performance ... 
model 0 use labels test: [19 12 11 ... 18 11 15]
0.39237220447284343
model 1 use labels test: [19 12 11 ... 18 11 15]
0.4248202875399361
model 2 use labels test: [19 12 11 ... 18 11 15]
0.1132188498402556
model 3 use labels test: [19 12 11 ... 18 11 15]
0.27256389776357826
model 4 use labels test: [19 12 11 ... 18 11 15]
0.4069488817891374
model 5 use labels test: [19 12 11 ... 18 11 15]
0.3981629392971246
model 6 use labels test: [19 12 11 ... 18 11 15]
0.1959864217252396
model 7 use labels test: [19 12 11 ... 18 11 15]
0.2983226837060703
model 8 use labels test: [19 12 11 ... 18 11 15]
0.3733027156549521
model 9 use labels test: [19 12 11 ... 18 11 15]
0.5022963258785943
model 10 use labels test: [19 12 11 ... 18 11 15]
0.3059105431309904
model 11 use labels test: [19 12 11 ... 18 11 15]
0.27256389776357826
model 12 use labels test: [19 12 11 ... 18 11 15]
0.419129392971246
model 13 use labels test: [19 12 11 ... 18 11 15]
0.27745607028753994
model 14 use labels test: [19 12 11 ... 18 11 15]
0.20267571884984026
model 15 use labels test: [19 12 11 ... 18 11 15]
0.3168929712460064
model 16 use labels test: [19 12 11 ... 18 11 15]
0.38288738019169327
model 17 use labels test: [19 12 11 ... 18 11 15]
0.4472843450479233
model 18 use labels test: [19 12 11 ... 18 11 15]
0.15704872204472844
model 19 use labels test: [19 12 11 ... 18 11 15]
0.2246405750798722
updates models ...
model 0 starting alignment with public logits... 
model 0 done alignment
model 0 starting training with private data... 
model 0 done private training. 

model 1 starting alignment with public logits... 
model 1 done alignment
model 1 starting training with private data... 
model 1 done private training. 

model 2 starting alignment with public logits... 
model 2 done alignment
model 2 starting training with private data... 
model 2 done private training. 

model 3 starting alignment with public logits... 
model 3 done alignment
model 3 starting training with private data... 
model 3 done private training. 

model 4 starting alignment with public logits... 
model 4 done alignment
model 4 starting training with private data... 
model 4 done private training. 

model 5 starting alignment with public logits... 
model 5 done alignment
model 5 starting training with private data... 
model 5 done private training. 

model 6 starting alignment with public logits... 
model 6 done alignment
model 6 starting training with private data... 
model 6 done private training. 

model 7 starting alignment with public logits... 
model 7 done alignment
model 7 starting training with private data... 
model 7 done private training. 

model 8 starting alignment with public logits... 
model 8 done alignment
model 8 starting training with private data... 
model 8 done private training. 

model 9 starting alignment with public logits... 
model 9 done alignment
model 9 starting training with private data... 
model 9 done private training. 

model 10 starting alignment with public logits... 
model 10 done alignment
model 10 starting training with private data... 
model 10 done private training. 

model 11 starting alignment with public logits... 
model 11 done alignment
model 11 starting training with private data... 
model 11 done private training. 

model 12 starting alignment with public logits... 
model 12 done alignment
model 12 starting training with private data... 
model 12 done private training. 

model 13 starting alignment with public logits... 
model 13 done alignment
model 13 starting training with private data... 
model 13 done private training. 

model 14 starting alignment with public logits... 
model 14 done alignment
model 14 starting training with private data... 
model 14 done private training. 

model 15 starting alignment with public logits... 
model 15 done alignment
model 15 starting training with private data... 
model 15 done private training. 

model 16 starting alignment with public logits... 
model 16 done alignment
model 16 starting training with private data... 
model 16 done private training. 

model 17 starting alignment with public logits... 
model 17 done alignment
model 17 starting training with private data... 
model 17 done private training. 

model 18 starting alignment with public logits... 
model 18 done alignment
model 18 starting training with private data... 
model 18 done private training. 

model 19 starting alignment with public logits... 
model 19 done alignment
model 19 starting training with private data... 
model 19 done private training. 

round  2
update logits ... 
cosdist:
