Namespace(conf='../conf/EMNIST_balance_conf.json', dataset='mnist', gpu=1.0, iid=True, use_pretrained_model=False)
X shape : (36000, 28, 28)
y shape : (36000,)
X shape : (6000, 28, 28)
y shape : (6000,)
15    6000
14    6000
13    6000
12    6000
11    6000
10    6000
dtype: int64
mod_private_class1: [10 11 12]
mod_private_class2: [13 14 15]
============================================================
============================================================
============================================================
X shape : (3000, 28, 28)
y shape : (3000,)
X shape : (3000, 28, 28)
y shape : (3000,)
model 0 : CNN_128_256
model 1 : CNN_128_384
model 2 : CNN_128_512
model 3 : CNN_256_256
model 4 : CNN_256_512
model 5 : CNN_64_128_256
model 6 : CNN_64_128_192
model 7 : CNN_128_192_256
model 8 : CNN_128_128_128
model 9 : CNN_128_128_192
Training model  0
Training model  1
Training model  2
Training model  3
Training model  4
Training model  5
Training model  6
Training model  7
Training model  8
Training model  9
pre-train accuracy: 
[0.9871439873417721, 0.9873417721518988, 0.9884295886075949, 0.9864517405063291, 0.9878362341772152, 0.9893196202531646, 0.9883306962025317, 0.990506329113924, 0.9909018987341772, 0.9901107594936709]
publice_dataset[y]: [5 0 4 ... 5 6 8]
calculate the theoretical upper bounds for participants: 
the upper bounds are: [0.0, 0.0, 0.0, 0.0, 0.0, 0.0, 0.0, 0.0, 0.0, 0.0]
start model initialization: 
finish model initialization: 
round  0
update logits ... 
cosdist:
[[1, 0.9856355515618088, 0.9491424706121936, 0.9845117889416863, 0.989337656541682, 0.7628962222175157, 0.7462833221430858, 0.7838987346104401, 0.7589968998476505, 0.7461156899258304], [0.9856355515618088, 1, 0.9724649458051217, 0.9829985979637071, 0.9811489842061428, 0.7839763092553468, 0.7633614989941933, 0.8058826951593673, 0.7916937812552138, 0.7673830977671405], [0.9491424706121936, 0.9724649458051217, 1, 0.9662868926158955, 0.947181463673903, 0.7823318029029536, 0.7606741396881168, 0.8096205969055316, 0.8127208323649364, 0.7690449244210535], [0.9845117889416863, 0.9829985979637071, 0.9662868926158955, 1, 0.9858836258404359, 0.7835163529004655, 0.7615792047527414, 0.8010039584389473, 0.7875887701568303, 0.7650715732385194], [0.989337656541682, 0.9811489842061428, 0.947181463673903, 0.9858836258404359, 1, 0.7492297371968328, 0.72584241784651, 0.7660168287795955, 0.7461918159264374, 0.7282232141881685], [0.7628962222175157, 0.7839763092553468, 0.7823318029029536, 0.7835163529004655, 0.7492297371968328, 1, 0.9855859028481677, 0.9812198510359279, 0.9740885607291547, 0.9856884741701929], [0.7462833221430858, 0.7633614989941933, 0.7606741396881168, 0.7615792047527414, 0.72584241784651, 0.9855859028481677, 1, 0.9869324581132711, 0.9745736513428129, 0.9889109819966587], [0.7838987346104401, 0.8058826951593673, 0.8096205969055316, 0.8010039584389473, 0.7660168287795955, 0.9812198510359279, 0.9869324581132711, 1, 0.9811924572255174, 0.9849841048551987], [0.7589968998476505, 0.7916937812552138, 0.8127208323649364, 0.7875887701568303, 0.7461918159264374, 0.9740885607291547, 0.9745736513428129, 0.9811924572255174, 1, 0.9812243218304894], [0.7461156899258304, 0.7673830977671405, 0.7690449244210535, 0.7650715732385194, 0.7282232141881685, 0.9856884741701929, 0.9889109819966587, 0.9849841048551987, 0.9812243218304894, 1]]
thresholdtopk: [[0.7461156899258304, 0.7462833221430858, 0.7589968998476505, 0.7628962222175157, 0.7838987346104401, 0.9491424706121936, 0.9845117889416863, 0.9856355515618088, 0.989337656541682, 1], [0.7633614989941933, 0.7673830977671405, 0.7839763092553468, 0.7916937812552138, 0.8058826951593673, 0.9724649458051217, 0.9811489842061428, 0.9829985979637071, 0.9856355515618088, 1], [0.7606741396881168, 0.7690449244210535, 0.7823318029029536, 0.8096205969055316, 0.8127208323649364, 0.947181463673903, 0.9491424706121936, 0.9662868926158955, 0.9724649458051217, 1], [0.7615792047527414, 0.7650715732385194, 0.7835163529004655, 0.7875887701568303, 0.8010039584389473, 0.9662868926158955, 0.9829985979637071, 0.9845117889416863, 0.9858836258404359, 1], [0.72584241784651, 0.7282232141881685, 0.7461918159264374, 0.7492297371968328, 0.7660168287795955, 0.947181463673903, 0.9811489842061428, 0.9858836258404359, 0.989337656541682, 1], [0.7492297371968328, 0.7628962222175157, 0.7823318029029536, 0.7835163529004655, 0.7839763092553468, 0.9740885607291547, 0.9812198510359279, 0.9855859028481677, 0.9856884741701929, 1], [0.72584241784651, 0.7462833221430858, 0.7606741396881168, 0.7615792047527414, 0.7633614989941933, 0.9745736513428129, 0.9855859028481677, 0.9869324581132711, 0.9889109819966587, 1], [0.7660168287795955, 0.7838987346104401, 0.8010039584389473, 0.8058826951593673, 0.8096205969055316, 0.9811924572255174, 0.9812198510359279, 0.9849841048551987, 0.9869324581132711, 1], [0.7461918159264374, 0.7589968998476505, 0.7875887701568303, 0.7916937812552138, 0.8127208323649364, 0.9740885607291547, 0.9745736513428129, 0.9811924572255174, 0.9812243218304894, 1], [0.7282232141881685, 0.7461156899258304, 0.7650715732385194, 0.7673830977671405, 0.7690449244210535, 0.9812243218304894, 0.9849841048551987, 0.9856884741701929, 0.9889109819966587, 1]]
index,index2,cosdist[index][index2],deepcopy_cosdist[index][0]: 0 0 1 0.7461156899258304
model_id_of_model0_used: 0
index,index2,cosdist[index][index2],deepcopy_cosdist[index][0]: 0 1 0.9856355515618088 0.7461156899258304
model_id_of_model0_used: 1
index,index2,cosdist[index][index2],deepcopy_cosdist[index][0]: 0 2 0.9491424706121936 0.7461156899258304
model_id_of_model0_used: 2
index,index2,cosdist[index][index2],deepcopy_cosdist[index][0]: 0 3 0.9845117889416863 0.7461156899258304
model_id_of_model0_used: 3
index,index2,cosdist[index][index2],deepcopy_cosdist[index][0]: 0 4 0.989337656541682 0.7461156899258304
model_id_of_model0_used: 4
index,index2,cosdist[index][index2],deepcopy_cosdist[index][0]: 0 5 0.7628962222175157 0.7461156899258304
model_id_of_model0_used: 5
index,index2,cosdist[index][index2],deepcopy_cosdist[index][0]: 0 6 0.7462833221430858 0.7461156899258304
model_id_of_model0_used: 6
index,index2,cosdist[index][index2],deepcopy_cosdist[index][0]: 0 7 0.7838987346104401 0.7461156899258304
model_id_of_model0_used: 7
index,index2,cosdist[index][index2],deepcopy_cosdist[index][0]: 0 8 0.7589968998476505 0.7461156899258304
model_id_of_model0_used: 8
model_num of model 0 used
-- 9 --
min_max_sun of model 0 used: 1.2456614371435888
index,index2,cosdist[index][index2],deepcopy_cosdist[index][0]: 1 0 0.9856355515618088 0.7633614989941933
model_id_of_model1_used: 0
index,index2,cosdist[index][index2],deepcopy_cosdist[index][0]: 1 1 1 0.7633614989941933
model_id_of_model1_used: 1
index,index2,cosdist[index][index2],deepcopy_cosdist[index][0]: 1 2 0.9724649458051217 0.7633614989941933
model_id_of_model1_used: 2
index,index2,cosdist[index][index2],deepcopy_cosdist[index][0]: 1 3 0.9829985979637071 0.7633614989941933
model_id_of_model1_used: 3
index,index2,cosdist[index][index2],deepcopy_cosdist[index][0]: 1 4 0.9811489842061428 0.7633614989941933
model_id_of_model1_used: 4
index,index2,cosdist[index][index2],deepcopy_cosdist[index][0]: 1 5 0.7839763092553468 0.7633614989941933
model_id_of_model1_used: 5
index,index2,cosdist[index][index2],deepcopy_cosdist[index][0]: 1 7 0.8058826951593673 0.7633614989941933
model_id_of_model1_used: 7
index,index2,cosdist[index][index2],deepcopy_cosdist[index][0]: 1 8 0.7916937812552138 0.7633614989941933
model_id_of_model1_used: 8
index,index2,cosdist[index][index2],deepcopy_cosdist[index][0]: 1 9 0.7673830977671405 0.7633614989941933
model_id_of_model1_used: 9
model_num of model 1 used
-- 9 --
min_max_sun of model 1 used: 1.2009304720261096
index,index2,cosdist[index][index2],deepcopy_cosdist[index][0]: 2 0 0.9491424706121936 0.7606741396881168
model_id_of_model2_used: 0
index,index2,cosdist[index][index2],deepcopy_cosdist[index][0]: 2 1 0.9724649458051217 0.7606741396881168
model_id_of_model2_used: 1
index,index2,cosdist[index][index2],deepcopy_cosdist[index][0]: 2 2 1 0.7606741396881168
model_id_of_model2_used: 2
index,index2,cosdist[index][index2],deepcopy_cosdist[index][0]: 2 3 0.9662868926158955 0.7606741396881168
model_id_of_model2_used: 3
index,index2,cosdist[index][index2],deepcopy_cosdist[index][0]: 2 4 0.947181463673903 0.7606741396881168
model_id_of_model2_used: 4
index,index2,cosdist[index][index2],deepcopy_cosdist[index][0]: 2 5 0.7823318029029536 0.7606741396881168
model_id_of_model2_used: 5
index,index2,cosdist[index][index2],deepcopy_cosdist[index][0]: 2 7 0.8096205969055316 0.7606741396881168
model_id_of_model2_used: 7
index,index2,cosdist[index][index2],deepcopy_cosdist[index][0]: 2 8 0.8127208323649364 0.7606741396881168
model_id_of_model2_used: 8
index,index2,cosdist[index][index2],deepcopy_cosdist[index][0]: 2 9 0.7690449244210535 0.7606741396881168
model_id_of_model2_used: 9
model_num of model 2 used
-- 9 --
min_max_sun of model 2 used: 1.1627266721085374
index,index2,cosdist[index][index2],deepcopy_cosdist[index][0]: 3 0 0.9845117889416863 0.7615792047527414
model_id_of_model3_used: 0
index,index2,cosdist[index][index2],deepcopy_cosdist[index][0]: 3 1 0.9829985979637071 0.7615792047527414
model_id_of_model3_used: 1
index,index2,cosdist[index][index2],deepcopy_cosdist[index][0]: 3 2 0.9662868926158955 0.7615792047527414
model_id_of_model3_used: 2
index,index2,cosdist[index][index2],deepcopy_cosdist[index][0]: 3 3 1 0.7615792047527414
model_id_of_model3_used: 3
index,index2,cosdist[index][index2],deepcopy_cosdist[index][0]: 3 4 0.9858836258404359 0.7615792047527414
model_id_of_model3_used: 4
index,index2,cosdist[index][index2],deepcopy_cosdist[index][0]: 3 5 0.7835163529004655 0.7615792047527414
model_id_of_model3_used: 5
index,index2,cosdist[index][index2],deepcopy_cosdist[index][0]: 3 7 0.8010039584389473 0.7615792047527414
model_id_of_model3_used: 7
index,index2,cosdist[index][index2],deepcopy_cosdist[index][0]: 3 8 0.7875887701568303 0.7615792047527414
model_id_of_model3_used: 8
index,index2,cosdist[index][index2],deepcopy_cosdist[index][0]: 3 9 0.7650715732385194 0.7615792047527414
model_id_of_model3_used: 9
model_num of model 3 used
-- 9 --
min_max_sun of model 3 used: 1.2026487173218146
index,index2,cosdist[index][index2],deepcopy_cosdist[index][0]: 4 0 0.989337656541682 0.72584241784651
model_id_of_model4_used: 0
index,index2,cosdist[index][index2],deepcopy_cosdist[index][0]: 4 1 0.9811489842061428 0.72584241784651
model_id_of_model4_used: 1
index,index2,cosdist[index][index2],deepcopy_cosdist[index][0]: 4 2 0.947181463673903 0.72584241784651
model_id_of_model4_used: 2
index,index2,cosdist[index][index2],deepcopy_cosdist[index][0]: 4 3 0.9858836258404359 0.72584241784651
model_id_of_model4_used: 3
index,index2,cosdist[index][index2],deepcopy_cosdist[index][0]: 4 4 1 0.72584241784651
model_id_of_model4_used: 4
index,index2,cosdist[index][index2],deepcopy_cosdist[index][0]: 4 5 0.7492297371968328 0.72584241784651
model_id_of_model4_used: 5
index,index2,cosdist[index][index2],deepcopy_cosdist[index][0]: 4 7 0.7660168287795955 0.72584241784651
model_id_of_model4_used: 7
index,index2,cosdist[index][index2],deepcopy_cosdist[index][0]: 4 8 0.7461918159264374 0.72584241784651
model_id_of_model4_used: 8
index,index2,cosdist[index][index2],deepcopy_cosdist[index][0]: 4 9 0.7282232141881685 0.72584241784651
model_id_of_model4_used: 9
model_num of model 4 used
-- 9 --
min_max_sun of model 4 used: 1.3606315657346078
index,index2,cosdist[index][index2],deepcopy_cosdist[index][0]: 5 0 0.7628962222175157 0.7492297371968328
model_id_of_model5_used: 0
index,index2,cosdist[index][index2],deepcopy_cosdist[index][0]: 5 1 0.7839763092553468 0.7492297371968328
model_id_of_model5_used: 1
index,index2,cosdist[index][index2],deepcopy_cosdist[index][0]: 5 2 0.7823318029029536 0.7492297371968328
model_id_of_model5_used: 2
index,index2,cosdist[index][index2],deepcopy_cosdist[index][0]: 5 3 0.7835163529004655 0.7492297371968328
model_id_of_model5_used: 3
index,index2,cosdist[index][index2],deepcopy_cosdist[index][0]: 5 5 1 0.7492297371968328
model_id_of_model5_used: 5
index,index2,cosdist[index][index2],deepcopy_cosdist[index][0]: 5 6 0.9855859028481677 0.7492297371968328
model_id_of_model5_used: 6
index,index2,cosdist[index][index2],deepcopy_cosdist[index][0]: 5 7 0.9812198510359279 0.7492297371968328
model_id_of_model5_used: 7
index,index2,cosdist[index][index2],deepcopy_cosdist[index][0]: 5 8 0.9740885607291547 0.7492297371968328
model_id_of_model5_used: 8
index,index2,cosdist[index][index2],deepcopy_cosdist[index][0]: 5 9 0.9856884741701929 0.7492297371968328
model_id_of_model5_used: 9
model_num of model 5 used
-- 9 --
min_max_sun of model 5 used: 1.296235841288229
index,index2,cosdist[index][index2],deepcopy_cosdist[index][0]: 6 0 0.7462833221430858 0.72584241784651
model_id_of_model6_used: 0
index,index2,cosdist[index][index2],deepcopy_cosdist[index][0]: 6 1 0.7633614989941933 0.72584241784651
model_id_of_model6_used: 1
index,index2,cosdist[index][index2],deepcopy_cosdist[index][0]: 6 2 0.7606741396881168 0.72584241784651
model_id_of_model6_used: 2
index,index2,cosdist[index][index2],deepcopy_cosdist[index][0]: 6 3 0.7615792047527414 0.72584241784651
model_id_of_model6_used: 3
index,index2,cosdist[index][index2],deepcopy_cosdist[index][0]: 6 5 0.9855859028481677 0.72584241784651
model_id_of_model6_used: 5
index,index2,cosdist[index][index2],deepcopy_cosdist[index][0]: 6 6 1 0.72584241784651
model_id_of_model6_used: 6
index,index2,cosdist[index][index2],deepcopy_cosdist[index][0]: 6 7 0.9869324581132711 0.72584241784651
model_id_of_model6_used: 7
index,index2,cosdist[index][index2],deepcopy_cosdist[index][0]: 6 8 0.9745736513428129 0.72584241784651
model_id_of_model6_used: 8
index,index2,cosdist[index][index2],deepcopy_cosdist[index][0]: 6 9 0.9889109819966587 0.72584241784651
model_id_of_model6_used: 9
model_num of model 6 used
-- 9 --
min_max_sun of model 6 used: 1.4353193992604574
index,index2,cosdist[index][index2],deepcopy_cosdist[index][0]: 7 0 0.7838987346104401 0.7660168287795955
model_id_of_model7_used: 0
index,index2,cosdist[index][index2],deepcopy_cosdist[index][0]: 7 1 0.8058826951593673 0.7660168287795955
model_id_of_model7_used: 1
index,index2,cosdist[index][index2],deepcopy_cosdist[index][0]: 7 2 0.8096205969055316 0.7660168287795955
model_id_of_model7_used: 2
index,index2,cosdist[index][index2],deepcopy_cosdist[index][0]: 7 3 0.8010039584389473 0.7660168287795955
model_id_of_model7_used: 3
index,index2,cosdist[index][index2],deepcopy_cosdist[index][0]: 7 5 0.9812198510359279 0.7660168287795955
model_id_of_model7_used: 5
index,index2,cosdist[index][index2],deepcopy_cosdist[index][0]: 7 6 0.9869324581132711 0.7660168287795955
model_id_of_model7_used: 6
index,index2,cosdist[index][index2],deepcopy_cosdist[index][0]: 7 7 1 0.7660168287795955
model_id_of_model7_used: 7
index,index2,cosdist[index][index2],deepcopy_cosdist[index][0]: 7 8 0.9811924572255174 0.7660168287795955
model_id_of_model7_used: 8
index,index2,cosdist[index][index2],deepcopy_cosdist[index][0]: 7 9 0.9849841048551987 0.7660168287795955
model_id_of_model7_used: 9
model_num of model 7 used
-- 9 --
min_max_sun of model 7 used: 1.2405833973278415
index,index2,cosdist[index][index2],deepcopy_cosdist[index][0]: 8 0 0.7589968998476505 0.7461918159264374
model_id_of_model8_used: 0
index,index2,cosdist[index][index2],deepcopy_cosdist[index][0]: 8 1 0.7916937812552138 0.7461918159264374
model_id_of_model8_used: 1
index,index2,cosdist[index][index2],deepcopy_cosdist[index][0]: 8 2 0.8127208323649364 0.7461918159264374
model_id_of_model8_used: 2
index,index2,cosdist[index][index2],deepcopy_cosdist[index][0]: 8 3 0.7875887701568303 0.7461918159264374
model_id_of_model8_used: 3
index,index2,cosdist[index][index2],deepcopy_cosdist[index][0]: 8 5 0.9740885607291547 0.7461918159264374
model_id_of_model8_used: 5
index,index2,cosdist[index][index2],deepcopy_cosdist[index][0]: 8 6 0.9745736513428129 0.7461918159264374
model_id_of_model8_used: 6
index,index2,cosdist[index][index2],deepcopy_cosdist[index][0]: 8 7 0.9811924572255174 0.7461918159264374
model_id_of_model8_used: 7
index,index2,cosdist[index][index2],deepcopy_cosdist[index][0]: 8 8 1 0.7461918159264374
model_id_of_model8_used: 8
index,index2,cosdist[index][index2],deepcopy_cosdist[index][0]: 8 9 0.9812243218304894 0.7461918159264374
model_id_of_model8_used: 9
model_num of model 8 used
-- 9 --
min_max_sun of model 8 used: 1.3463529314146694
index,index2,cosdist[index][index2],deepcopy_cosdist[index][0]: 9 0 0.7461156899258304 0.7282232141881685
model_id_of_model9_used: 0
index,index2,cosdist[index][index2],deepcopy_cosdist[index][0]: 9 1 0.7673830977671405 0.7282232141881685
model_id_of_model9_used: 1
index,index2,cosdist[index][index2],deepcopy_cosdist[index][0]: 9 2 0.7690449244210535 0.7282232141881685
model_id_of_model9_used: 2
index,index2,cosdist[index][index2],deepcopy_cosdist[index][0]: 9 3 0.7650715732385194 0.7282232141881685
model_id_of_model9_used: 3
index,index2,cosdist[index][index2],deepcopy_cosdist[index][0]: 9 5 0.9856884741701929 0.7282232141881685
model_id_of_model9_used: 5
index,index2,cosdist[index][index2],deepcopy_cosdist[index][0]: 9 6 0.9889109819966587 0.7282232141881685
model_id_of_model9_used: 6
index,index2,cosdist[index][index2],deepcopy_cosdist[index][0]: 9 7 0.9849841048551987 0.7282232141881685
model_id_of_model9_used: 7
index,index2,cosdist[index][index2],deepcopy_cosdist[index][0]: 9 8 0.9812243218304894 0.7282232141881685
model_id_of_model9_used: 8
index,index2,cosdist[index][index2],deepcopy_cosdist[index][0]: 9 9 1 0.7282232141881685
model_id_of_model9_used: 9
model_num of model 9 used
-- 9 --
min_max_sun of model 9 used: 1.4344142405115674
test performance ... 
model 0 use private_data_1 test
0.907136525245423
model 1 use private_data_1 test
0.9181072699262741
model 2 use private_data_1 test
0.9091312060964868
model 3 use private_data_1 test
0.9075797872340425
model 4 use private_data_1 test
0.8039671987929242
model 5 use private_data_2 test
0.8444148936170213
model 6 use private_data_2 test
0.9187721635432954
model 7 use private_data_2 test
0.9281914893617021
model 8 use private_data_2 test
0.8462987592879762
model 9 use private_data_2 test
0.9244237592879762
updates models ...
model 0 starting alignment with public logits... 
model 0 done alignment
model 0 starting training with private data... 
model 0 done private training. 

model 1 starting alignment with public logits... 
model 1 done alignment
model 1 starting training with private data... 
model 1 done private training. 

model 2 starting alignment with public logits... 
model 2 done alignment
model 2 starting training with private data... 
model 2 done private training. 

model 3 starting alignment with public logits... 
model 3 done alignment
model 3 starting training with private data... 
model 3 done private training. 

model 4 starting alignment with public logits... 
model 4 done alignment
model 4 starting training with private data... 
model 4 done private training. 

model 5 starting alignment with public logits... 
model 5 done alignment
model 5 starting training with private data... 
model 5 done private training. 

model 6 starting alignment with public logits... 
model 6 done alignment
model 6 starting training with private data... 
model 6 done private training. 

model 7 starting alignment with public logits... 
model 7 done alignment
model 7 starting training with private data... 
model 7 done private training. 

model 8 starting alignment with public logits... 
model 8 done alignment
model 8 starting training with private data... 
model 8 done private training. 

model 9 starting alignment with public logits... 
model 9 done alignment
model 9 starting training with private data... 
model 9 done private training. 

round  1
update logits ... 
cosdist:
[[1, 0.9960943720112958, 0.9925266606150656, 0.9965937250773053, 0.9965421088676836, 0.8450341411490206, 0.8522404224157865, 0.8585475860583057, 0.8619826883835834, 0.8553134082596218], [0.9960943720112958, 1, 0.9945912868319527, 0.9951357922929916, 0.9949743603093132, 0.8463183327672515, 0.8528596675739664, 0.8577295586454227, 0.8607390569669486, 0.8554086642793984], [0.9925266606150656, 0.9945912868319527, 1, 0.9930021399876526, 0.990377773634113, 0.8646835233134619, 0.8708506926441165, 0.8750747473457414, 0.8781746574438127, 0.8728016800459911], [0.9965937250773053, 0.9951357922929916, 0.9930021399876526, 1, 0.9933783042988502, 0.8559027850509967, 0.8626973930810959, 0.8690104714270743, 0.8712808590383245, 0.8658303463337038], [0.9965421088676836, 0.9949743603093132, 0.990377773634113, 0.9933783042988502, 1, 0.8365294491508446, 0.8428914632204197, 0.8489106644868466, 0.8521174977043232, 0.8457472133870519], [0.8450341411490206, 0.8463183327672515, 0.8646835233134619, 0.8559027850509967, 0.8365294491508446, 1, 0.9968120372080582, 0.9940056278049622, 0.9938918730931913, 0.9970114878128546], [0.8522404224157865, 0.8528596675739664, 0.8708506926441165, 0.8626973930810959, 0.8428914632204197, 0.9968120372080582, 1, 0.9963067135166194, 0.9961824149224523, 0.9976913989097366], [0.8585475860583057, 0.8577295586454227, 0.8750747473457414, 0.8690104714270743, 0.8489106644868466, 0.9940056278049622, 0.9963067135166194, 1, 0.9964108290675443, 0.9964434445706858], [0.8619826883835834, 0.8607390569669486, 0.8781746574438127, 0.8712808590383245, 0.8521174977043232, 0.9938918730931913, 0.9961824149224523, 0.9964108290675443, 1, 0.9961762591631015], [0.8553134082596218, 0.8554086642793984, 0.8728016800459911, 0.8658303463337038, 0.8457472133870519, 0.9970114878128546, 0.9976913989097366, 0.9964434445706858, 0.9961762591631015, 1]]
thresholdtopk: [[0.8450341411490206, 0.8522404224157865, 0.8553134082596218, 0.8585475860583057, 0.8619826883835834, 0.9925266606150656, 0.9960943720112958, 0.9965421088676836, 0.9965937250773053, 1], [0.8463183327672515, 0.8528596675739664, 0.8554086642793984, 0.8577295586454227, 0.8607390569669486, 0.9945912868319527, 0.9949743603093132, 0.9951357922929916, 0.9960943720112958, 1], [0.8646835233134619, 0.8708506926441165, 0.8728016800459911, 0.8750747473457414, 0.8781746574438127, 0.990377773634113, 0.9925266606150656, 0.9930021399876526, 0.9945912868319527, 1], [0.8559027850509967, 0.8626973930810959, 0.8658303463337038, 0.8690104714270743, 0.8712808590383245, 0.9930021399876526, 0.9933783042988502, 0.9951357922929916, 0.9965937250773053, 1], [0.8365294491508446, 0.8428914632204197, 0.8457472133870519, 0.8489106644868466, 0.8521174977043232, 0.990377773634113, 0.9933783042988502, 0.9949743603093132, 0.9965421088676836, 1], [0.8365294491508446, 0.8450341411490206, 0.8463183327672515, 0.8559027850509967, 0.8646835233134619, 0.9938918730931913, 0.9940056278049622, 0.9968120372080582, 0.9970114878128546, 1], [0.8428914632204197, 0.8522404224157865, 0.8528596675739664, 0.8626973930810959, 0.8708506926441165, 0.9961824149224523, 0.9963067135166194, 0.9968120372080582, 0.9976913989097366, 1], [0.8489106644868466, 0.8577295586454227, 0.8585475860583057, 0.8690104714270743, 0.8750747473457414, 0.9940056278049622, 0.9963067135166194, 0.9964108290675443, 0.9964434445706858, 1], [0.8521174977043232, 0.8607390569669486, 0.8619826883835834, 0.8712808590383245, 0.8781746574438127, 0.9938918730931913, 0.9961762591631015, 0.9961824149224523, 0.9964108290675443, 1], [0.8457472133870519, 0.8553134082596218, 0.8554086642793984, 0.8658303463337038, 0.8728016800459911, 0.9961762591631015, 0.9964434445706858, 0.9970114878128546, 0.9976913989097366, 1]]
index,index2,cosdist[index][index2],deepcopy_cosdist[index][0]: 0 0 1 0.8450341411490206
model_id_of_model0_used: 0
index,index2,cosdist[index][index2],deepcopy_cosdist[index][0]: 0 1 0.9960943720112958 0.8450341411490206
model_id_of_model0_used: 1
index,index2,cosdist[index][index2],deepcopy_cosdist[index][0]: 0 2 0.9925266606150656 0.8450341411490206
model_id_of_model0_used: 2
index,index2,cosdist[index][index2],deepcopy_cosdist[index][0]: 0 3 0.9965937250773053 0.8450341411490206
model_id_of_model0_used: 3
index,index2,cosdist[index][index2],deepcopy_cosdist[index][0]: 0 4 0.9965421088676836 0.8450341411490206
model_id_of_model0_used: 4
index,index2,cosdist[index][index2],deepcopy_cosdist[index][0]: 0 6 0.8522404224157865 0.8450341411490206
model_id_of_model0_used: 6
index,index2,cosdist[index][index2],deepcopy_cosdist[index][0]: 0 7 0.8585475860583057 0.8450341411490206
model_id_of_model0_used: 7
index,index2,cosdist[index][index2],deepcopy_cosdist[index][0]: 0 8 0.8619826883835834 0.8450341411490206
model_id_of_model0_used: 8
index,index2,cosdist[index][index2],deepcopy_cosdist[index][0]: 0 9 0.8553134082596218 0.8450341411490206
model_id_of_model0_used: 9
model_num of model 0 used
-- 9 --
min_max_sun of model 0 used: 0.8045337013474617
index,index2,cosdist[index][index2],deepcopy_cosdist[index][0]: 1 0 0.9960943720112958 0.8463183327672515
model_id_of_model1_used: 0
index,index2,cosdist[index][index2],deepcopy_cosdist[index][0]: 1 1 1 0.8463183327672515
model_id_of_model1_used: 1
index,index2,cosdist[index][index2],deepcopy_cosdist[index][0]: 1 2 0.9945912868319527 0.8463183327672515
model_id_of_model1_used: 2
index,index2,cosdist[index][index2],deepcopy_cosdist[index][0]: 1 3 0.9951357922929916 0.8463183327672515
model_id_of_model1_used: 3
index,index2,cosdist[index][index2],deepcopy_cosdist[index][0]: 1 4 0.9949743603093132 0.8463183327672515
model_id_of_model1_used: 4
index,index2,cosdist[index][index2],deepcopy_cosdist[index][0]: 1 6 0.8528596675739664 0.8463183327672515
model_id_of_model1_used: 6
index,index2,cosdist[index][index2],deepcopy_cosdist[index][0]: 1 7 0.8577295586454227 0.8463183327672515
model_id_of_model1_used: 7
index,index2,cosdist[index][index2],deepcopy_cosdist[index][0]: 1 8 0.8607390569669486 0.8463183327672515
model_id_of_model1_used: 8
index,index2,cosdist[index][index2],deepcopy_cosdist[index][0]: 1 9 0.8554086642793984 0.8463183327672515
model_id_of_model1_used: 9
model_num of model 1 used
-- 9 --
min_max_sun of model 1 used: 0.7906677640060256
index,index2,cosdist[index][index2],deepcopy_cosdist[index][0]: 2 0 0.9925266606150656 0.8646835233134619
model_id_of_model2_used: 0
index,index2,cosdist[index][index2],deepcopy_cosdist[index][0]: 2 1 0.9945912868319527 0.8646835233134619
model_id_of_model2_used: 1
index,index2,cosdist[index][index2],deepcopy_cosdist[index][0]: 2 2 1 0.8646835233134619
model_id_of_model2_used: 2
index,index2,cosdist[index][index2],deepcopy_cosdist[index][0]: 2 3 0.9930021399876526 0.8646835233134619
model_id_of_model2_used: 3
index,index2,cosdist[index][index2],deepcopy_cosdist[index][0]: 2 4 0.990377773634113 0.8646835233134619
model_id_of_model2_used: 4
index,index2,cosdist[index][index2],deepcopy_cosdist[index][0]: 2 6 0.8708506926441165 0.8646835233134619
model_id_of_model2_used: 6
index,index2,cosdist[index][index2],deepcopy_cosdist[index][0]: 2 7 0.8750747473457414 0.8646835233134619
model_id_of_model2_used: 7
index,index2,cosdist[index][index2],deepcopy_cosdist[index][0]: 2 8 0.8781746574438127 0.8646835233134619
model_id_of_model2_used: 8
index,index2,cosdist[index][index2],deepcopy_cosdist[index][0]: 2 9 0.8728016800459911 0.8646835233134619
model_id_of_model2_used: 9
model_num of model 2 used
-- 9 --
min_max_sun of model 2 used: 0.6852479287272888
index,index2,cosdist[index][index2],deepcopy_cosdist[index][0]: 3 0 0.9965937250773053 0.8559027850509967
model_id_of_model3_used: 0
index,index2,cosdist[index][index2],deepcopy_cosdist[index][0]: 3 1 0.9951357922929916 0.8559027850509967
model_id_of_model3_used: 1
index,index2,cosdist[index][index2],deepcopy_cosdist[index][0]: 3 2 0.9930021399876526 0.8559027850509967
model_id_of_model3_used: 2
index,index2,cosdist[index][index2],deepcopy_cosdist[index][0]: 3 3 1 0.8559027850509967
model_id_of_model3_used: 3
index,index2,cosdist[index][index2],deepcopy_cosdist[index][0]: 3 4 0.9933783042988502 0.8559027850509967
model_id_of_model3_used: 4
index,index2,cosdist[index][index2],deepcopy_cosdist[index][0]: 3 6 0.8626973930810959 0.8559027850509967
model_id_of_model3_used: 6
index,index2,cosdist[index][index2],deepcopy_cosdist[index][0]: 3 7 0.8690104714270743 0.8559027850509967
model_id_of_model3_used: 7
index,index2,cosdist[index][index2],deepcopy_cosdist[index][0]: 3 8 0.8712808590383245 0.8559027850509967
model_id_of_model3_used: 8
index,index2,cosdist[index][index2],deepcopy_cosdist[index][0]: 3 9 0.8658303463337038 0.8559027850509967
model_id_of_model3_used: 9
model_num of model 3 used
-- 9 --
min_max_sun of model 3 used: 0.743803966078028
index,index2,cosdist[index][index2],deepcopy_cosdist[index][0]: 4 0 0.9965421088676836 0.8365294491508446
model_id_of_model4_used: 0
index,index2,cosdist[index][index2],deepcopy_cosdist[index][0]: 4 1 0.9949743603093132 0.8365294491508446
model_id_of_model4_used: 1
index,index2,cosdist[index][index2],deepcopy_cosdist[index][0]: 4 2 0.990377773634113 0.8365294491508446
model_id_of_model4_used: 2
index,index2,cosdist[index][index2],deepcopy_cosdist[index][0]: 4 3 0.9933783042988502 0.8365294491508446
model_id_of_model4_used: 3
index,index2,cosdist[index][index2],deepcopy_cosdist[index][0]: 4 4 1 0.8365294491508446
model_id_of_model4_used: 4
index,index2,cosdist[index][index2],deepcopy_cosdist[index][0]: 4 6 0.8428914632204197 0.8365294491508446
model_id_of_model4_used: 6
index,index2,cosdist[index][index2],deepcopy_cosdist[index][0]: 4 7 0.8489106644868466 0.8365294491508446
model_id_of_model4_used: 7
index,index2,cosdist[index][index2],deepcopy_cosdist[index][0]: 4 8 0.8521174977043232 0.8365294491508446
model_id_of_model4_used: 8
index,index2,cosdist[index][index2],deepcopy_cosdist[index][0]: 4 9 0.8457472133870519 0.8365294491508446
model_id_of_model4_used: 9
model_num of model 4 used
-- 9 --
min_max_sun of model 4 used: 0.8361743435510001
index,index2,cosdist[index][index2],deepcopy_cosdist[index][0]: 5 0 0.8450341411490206 0.8365294491508446
model_id_of_model5_used: 0
index,index2,cosdist[index][index2],deepcopy_cosdist[index][0]: 5 1 0.8463183327672515 0.8365294491508446
model_id_of_model5_used: 1
index,index2,cosdist[index][index2],deepcopy_cosdist[index][0]: 5 2 0.8646835233134619 0.8365294491508446
model_id_of_model5_used: 2
index,index2,cosdist[index][index2],deepcopy_cosdist[index][0]: 5 3 0.8559027850509967 0.8365294491508446
model_id_of_model5_used: 3
index,index2,cosdist[index][index2],deepcopy_cosdist[index][0]: 5 5 1 0.8365294491508446
model_id_of_model5_used: 5
index,index2,cosdist[index][index2],deepcopy_cosdist[index][0]: 5 6 0.9968120372080582 0.8365294491508446
model_id_of_model5_used: 6
index,index2,cosdist[index][index2],deepcopy_cosdist[index][0]: 5 7 0.9940056278049622 0.8365294491508446
model_id_of_model5_used: 7
index,index2,cosdist[index][index2],deepcopy_cosdist[index][0]: 5 8 0.9938918730931913 0.8365294491508446
model_id_of_model5_used: 8
index,index2,cosdist[index][index2],deepcopy_cosdist[index][0]: 5 9 0.9970114878128546 0.8365294491508446
model_id_of_model5_used: 9
model_num of model 5 used
-- 9 --
min_max_sun of model 5 used: 0.8648947658421957
index,index2,cosdist[index][index2],deepcopy_cosdist[index][0]: 6 0 0.8522404224157865 0.8428914632204197
model_id_of_model6_used: 0
index,index2,cosdist[index][index2],deepcopy_cosdist[index][0]: 6 1 0.8528596675739664 0.8428914632204197
model_id_of_model6_used: 1
index,index2,cosdist[index][index2],deepcopy_cosdist[index][0]: 6 2 0.8708506926441165 0.8428914632204197
model_id_of_model6_used: 2
index,index2,cosdist[index][index2],deepcopy_cosdist[index][0]: 6 3 0.8626973930810959 0.8428914632204197
model_id_of_model6_used: 3
index,index2,cosdist[index][index2],deepcopy_cosdist[index][0]: 6 5 0.9968120372080582 0.8428914632204197
model_id_of_model6_used: 5
index,index2,cosdist[index][index2],deepcopy_cosdist[index][0]: 6 6 1 0.8428914632204197
model_id_of_model6_used: 6
index,index2,cosdist[index][index2],deepcopy_cosdist[index][0]: 6 7 0.9963067135166194 0.8428914632204197
model_id_of_model6_used: 7
index,index2,cosdist[index][index2],deepcopy_cosdist[index][0]: 6 8 0.9961824149224523 0.8428914632204197
model_id_of_model6_used: 8
index,index2,cosdist[index][index2],deepcopy_cosdist[index][0]: 6 9 0.9976913989097366 0.8428914632204197
model_id_of_model6_used: 9
model_num of model 6 used
-- 9 --
min_max_sun of model 6 used: 0.839617571288054
index,index2,cosdist[index][index2],deepcopy_cosdist[index][0]: 7 0 0.8585475860583057 0.8489106644868466
model_id_of_model7_used: 0
index,index2,cosdist[index][index2],deepcopy_cosdist[index][0]: 7 1 0.8577295586454227 0.8489106644868466
model_id_of_model7_used: 1
index,index2,cosdist[index][index2],deepcopy_cosdist[index][0]: 7 2 0.8750747473457414 0.8489106644868466
model_id_of_model7_used: 2
index,index2,cosdist[index][index2],deepcopy_cosdist[index][0]: 7 3 0.8690104714270743 0.8489106644868466
model_id_of_model7_used: 3
index,index2,cosdist[index][index2],deepcopy_cosdist[index][0]: 7 5 0.9940056278049622 0.8489106644868466
model_id_of_model7_used: 5
index,index2,cosdist[index][index2],deepcopy_cosdist[index][0]: 7 6 0.9963067135166194 0.8489106644868466
model_id_of_model7_used: 6
index,index2,cosdist[index][index2],deepcopy_cosdist[index][0]: 7 7 1 0.8489106644868466
model_id_of_model7_used: 7
index,index2,cosdist[index][index2],deepcopy_cosdist[index][0]: 7 8 0.9964108290675443 0.8489106644868466
model_id_of_model7_used: 8
index,index2,cosdist[index][index2],deepcopy_cosdist[index][0]: 7 9 0.9964434445706858 0.8489106644868466
model_id_of_model7_used: 9
model_num of model 7 used
-- 9 --
min_max_sun of model 7 used: 0.8033329980547363
index,index2,cosdist[index][index2],deepcopy_cosdist[index][0]: 8 0 0.8619826883835834 0.8521174977043232
model_id_of_model8_used: 0
index,index2,cosdist[index][index2],deepcopy_cosdist[index][0]: 8 1 0.8607390569669486 0.8521174977043232
model_id_of_model8_used: 1
index,index2,cosdist[index][index2],deepcopy_cosdist[index][0]: 8 2 0.8781746574438127 0.8521174977043232
model_id_of_model8_used: 2
index,index2,cosdist[index][index2],deepcopy_cosdist[index][0]: 8 3 0.8712808590383245 0.8521174977043232
model_id_of_model8_used: 3
index,index2,cosdist[index][index2],deepcopy_cosdist[index][0]: 8 5 0.9938918730931913 0.8521174977043232
model_id_of_model8_used: 5
index,index2,cosdist[index][index2],deepcopy_cosdist[index][0]: 8 6 0.9961824149224523 0.8521174977043232
model_id_of_model8_used: 6
index,index2,cosdist[index][index2],deepcopy_cosdist[index][0]: 8 7 0.9964108290675443 0.8521174977043232
model_id_of_model8_used: 7
index,index2,cosdist[index][index2],deepcopy_cosdist[index][0]: 8 8 1 0.8521174977043232
model_id_of_model8_used: 8
index,index2,cosdist[index][index2],deepcopy_cosdist[index][0]: 8 9 0.9961762591631015 0.8521174977043232
model_id_of_model8_used: 9
model_num of model 8 used
-- 9 --
min_max_sun of model 8 used: 0.7857811587400497
index,index2,cosdist[index][index2],deepcopy_cosdist[index][0]: 9 0 0.8553134082596218 0.8457472133870519
model_id_of_model9_used: 0
index,index2,cosdist[index][index2],deepcopy_cosdist[index][0]: 9 1 0.8554086642793984 0.8457472133870519
model_id_of_model9_used: 1
index,index2,cosdist[index][index2],deepcopy_cosdist[index][0]: 9 2 0.8728016800459911 0.8457472133870519
model_id_of_model9_used: 2
index,index2,cosdist[index][index2],deepcopy_cosdist[index][0]: 9 3 0.8658303463337038 0.8457472133870519
model_id_of_model9_used: 3
index,index2,cosdist[index][index2],deepcopy_cosdist[index][0]: 9 5 0.9970114878128546 0.8457472133870519
model_id_of_model9_used: 5
index,index2,cosdist[index][index2],deepcopy_cosdist[index][0]: 9 6 0.9976913989097366 0.8457472133870519
model_id_of_model9_used: 6
index,index2,cosdist[index][index2],deepcopy_cosdist[index][0]: 9 7 0.9964434445706858 0.8457472133870519
model_id_of_model9_used: 7
index,index2,cosdist[index][index2],deepcopy_cosdist[index][0]: 9 8 0.9961762591631015 0.8457472133870519
model_id_of_model9_used: 8
index,index2,cosdist[index][index2],deepcopy_cosdist[index][0]: 9 9 1 0.8457472133870519
model_id_of_model9_used: 9
model_num of model 9 used
-- 9 --
min_max_sun of model 9 used: 0.8249517688916261
test performance ... 
model 0 use private_data_1 test
0.9219858158142009
model 1 use private_data_1 test
0.9063608158142009
model 2 use private_data_1 test
0.9258643617021277
model 3 use private_data_1 test
0.9127881209901039
model 4 use private_data_1 test
0.8172650711333498
model 5 use private_data_2 test
0.8718971635432954
model 6 use private_data_2 test
0.8549423763092528
model 7 use private_data_2 test
0.9276374115588817
model 8 use private_data_2 test
0.9014849295007422
model 9 use private_data_2 test
0.9121232273730826
updates models ...
model 0 starting alignment with public logits... 
model 0 done alignment
model 0 starting training with private data... 
model 0 done private training. 

model 1 starting alignment with public logits... 
model 1 done alignment
model 1 starting training with private data... 
model 1 done private training. 

model 2 starting alignment with public logits... 
model 2 done alignment
model 2 starting training with private data... 
model 2 done private training. 

model 3 starting alignment with public logits... 
model 3 done alignment
model 3 starting training with private data... 
model 3 done private training. 

model 4 starting alignment with public logits... 
model 4 done alignment
model 4 starting training with private data... 
model 4 done private training. 

model 5 starting alignment with public logits... 
model 5 done alignment
model 5 starting training with private data... 
model 5 done private training. 

model 6 starting alignment with public logits... 
model 6 done alignment
model 6 starting training with private data... 
model 6 done private training. 

model 7 starting alignment with public logits... 
model 7 done alignment
model 7 starting training with private data... 
model 7 done private training. 

model 8 starting alignment with public logits... 
model 8 done alignment
model 8 starting training with private data... 
model 8 done private training. 

model 9 starting alignment with public logits... 
model 9 done alignment
model 9 starting training with private data... 
model 9 done private training. 

round  2
update logits ... 
cosdist:
