Namespace(conf='../conf/EMNIST_balance_conf.json', dataset='mnist', gpu=1.0, iid=True, use_pretrained_model=False)
X shape : (36000, 28, 28)
y shape : (36000,)
X shape : (6000, 28, 28)
y shape : (6000,)
15    6000
14    6000
13    6000
12    6000
11    6000
10    6000
dtype: int64
mod_private_class1: [10 11 12]
mod_private_class2: [13 14 15]
============================================================
============================================================
============================================================
X shape : (3000, 28, 28)
y shape : (3000,)
X shape : (3000, 28, 28)
y shape : (3000,)
model 0 : CNN_128_256
model 1 : CNN_128_384
model 2 : CNN_128_512
model 3 : CNN_256_256
model 4 : CNN_256_512
model 5 : CNN_64_128_256
model 6 : CNN_64_128_192
model 7 : CNN_128_192_256
model 8 : CNN_128_128_128
model 9 : CNN_128_128_192
Training model  0
Training model  1
Training model  2
Training model  3
Training model  4
Training model  5
Training model  6
Training model  7
Training model  8
Training model  9
pre-train accuracy: 
[0.9855617088607594, 0.9876384493670886, 0.9855617088607594, 0.9871439873417721, 0.9868473101265823, 0.9911985759493671, 0.9889240506329114, 0.991495253164557, 0.9916930379746836, 0.9925830696202531]
publice_dataset[y]: [5 0 4 ... 5 6 8]
calculate the theoretical upper bounds for participants: 
the upper bounds are: [0.0, 0.0, 0.0, 0.0, 0.0, 0.0, 0.0, 0.0, 0.0, 0.0]
start model initialization: 
finish model initialization: 
round  0
update logits ... 
cosdist:
[[1, 0.902767686762856, 0.988806058225488, 0.9884553182469491, 0.9422632445831431, 0.7577124442438194, 0.7675995409860579, 0.7541871556900377, 0.7479688234685717, 0.7587158501997199], [0.902767686762856, 1, 0.9098083823367469, 0.9348454223598177, 0.9687771579341834, 0.8258478779814029, 0.7924681197113951, 0.797597900699041, 0.8455506971693451, 0.8531714186456674], [0.988806058225488, 0.9098083823367469, 1, 0.992125494462511, 0.949056482350692, 0.7437380062213456, 0.7464502723703066, 0.73765478836475, 0.7388778228476122, 0.7484350832764576], [0.9884553182469491, 0.9348454223598177, 0.992125494462511, 1, 0.966398479976182, 0.7732290234976856, 0.7725300759978505, 0.7649309786029485, 0.7721297648086244, 0.7805417483789796], [0.9422632445831431, 0.9687771579341834, 0.949056482350692, 0.966398479976182, 1, 0.820391820808115, 0.7975233102459416, 0.806483398493968, 0.8276526113070553, 0.839891307368161], [0.7577124442438194, 0.8258478779814029, 0.7437380062213456, 0.7732290234976856, 0.820391820808115, 1, 0.9822984006646752, 0.9862971687439763, 0.9837715591914774, 0.9790282503220088], [0.7675995409860579, 0.7924681197113951, 0.7464502723703066, 0.7725300759978505, 0.7975233102459416, 0.9822984006646752, 1, 0.9807299266722757, 0.9657294465641544, 0.9507744180272293], [0.7541871556900377, 0.797597900699041, 0.73765478836475, 0.7649309786029485, 0.806483398493968, 0.9862971687439763, 0.9807299266722757, 1, 0.9703284349558338, 0.9730073144961119], [0.7479688234685717, 0.8455506971693451, 0.7388778228476122, 0.7721297648086244, 0.8276526113070553, 0.9837715591914774, 0.9657294465641544, 0.9703284349558338, 1, 0.979285440275998], [0.7587158501997199, 0.8531714186456674, 0.7484350832764576, 0.7805417483789796, 0.839891307368161, 0.9790282503220088, 0.9507744180272293, 0.9730073144961119, 0.979285440275998, 1]]
thresholdtopk: [[0.7479688234685717, 0.7541871556900377, 0.7577124442438194, 0.7587158501997199, 0.7675995409860579, 0.902767686762856, 0.9422632445831431, 0.9884553182469491, 0.988806058225488, 1], [0.7924681197113951, 0.797597900699041, 0.8258478779814029, 0.8455506971693451, 0.8531714186456674, 0.902767686762856, 0.9098083823367469, 0.9348454223598177, 0.9687771579341834, 1], [0.73765478836475, 0.7388778228476122, 0.7437380062213456, 0.7464502723703066, 0.7484350832764576, 0.9098083823367469, 0.949056482350692, 0.988806058225488, 0.992125494462511, 1], [0.7649309786029485, 0.7721297648086244, 0.7725300759978505, 0.7732290234976856, 0.7805417483789796, 0.9348454223598177, 0.966398479976182, 0.9884553182469491, 0.992125494462511, 1], [0.7975233102459416, 0.806483398493968, 0.820391820808115, 0.8276526113070553, 0.839891307368161, 0.9422632445831431, 0.949056482350692, 0.966398479976182, 0.9687771579341834, 1], [0.7437380062213456, 0.7577124442438194, 0.7732290234976856, 0.820391820808115, 0.8258478779814029, 0.9790282503220088, 0.9822984006646752, 0.9837715591914774, 0.9862971687439763, 1], [0.7464502723703066, 0.7675995409860579, 0.7725300759978505, 0.7924681197113951, 0.7975233102459416, 0.9507744180272293, 0.9657294465641544, 0.9807299266722757, 0.9822984006646752, 1], [0.73765478836475, 0.7541871556900377, 0.7649309786029485, 0.797597900699041, 0.806483398493968, 0.9703284349558338, 0.9730073144961119, 0.9807299266722757, 0.9862971687439763, 1], [0.7388778228476122, 0.7479688234685717, 0.7721297648086244, 0.8276526113070553, 0.8455506971693451, 0.9657294465641544, 0.9703284349558338, 0.979285440275998, 0.9837715591914774, 1], [0.7484350832764576, 0.7587158501997199, 0.7805417483789796, 0.839891307368161, 0.8531714186456674, 0.9507744180272293, 0.9730073144961119, 0.9790282503220088, 0.979285440275998, 1]]
index,index2,cosdist[index][index2],deepcopy_cosdist[index][0]: 0 0 1 0.7479688234685717
model_id_of_model0_used: 0
index,index2,cosdist[index][index2],deepcopy_cosdist[index][0]: 0 1 0.902767686762856 0.7479688234685717
model_id_of_model0_used: 1
index,index2,cosdist[index][index2],deepcopy_cosdist[index][0]: 0 2 0.988806058225488 0.7479688234685717
model_id_of_model0_used: 2
index,index2,cosdist[index][index2],deepcopy_cosdist[index][0]: 0 3 0.9884553182469491 0.7479688234685717
model_id_of_model0_used: 3
index,index2,cosdist[index][index2],deepcopy_cosdist[index][0]: 0 4 0.9422632445831431 0.7479688234685717
model_id_of_model0_used: 4
index,index2,cosdist[index][index2],deepcopy_cosdist[index][0]: 0 5 0.7577124442438194 0.7479688234685717
model_id_of_model0_used: 5
index,index2,cosdist[index][index2],deepcopy_cosdist[index][0]: 0 6 0.7675995409860579 0.7479688234685717
model_id_of_model0_used: 6
index,index2,cosdist[index][index2],deepcopy_cosdist[index][0]: 0 7 0.7541871556900377 0.7479688234685717
model_id_of_model0_used: 7
index,index2,cosdist[index][index2],deepcopy_cosdist[index][0]: 0 9 0.7587158501997199 0.7479688234685717
model_id_of_model0_used: 9
model_num of model 0 used
-- 9 --
min_max_sun of model 0 used: 1.1287878877209252
index,index2,cosdist[index][index2],deepcopy_cosdist[index][0]: 1 0 0.902767686762856 0.7924681197113951
model_id_of_model1_used: 0
index,index2,cosdist[index][index2],deepcopy_cosdist[index][0]: 1 1 1 0.7924681197113951
model_id_of_model1_used: 1
index,index2,cosdist[index][index2],deepcopy_cosdist[index][0]: 1 2 0.9098083823367469 0.7924681197113951
model_id_of_model1_used: 2
index,index2,cosdist[index][index2],deepcopy_cosdist[index][0]: 1 3 0.9348454223598177 0.7924681197113951
model_id_of_model1_used: 3
index,index2,cosdist[index][index2],deepcopy_cosdist[index][0]: 1 4 0.9687771579341834 0.7924681197113951
model_id_of_model1_used: 4
index,index2,cosdist[index][index2],deepcopy_cosdist[index][0]: 1 5 0.8258478779814029 0.7924681197113951
model_id_of_model1_used: 5
index,index2,cosdist[index][index2],deepcopy_cosdist[index][0]: 1 7 0.797597900699041 0.7924681197113951
model_id_of_model1_used: 7
index,index2,cosdist[index][index2],deepcopy_cosdist[index][0]: 1 8 0.8455506971693451 0.7924681197113951
model_id_of_model1_used: 8
index,index2,cosdist[index][index2],deepcopy_cosdist[index][0]: 1 9 0.8531714186456674 0.7924681197113951
model_id_of_model1_used: 9
model_num of model 1 used
-- 9 --
min_max_sun of model 1 used: 0.9061534664865046
index,index2,cosdist[index][index2],deepcopy_cosdist[index][0]: 2 0 0.988806058225488 0.73765478836475
model_id_of_model2_used: 0
index,index2,cosdist[index][index2],deepcopy_cosdist[index][0]: 2 1 0.9098083823367469 0.73765478836475
model_id_of_model2_used: 1
index,index2,cosdist[index][index2],deepcopy_cosdist[index][0]: 2 2 1 0.73765478836475
model_id_of_model2_used: 2
index,index2,cosdist[index][index2],deepcopy_cosdist[index][0]: 2 3 0.992125494462511 0.73765478836475
model_id_of_model2_used: 3
index,index2,cosdist[index][index2],deepcopy_cosdist[index][0]: 2 4 0.949056482350692 0.73765478836475
model_id_of_model2_used: 4
index,index2,cosdist[index][index2],deepcopy_cosdist[index][0]: 2 5 0.7437380062213456 0.73765478836475
model_id_of_model2_used: 5
index,index2,cosdist[index][index2],deepcopy_cosdist[index][0]: 2 6 0.7464502723703066 0.73765478836475
model_id_of_model2_used: 6
index,index2,cosdist[index][index2],deepcopy_cosdist[index][0]: 2 8 0.7388778228476122 0.73765478836475
model_id_of_model2_used: 8
index,index2,cosdist[index][index2],deepcopy_cosdist[index][0]: 2 9 0.7484350832764576 0.73765478836475
model_id_of_model2_used: 9
model_num of model 2 used
-- 9 --
min_max_sun of model 2 used: 1.17840450680841
index,index2,cosdist[index][index2],deepcopy_cosdist[index][0]: 3 0 0.9884553182469491 0.7649309786029485
model_id_of_model3_used: 0
index,index2,cosdist[index][index2],deepcopy_cosdist[index][0]: 3 1 0.9348454223598177 0.7649309786029485
model_id_of_model3_used: 1
index,index2,cosdist[index][index2],deepcopy_cosdist[index][0]: 3 2 0.992125494462511 0.7649309786029485
model_id_of_model3_used: 2
index,index2,cosdist[index][index2],deepcopy_cosdist[index][0]: 3 3 1 0.7649309786029485
model_id_of_model3_used: 3
index,index2,cosdist[index][index2],deepcopy_cosdist[index][0]: 3 4 0.966398479976182 0.7649309786029485
model_id_of_model3_used: 4
index,index2,cosdist[index][index2],deepcopy_cosdist[index][0]: 3 5 0.7732290234976856 0.7649309786029485
model_id_of_model3_used: 5
index,index2,cosdist[index][index2],deepcopy_cosdist[index][0]: 3 6 0.7725300759978505 0.7649309786029485
model_id_of_model3_used: 6
index,index2,cosdist[index][index2],deepcopy_cosdist[index][0]: 3 8 0.7721297648086244 0.7649309786029485
model_id_of_model3_used: 8
index,index2,cosdist[index][index2],deepcopy_cosdist[index][0]: 3 9 0.7805417483789796 0.7649309786029485
model_id_of_model3_used: 9
model_num of model 3 used
-- 9 --
min_max_sun of model 3 used: 1.0958765203020637
index,index2,cosdist[index][index2],deepcopy_cosdist[index][0]: 4 0 0.9422632445831431 0.7975233102459416
model_id_of_model4_used: 0
index,index2,cosdist[index][index2],deepcopy_cosdist[index][0]: 4 1 0.9687771579341834 0.7975233102459416
model_id_of_model4_used: 1
index,index2,cosdist[index][index2],deepcopy_cosdist[index][0]: 4 2 0.949056482350692 0.7975233102459416
model_id_of_model4_used: 2
index,index2,cosdist[index][index2],deepcopy_cosdist[index][0]: 4 3 0.966398479976182 0.7975233102459416
model_id_of_model4_used: 3
index,index2,cosdist[index][index2],deepcopy_cosdist[index][0]: 4 4 1 0.7975233102459416
model_id_of_model4_used: 4
index,index2,cosdist[index][index2],deepcopy_cosdist[index][0]: 4 5 0.820391820808115 0.7975233102459416
model_id_of_model4_used: 5
index,index2,cosdist[index][index2],deepcopy_cosdist[index][0]: 4 7 0.806483398493968 0.7975233102459416
model_id_of_model4_used: 7
index,index2,cosdist[index][index2],deepcopy_cosdist[index][0]: 4 8 0.8276526113070553 0.7975233102459416
model_id_of_model4_used: 8
index,index2,cosdist[index][index2],deepcopy_cosdist[index][0]: 4 9 0.839891307368161 0.7975233102459416
model_id_of_model4_used: 9
model_num of model 4 used
-- 9 --
min_max_sun of model 4 used: 0.9432047106080255
index,index2,cosdist[index][index2],deepcopy_cosdist[index][0]: 5 0 0.7577124442438194 0.7437380062213456
model_id_of_model5_used: 0
index,index2,cosdist[index][index2],deepcopy_cosdist[index][0]: 5 1 0.8258478779814029 0.7437380062213456
model_id_of_model5_used: 1
index,index2,cosdist[index][index2],deepcopy_cosdist[index][0]: 5 3 0.7732290234976856 0.7437380062213456
model_id_of_model5_used: 3
index,index2,cosdist[index][index2],deepcopy_cosdist[index][0]: 5 4 0.820391820808115 0.7437380062213456
model_id_of_model5_used: 4
index,index2,cosdist[index][index2],deepcopy_cosdist[index][0]: 5 5 1 0.7437380062213456
model_id_of_model5_used: 5
index,index2,cosdist[index][index2],deepcopy_cosdist[index][0]: 5 6 0.9822984006646752 0.7437380062213456
model_id_of_model5_used: 6
index,index2,cosdist[index][index2],deepcopy_cosdist[index][0]: 5 7 0.9862971687439763 0.7437380062213456
model_id_of_model5_used: 7
index,index2,cosdist[index][index2],deepcopy_cosdist[index][0]: 5 8 0.9837715591914774 0.7437380062213456
model_id_of_model5_used: 8
index,index2,cosdist[index][index2],deepcopy_cosdist[index][0]: 5 9 0.9790282503220088 0.7437380062213456
model_id_of_model5_used: 9
model_num of model 5 used
-- 9 --
min_max_sun of model 5 used: 1.4149344894610507
index,index2,cosdist[index][index2],deepcopy_cosdist[index][0]: 6 0 0.7675995409860579 0.7464502723703066
model_id_of_model6_used: 0
index,index2,cosdist[index][index2],deepcopy_cosdist[index][0]: 6 1 0.7924681197113951 0.7464502723703066
model_id_of_model6_used: 1
index,index2,cosdist[index][index2],deepcopy_cosdist[index][0]: 6 3 0.7725300759978505 0.7464502723703066
model_id_of_model6_used: 3
index,index2,cosdist[index][index2],deepcopy_cosdist[index][0]: 6 4 0.7975233102459416 0.7464502723703066
model_id_of_model6_used: 4
index,index2,cosdist[index][index2],deepcopy_cosdist[index][0]: 6 5 0.9822984006646752 0.7464502723703066
model_id_of_model6_used: 5
index,index2,cosdist[index][index2],deepcopy_cosdist[index][0]: 6 6 1 0.7464502723703066
model_id_of_model6_used: 6
index,index2,cosdist[index][index2],deepcopy_cosdist[index][0]: 6 7 0.9807299266722757 0.7464502723703066
model_id_of_model6_used: 7
index,index2,cosdist[index][index2],deepcopy_cosdist[index][0]: 6 8 0.9657294465641544 0.7464502723703066
model_id_of_model6_used: 8
index,index2,cosdist[index][index2],deepcopy_cosdist[index][0]: 6 9 0.9507744180272293 0.7464502723703066
model_id_of_model6_used: 9
model_num of model 6 used
-- 9 --
min_max_sun of model 6 used: 1.2916007875368203
index,index2,cosdist[index][index2],deepcopy_cosdist[index][0]: 7 0 0.7541871556900377 0.73765478836475
model_id_of_model7_used: 0
index,index2,cosdist[index][index2],deepcopy_cosdist[index][0]: 7 1 0.797597900699041 0.73765478836475
model_id_of_model7_used: 1
index,index2,cosdist[index][index2],deepcopy_cosdist[index][0]: 7 3 0.7649309786029485 0.73765478836475
model_id_of_model7_used: 3
index,index2,cosdist[index][index2],deepcopy_cosdist[index][0]: 7 4 0.806483398493968 0.73765478836475
model_id_of_model7_used: 4
index,index2,cosdist[index][index2],deepcopy_cosdist[index][0]: 7 5 0.9862971687439763 0.73765478836475
model_id_of_model7_used: 5
index,index2,cosdist[index][index2],deepcopy_cosdist[index][0]: 7 6 0.9807299266722757 0.73765478836475
model_id_of_model7_used: 6
index,index2,cosdist[index][index2],deepcopy_cosdist[index][0]: 7 7 1 0.73765478836475
model_id_of_model7_used: 7
index,index2,cosdist[index][index2],deepcopy_cosdist[index][0]: 7 8 0.9703284349558338 0.73765478836475
model_id_of_model7_used: 8
index,index2,cosdist[index][index2],deepcopy_cosdist[index][0]: 7 9 0.9730073144961119 0.73765478836475
model_id_of_model7_used: 9
model_num of model 7 used
-- 9 --
min_max_sun of model 7 used: 1.3946691830714433
index,index2,cosdist[index][index2],deepcopy_cosdist[index][0]: 8 0 0.7479688234685717 0.7388778228476122
model_id_of_model8_used: 0
index,index2,cosdist[index][index2],deepcopy_cosdist[index][0]: 8 1 0.8455506971693451 0.7388778228476122
model_id_of_model8_used: 1
index,index2,cosdist[index][index2],deepcopy_cosdist[index][0]: 8 3 0.7721297648086244 0.7388778228476122
model_id_of_model8_used: 3
index,index2,cosdist[index][index2],deepcopy_cosdist[index][0]: 8 4 0.8276526113070553 0.7388778228476122
model_id_of_model8_used: 4
index,index2,cosdist[index][index2],deepcopy_cosdist[index][0]: 8 5 0.9837715591914774 0.7388778228476122
model_id_of_model8_used: 5
index,index2,cosdist[index][index2],deepcopy_cosdist[index][0]: 8 6 0.9657294465641544 0.7388778228476122
model_id_of_model8_used: 6
index,index2,cosdist[index][index2],deepcopy_cosdist[index][0]: 8 7 0.9703284349558338 0.7388778228476122
model_id_of_model8_used: 7
index,index2,cosdist[index][index2],deepcopy_cosdist[index][0]: 8 8 1 0.7388778228476122
model_id_of_model8_used: 8
index,index2,cosdist[index][index2],deepcopy_cosdist[index][0]: 8 9 0.979285440275998 0.7388778228476122
model_id_of_model8_used: 9
model_num of model 8 used
-- 9 --
min_max_sun of model 8 used: 1.4425163721125505
index,index2,cosdist[index][index2],deepcopy_cosdist[index][0]: 9 0 0.7587158501997199 0.7484350832764576
model_id_of_model9_used: 0
index,index2,cosdist[index][index2],deepcopy_cosdist[index][0]: 9 1 0.8531714186456674 0.7484350832764576
model_id_of_model9_used: 1
index,index2,cosdist[index][index2],deepcopy_cosdist[index][0]: 9 3 0.7805417483789796 0.7484350832764576
model_id_of_model9_used: 3
index,index2,cosdist[index][index2],deepcopy_cosdist[index][0]: 9 4 0.839891307368161 0.7484350832764576
model_id_of_model9_used: 4
index,index2,cosdist[index][index2],deepcopy_cosdist[index][0]: 9 5 0.9790282503220088 0.7484350832764576
model_id_of_model9_used: 5
index,index2,cosdist[index][index2],deepcopy_cosdist[index][0]: 9 6 0.9507744180272293 0.7484350832764576
model_id_of_model9_used: 6
index,index2,cosdist[index][index2],deepcopy_cosdist[index][0]: 9 7 0.9730073144961119 0.7484350832764576
model_id_of_model9_used: 7
index,index2,cosdist[index][index2],deepcopy_cosdist[index][0]: 9 8 0.979285440275998 0.7484350832764576
model_id_of_model9_used: 8
index,index2,cosdist[index][index2],deepcopy_cosdist[index][0]: 9 9 1 0.7484350832764576
model_id_of_model9_used: 9
model_num of model 9 used
-- 9 --
min_max_sun of model 9 used: 1.3784999982257577
test performance ... 
model 0 use private_data_1 test
0.8714539009205838
model 1 use private_data_1 test
0.9234264188624443
model 2 use private_data_1 test
0.859375
model 3 use private_data_1 test
0.8908466316284017
model 4 use private_data_1 test
0.8968306741815932
model 5 use private_data_2 test
0.9368351063829787
model 6 use private_data_2 test
0.9258643617021277
model 7 use private_data_2 test
0.927304964750371
model 8 use private_data_2 test
0.757424645601435
model 9 use private_data_2 test
0.7370345744680851
updates models ...
model 0 starting alignment with public logits... 
model 0 done alignment
model 0 starting training with private data... 
model 0 done private training. 

model 1 starting alignment with public logits... 
model 1 done alignment
model 1 starting training with private data... 
model 1 done private training. 

model 2 starting alignment with public logits... 
model 2 done alignment
model 2 starting training with private data... 
model 2 done private training. 

model 3 starting alignment with public logits... 
model 3 done alignment
model 3 starting training with private data... 
model 3 done private training. 

model 4 starting alignment with public logits... 
model 4 done alignment
model 4 starting training with private data... 
model 4 done private training. 

model 5 starting alignment with public logits... 
model 5 done alignment
model 5 starting training with private data... 
model 5 done private training. 

model 6 starting alignment with public logits... 
model 6 done alignment
model 6 starting training with private data... 
model 6 done private training. 

model 7 starting alignment with public logits... 
model 7 done alignment
model 7 starting training with private data... 
model 7 done private training. 

model 8 starting alignment with public logits... 
model 8 done alignment
model 8 starting training with private data... 
model 8 done private training. 

model 9 starting alignment with public logits... 
model 9 done alignment
model 9 starting training with private data... 
model 9 done private training. 

round  1
update logits ... 
cosdist:
[[1, 0.9883090474516874, 0.9977943281241332, 0.9981190795277555, 0.9901431008852742, 0.8722370814868804, 0.8695902161319168, 0.8669921983868467, 0.8825200236623447, 0.8877570083966299], [0.9883090474516874, 1, 0.9851004939748788, 0.9882938843714849, 0.9951440366635449, 0.9011217431223146, 0.8998744478464337, 0.8948589355990626, 0.9107208243790545, 0.9172477548324344], [0.9977943281241332, 0.9851004939748788, 1, 0.99685753053573, 0.9891431467418618, 0.8547075277380888, 0.8517796298174325, 0.8493661499109227, 0.8661219352899585, 0.8722520551665875], [0.9981190795277555, 0.9882938843714849, 0.99685753053573, 1, 0.9905374224052994, 0.8715368709552148, 0.8687389794787115, 0.8657863490163521, 0.8826159950809722, 0.887887114996548], [0.9901431008852742, 0.9951440366635449, 0.9891431467418618, 0.9905374224052994, 1, 0.8817203068898846, 0.8819137846694041, 0.8755741811804476, 0.8925796550238236, 0.8996167744900581], [0.8722370814868804, 0.9011217431223146, 0.8547075277380888, 0.8715368709552148, 0.8817203068898846, 1, 0.9956879537299104, 0.9973785224523051, 0.9970219884228129, 0.9956139782889811], [0.8695902161319168, 0.8998744478464337, 0.8517796298174325, 0.8687389794787115, 0.8819137846694041, 0.9956879537299104, 1, 0.9952036035531822, 0.9953541908561444, 0.9931838590715923], [0.8669921983868467, 0.8948589355990626, 0.8493661499109227, 0.8657863490163521, 0.8755741811804476, 0.9973785224523051, 0.9952036035531822, 1, 0.9957318522179743, 0.9937479716040009], [0.8825200236623447, 0.9107208243790545, 0.8661219352899585, 0.8826159950809722, 0.8925796550238236, 0.9970219884228129, 0.9953541908561444, 0.9957318522179743, 1, 0.9966982060727537], [0.8877570083966299, 0.9172477548324344, 0.8722520551665875, 0.887887114996548, 0.8996167744900581, 0.9956139782889811, 0.9931838590715923, 0.9937479716040009, 0.9966982060727537, 1]]
thresholdtopk: [[0.8669921983868467, 0.8695902161319168, 0.8722370814868804, 0.8825200236623447, 0.8877570083966299, 0.9883090474516874, 0.9901431008852742, 0.9977943281241332, 0.9981190795277555, 1], [0.8948589355990626, 0.8998744478464337, 0.9011217431223146, 0.9107208243790545, 0.9172477548324344, 0.9851004939748788, 0.9882938843714849, 0.9883090474516874, 0.9951440366635449, 1], [0.8493661499109227, 0.8517796298174325, 0.8547075277380888, 0.8661219352899585, 0.8722520551665875, 0.9851004939748788, 0.9891431467418618, 0.99685753053573, 0.9977943281241332, 1], [0.8657863490163521, 0.8687389794787115, 0.8715368709552148, 0.8826159950809722, 0.887887114996548, 0.9882938843714849, 0.9905374224052994, 0.99685753053573, 0.9981190795277555, 1], [0.8755741811804476, 0.8817203068898846, 0.8819137846694041, 0.8925796550238236, 0.8996167744900581, 0.9891431467418618, 0.9901431008852742, 0.9905374224052994, 0.9951440366635449, 1], [0.8547075277380888, 0.8715368709552148, 0.8722370814868804, 0.8817203068898846, 0.9011217431223146, 0.9956139782889811, 0.9956879537299104, 0.9970219884228129, 0.9973785224523051, 1], [0.8517796298174325, 0.8687389794787115, 0.8695902161319168, 0.8819137846694041, 0.8998744478464337, 0.9931838590715923, 0.9952036035531822, 0.9953541908561444, 0.9956879537299104, 1], [0.8493661499109227, 0.8657863490163521, 0.8669921983868467, 0.8755741811804476, 0.8948589355990626, 0.9937479716040009, 0.9952036035531822, 0.9957318522179743, 0.9973785224523051, 1], [0.8661219352899585, 0.8825200236623447, 0.8826159950809722, 0.8925796550238236, 0.9107208243790545, 0.9953541908561444, 0.9957318522179743, 0.9966982060727537, 0.9970219884228129, 1], [0.8722520551665875, 0.8877570083966299, 0.887887114996548, 0.8996167744900581, 0.9172477548324344, 0.9931838590715923, 0.9937479716040009, 0.9956139782889811, 0.9966982060727537, 1]]
index,index2,cosdist[index][index2],deepcopy_cosdist[index][0]: 0 0 1 0.8669921983868467
model_id_of_model0_used: 0
index,index2,cosdist[index][index2],deepcopy_cosdist[index][0]: 0 1 0.9883090474516874 0.8669921983868467
model_id_of_model0_used: 1
index,index2,cosdist[index][index2],deepcopy_cosdist[index][0]: 0 2 0.9977943281241332 0.8669921983868467
model_id_of_model0_used: 2
index,index2,cosdist[index][index2],deepcopy_cosdist[index][0]: 0 3 0.9981190795277555 0.8669921983868467
model_id_of_model0_used: 3
index,index2,cosdist[index][index2],deepcopy_cosdist[index][0]: 0 4 0.9901431008852742 0.8669921983868467
model_id_of_model0_used: 4
index,index2,cosdist[index][index2],deepcopy_cosdist[index][0]: 0 5 0.8722370814868804 0.8669921983868467
model_id_of_model0_used: 5
index,index2,cosdist[index][index2],deepcopy_cosdist[index][0]: 0 6 0.8695902161319168 0.8669921983868467
model_id_of_model0_used: 6
index,index2,cosdist[index][index2],deepcopy_cosdist[index][0]: 0 8 0.8825200236623447 0.8669921983868467
model_id_of_model0_used: 8
index,index2,cosdist[index][index2],deepcopy_cosdist[index][0]: 0 9 0.8877570083966299 0.8669921983868467
model_id_of_model0_used: 9
model_num of model 0 used
-- 9 --
min_max_sun of model 0 used: 0.6835401001850016
index,index2,cosdist[index][index2],deepcopy_cosdist[index][0]: 1 0 0.9883090474516874 0.8948589355990626
model_id_of_model1_used: 0
index,index2,cosdist[index][index2],deepcopy_cosdist[index][0]: 1 1 1 0.8948589355990626
model_id_of_model1_used: 1
index,index2,cosdist[index][index2],deepcopy_cosdist[index][0]: 1 2 0.9851004939748788 0.8948589355990626
model_id_of_model1_used: 2
index,index2,cosdist[index][index2],deepcopy_cosdist[index][0]: 1 3 0.9882938843714849 0.8948589355990626
model_id_of_model1_used: 3
index,index2,cosdist[index][index2],deepcopy_cosdist[index][0]: 1 4 0.9951440366635449 0.8948589355990626
model_id_of_model1_used: 4
index,index2,cosdist[index][index2],deepcopy_cosdist[index][0]: 1 5 0.9011217431223146 0.8948589355990626
model_id_of_model1_used: 5
index,index2,cosdist[index][index2],deepcopy_cosdist[index][0]: 1 6 0.8998744478464337 0.8948589355990626
model_id_of_model1_used: 6
index,index2,cosdist[index][index2],deepcopy_cosdist[index][0]: 1 8 0.9107208243790545 0.8948589355990626
model_id_of_model1_used: 8
index,index2,cosdist[index][index2],deepcopy_cosdist[index][0]: 1 9 0.9172477548324344 0.8948589355990626
model_id_of_model1_used: 9
model_num of model 1 used
-- 9 --
min_max_sun of model 1 used: 0.5320818122502697
index,index2,cosdist[index][index2],deepcopy_cosdist[index][0]: 2 0 0.9977943281241332 0.8493661499109227
model_id_of_model2_used: 0
index,index2,cosdist[index][index2],deepcopy_cosdist[index][0]: 2 1 0.9851004939748788 0.8493661499109227
model_id_of_model2_used: 1
index,index2,cosdist[index][index2],deepcopy_cosdist[index][0]: 2 2 1 0.8493661499109227
model_id_of_model2_used: 2
index,index2,cosdist[index][index2],deepcopy_cosdist[index][0]: 2 3 0.99685753053573 0.8493661499109227
model_id_of_model2_used: 3
index,index2,cosdist[index][index2],deepcopy_cosdist[index][0]: 2 4 0.9891431467418618 0.8493661499109227
model_id_of_model2_used: 4
index,index2,cosdist[index][index2],deepcopy_cosdist[index][0]: 2 5 0.8547075277380888 0.8493661499109227
model_id_of_model2_used: 5
index,index2,cosdist[index][index2],deepcopy_cosdist[index][0]: 2 6 0.8517796298174325 0.8493661499109227
model_id_of_model2_used: 6
index,index2,cosdist[index][index2],deepcopy_cosdist[index][0]: 2 8 0.8661219352899585 0.8493661499109227
model_id_of_model2_used: 8
index,index2,cosdist[index][index2],deepcopy_cosdist[index][0]: 2 9 0.8722520551665875 0.8493661499109227
model_id_of_model2_used: 9
model_num of model 2 used
-- 9 --
min_max_sun of model 2 used: 0.7694612981903663
index,index2,cosdist[index][index2],deepcopy_cosdist[index][0]: 3 0 0.9981190795277555 0.8657863490163521
model_id_of_model3_used: 0
index,index2,cosdist[index][index2],deepcopy_cosdist[index][0]: 3 1 0.9882938843714849 0.8657863490163521
model_id_of_model3_used: 1
index,index2,cosdist[index][index2],deepcopy_cosdist[index][0]: 3 2 0.99685753053573 0.8657863490163521
model_id_of_model3_used: 2
index,index2,cosdist[index][index2],deepcopy_cosdist[index][0]: 3 3 1 0.8657863490163521
model_id_of_model3_used: 3
index,index2,cosdist[index][index2],deepcopy_cosdist[index][0]: 3 4 0.9905374224052994 0.8657863490163521
model_id_of_model3_used: 4
index,index2,cosdist[index][index2],deepcopy_cosdist[index][0]: 3 5 0.8715368709552148 0.8657863490163521
model_id_of_model3_used: 5
index,index2,cosdist[index][index2],deepcopy_cosdist[index][0]: 3 6 0.8687389794787115 0.8657863490163521
model_id_of_model3_used: 6
index,index2,cosdist[index][index2],deepcopy_cosdist[index][0]: 3 8 0.8826159950809722 0.8657863490163521
model_id_of_model3_used: 8
index,index2,cosdist[index][index2],deepcopy_cosdist[index][0]: 3 9 0.887887114996548 0.8657863490163521
model_id_of_model3_used: 9
model_num of model 3 used
-- 9 --
min_max_sun of model 3 used: 0.6925097362045475
index,index2,cosdist[index][index2],deepcopy_cosdist[index][0]: 4 0 0.9901431008852742 0.8755741811804476
model_id_of_model4_used: 0
index,index2,cosdist[index][index2],deepcopy_cosdist[index][0]: 4 1 0.9951440366635449 0.8755741811804476
model_id_of_model4_used: 1
index,index2,cosdist[index][index2],deepcopy_cosdist[index][0]: 4 2 0.9891431467418618 0.8755741811804476
model_id_of_model4_used: 2
index,index2,cosdist[index][index2],deepcopy_cosdist[index][0]: 4 3 0.9905374224052994 0.8755741811804476
model_id_of_model4_used: 3
index,index2,cosdist[index][index2],deepcopy_cosdist[index][0]: 4 4 1 0.8755741811804476
model_id_of_model4_used: 4
index,index2,cosdist[index][index2],deepcopy_cosdist[index][0]: 4 5 0.8817203068898846 0.8755741811804476
model_id_of_model4_used: 5
index,index2,cosdist[index][index2],deepcopy_cosdist[index][0]: 4 6 0.8819137846694041 0.8755741811804476
model_id_of_model4_used: 6
index,index2,cosdist[index][index2],deepcopy_cosdist[index][0]: 4 8 0.8925796550238236 0.8755741811804476
model_id_of_model4_used: 8
index,index2,cosdist[index][index2],deepcopy_cosdist[index][0]: 4 9 0.8996167744900581 0.8755741811804476
model_id_of_model4_used: 9
model_num of model 4 used
-- 9 --
min_max_sun of model 4 used: 0.6406305971451222
index,index2,cosdist[index][index2],deepcopy_cosdist[index][0]: 5 0 0.8722370814868804 0.8547075277380888
model_id_of_model5_used: 0
index,index2,cosdist[index][index2],deepcopy_cosdist[index][0]: 5 1 0.9011217431223146 0.8547075277380888
model_id_of_model5_used: 1
index,index2,cosdist[index][index2],deepcopy_cosdist[index][0]: 5 3 0.8715368709552148 0.8547075277380888
model_id_of_model5_used: 3
index,index2,cosdist[index][index2],deepcopy_cosdist[index][0]: 5 4 0.8817203068898846 0.8547075277380888
model_id_of_model5_used: 4
index,index2,cosdist[index][index2],deepcopy_cosdist[index][0]: 5 5 1 0.8547075277380888
model_id_of_model5_used: 5
index,index2,cosdist[index][index2],deepcopy_cosdist[index][0]: 5 6 0.9956879537299104 0.8547075277380888
model_id_of_model5_used: 6
index,index2,cosdist[index][index2],deepcopy_cosdist[index][0]: 5 7 0.9973785224523051 0.8547075277380888
model_id_of_model5_used: 7
index,index2,cosdist[index][index2],deepcopy_cosdist[index][0]: 5 8 0.9970219884228129 0.8547075277380888
model_id_of_model5_used: 8
index,index2,cosdist[index][index2],deepcopy_cosdist[index][0]: 5 9 0.9956139782889811 0.8547075277380888
model_id_of_model5_used: 9
model_num of model 5 used
-- 9 --
min_max_sun of model 5 used: 0.8199506957055048
index,index2,cosdist[index][index2],deepcopy_cosdist[index][0]: 6 0 0.8695902161319168 0.8517796298174325
model_id_of_model6_used: 0
index,index2,cosdist[index][index2],deepcopy_cosdist[index][0]: 6 1 0.8998744478464337 0.8517796298174325
model_id_of_model6_used: 1
index,index2,cosdist[index][index2],deepcopy_cosdist[index][0]: 6 3 0.8687389794787115 0.8517796298174325
model_id_of_model6_used: 3
index,index2,cosdist[index][index2],deepcopy_cosdist[index][0]: 6 4 0.8819137846694041 0.8517796298174325
model_id_of_model6_used: 4
index,index2,cosdist[index][index2],deepcopy_cosdist[index][0]: 6 5 0.9956879537299104 0.8517796298174325
model_id_of_model6_used: 5
index,index2,cosdist[index][index2],deepcopy_cosdist[index][0]: 6 6 1 0.8517796298174325
model_id_of_model6_used: 6
index,index2,cosdist[index][index2],deepcopy_cosdist[index][0]: 6 7 0.9952036035531822 0.8517796298174325
model_id_of_model6_used: 7
index,index2,cosdist[index][index2],deepcopy_cosdist[index][0]: 6 8 0.9953541908561444 0.8517796298174325
model_id_of_model6_used: 8
index,index2,cosdist[index][index2],deepcopy_cosdist[index][0]: 6 9 0.9931838590715923 0.8517796298174325
model_id_of_model6_used: 9
model_num of model 6 used
-- 9 --
min_max_sun of model 6 used: 0.8335303669804028
index,index2,cosdist[index][index2],deepcopy_cosdist[index][0]: 7 0 0.8669921983868467 0.8493661499109227
model_id_of_model7_used: 0
index,index2,cosdist[index][index2],deepcopy_cosdist[index][0]: 7 1 0.8948589355990626 0.8493661499109227
model_id_of_model7_used: 1
index,index2,cosdist[index][index2],deepcopy_cosdist[index][0]: 7 3 0.8657863490163521 0.8493661499109227
model_id_of_model7_used: 3
index,index2,cosdist[index][index2],deepcopy_cosdist[index][0]: 7 4 0.8755741811804476 0.8493661499109227
model_id_of_model7_used: 4
index,index2,cosdist[index][index2],deepcopy_cosdist[index][0]: 7 5 0.9973785224523051 0.8493661499109227
model_id_of_model7_used: 5
index,index2,cosdist[index][index2],deepcopy_cosdist[index][0]: 7 6 0.9952036035531822 0.8493661499109227
model_id_of_model7_used: 6
index,index2,cosdist[index][index2],deepcopy_cosdist[index][0]: 7 7 1 0.8493661499109227
model_id_of_model7_used: 7
index,index2,cosdist[index][index2],deepcopy_cosdist[index][0]: 7 8 0.9957318522179743 0.8493661499109227
model_id_of_model7_used: 8
index,index2,cosdist[index][index2],deepcopy_cosdist[index][0]: 7 9 0.9937479716040009 0.8493661499109227
model_id_of_model7_used: 9
model_num of model 7 used
-- 9 --
min_max_sun of model 7 used: 0.8409782648118668
index,index2,cosdist[index][index2],deepcopy_cosdist[index][0]: 8 0 0.8825200236623447 0.8661219352899585
model_id_of_model8_used: 0
index,index2,cosdist[index][index2],deepcopy_cosdist[index][0]: 8 1 0.9107208243790545 0.8661219352899585
model_id_of_model8_used: 1
index,index2,cosdist[index][index2],deepcopy_cosdist[index][0]: 8 3 0.8826159950809722 0.8661219352899585
model_id_of_model8_used: 3
index,index2,cosdist[index][index2],deepcopy_cosdist[index][0]: 8 4 0.8925796550238236 0.8661219352899585
model_id_of_model8_used: 4
index,index2,cosdist[index][index2],deepcopy_cosdist[index][0]: 8 5 0.9970219884228129 0.8661219352899585
model_id_of_model8_used: 5
index,index2,cosdist[index][index2],deepcopy_cosdist[index][0]: 8 6 0.9953541908561444 0.8661219352899585
model_id_of_model8_used: 6
index,index2,cosdist[index][index2],deepcopy_cosdist[index][0]: 8 7 0.9957318522179743 0.8661219352899585
model_id_of_model8_used: 7
index,index2,cosdist[index][index2],deepcopy_cosdist[index][0]: 8 8 1 0.8661219352899585
model_id_of_model8_used: 8
index,index2,cosdist[index][index2],deepcopy_cosdist[index][0]: 8 9 0.9966982060727537 0.8661219352899585
model_id_of_model8_used: 9
model_num of model 8 used
-- 9 --
min_max_sun of model 8 used: 0.7581453181062539
index,index2,cosdist[index][index2],deepcopy_cosdist[index][0]: 9 0 0.8877570083966299 0.8722520551665875
model_id_of_model9_used: 0
index,index2,cosdist[index][index2],deepcopy_cosdist[index][0]: 9 1 0.9172477548324344 0.8722520551665875
model_id_of_model9_used: 1
index,index2,cosdist[index][index2],deepcopy_cosdist[index][0]: 9 3 0.887887114996548 0.8722520551665875
model_id_of_model9_used: 3
index,index2,cosdist[index][index2],deepcopy_cosdist[index][0]: 9 4 0.8996167744900581 0.8722520551665875
model_id_of_model9_used: 4
index,index2,cosdist[index][index2],deepcopy_cosdist[index][0]: 9 5 0.9956139782889811 0.8722520551665875
model_id_of_model9_used: 5
index,index2,cosdist[index][index2],deepcopy_cosdist[index][0]: 9 6 0.9931838590715923 0.8722520551665875
model_id_of_model9_used: 6
index,index2,cosdist[index][index2],deepcopy_cosdist[index][0]: 9 7 0.9937479716040009 0.8722520551665875
model_id_of_model9_used: 7
index,index2,cosdist[index][index2],deepcopy_cosdist[index][0]: 9 8 0.9966982060727537 0.8722520551665875
model_id_of_model9_used: 8
index,index2,cosdist[index][index2],deepcopy_cosdist[index][0]: 9 9 1 0.8722520551665875
model_id_of_model9_used: 9
model_num of model 9 used
-- 9 --
min_max_sun of model 9 used: 0.7214841712537104
test performance ... 
model 0 use private_data_1 test
0.9114583337560613
model 1 use private_data_1 test
0.8996010638297872
model 2 use private_data_1 test
0.7967641848198911
model 3 use private_data_1 test
0.8386524826922315
model 4 use private_data_1 test
0.8889627659574468
model 5 use private_data_2 test
0.9335106382978723
model 6 use private_data_2 test
0.877770390282286
model 7 use private_data_2 test
0.8976063829787234
model 8 use private_data_2 test
0.9064716316284017
model 9 use private_data_2 test
0.8766622340425532
updates models ...
model 0 starting alignment with public logits... 
model 0 done alignment
model 0 starting training with private data... 
model 0 done private training. 

model 1 starting alignment with public logits... 
model 1 done alignment
model 1 starting training with private data... 
model 1 done private training. 

model 2 starting alignment with public logits... 
model 2 done alignment
model 2 starting training with private data... 
model 2 done private training. 

model 3 starting alignment with public logits... 
model 3 done alignment
model 3 starting training with private data... 
model 3 done private training. 

model 4 starting alignment with public logits... 
model 4 done alignment
model 4 starting training with private data... 
model 4 done private training. 

model 5 starting alignment with public logits... 
model 5 done alignment
model 5 starting training with private data... 
model 5 done private training. 

model 6 starting alignment with public logits... 
model 6 done alignment
model 6 starting training with private data... 
model 6 done private training. 

model 7 starting alignment with public logits... 
model 7 done alignment
model 7 starting training with private data... 
model 7 done private training. 

model 8 starting alignment with public logits... 
model 8 done alignment
model 8 starting training with private data... 
model 8 done private training. 

model 9 starting alignment with public logits... 
model 9 done alignment
model 9 starting training with private data... 
model 9 done private training. 

round  2
update logits ... 
cosdist:
