Namespace(conf='../conf/EMNIST_balance_conf.json', dataset='mnist', gpu=1.0, iid=True, use_pretrained_model=False)
X shape : (36000, 28, 28)
y shape : (36000,)
X shape : (6000, 28, 28)
y shape : (6000,)
15    6000
14    6000
13    6000
12    6000
11    6000
10    6000
dtype: int64
mod_private_class1: [10 11 12]
mod_private_class2: [13 14 15]
============================================================
============================================================
============================================================
X shape : (3000, 28, 28)
y shape : (3000,)
X shape : (3000, 28, 28)
y shape : (3000,)
model 0 : CNN_128_256
model 1 : CNN_128_384
model 2 : CNN_128_512
model 3 : CNN_256_256
model 4 : CNN_256_512
model 5 : CNN_64_128_256
model 6 : CNN_64_128_192
model 7 : CNN_128_192_256
model 8 : CNN_128_128_128
model 9 : CNN_128_128_192
Training model  0
Training model  1
Training model  2
Training model  3
Training model  4
Training model  5
Training model  6
Training model  7
Training model  8
Training model  9
pre-train accuracy: 
[0.9889240506329114, 0.9858583860759493, 0.9852650316455697, 0.9865506329113924, 0.9881329113924051, 0.9893196202531646, 0.9916930379746836, 0.9910996835443038, 0.9915941455696202, 0.9922863924050633]
publice_dataset[y]: [5 0 4 ... 5 6 8]
calculate the theoretical upper bounds for participants: 
the upper bounds are: [0.0, 0.0, 0.0, 0.0, 0.0, 0.0, 0.0, 0.0, 0.0, 0.0]
start model initialization: 
finish model initialization: 
round  0
update logits ... 
cosdist:
[[1, 0.9777357278888329, 0.9377529077184975, 0.9377488896890577, 0.9617677852934651, 0.8017577553868985, 0.8360708340621887, 0.8248808081643353, 0.8302877626029482, 0.8383782719099697], [0.9777357278888329, 1, 0.9711697289888144, 0.9682716796863231, 0.9879197049935792, 0.8175616966072645, 0.8322159003026572, 0.8317437648518123, 0.830242110027376, 0.8283829683351369], [0.9377529077184975, 0.9711697289888144, 1, 0.9883992550527848, 0.9874338031096075, 0.7568133589039662, 0.7527296375044646, 0.7583675159383427, 0.7490591257999609, 0.7358272741362739], [0.9377488896890577, 0.9682716796863231, 0.9883992550527848, 1, 0.9848734299519782, 0.7856882709223724, 0.784724825728447, 0.7875171299857368, 0.7818357324569593, 0.761787040854929], [0.9617677852934651, 0.9879197049935792, 0.9874338031096075, 0.9848734299519782, 1, 0.8088657008424575, 0.812989227005878, 0.8145781974701534, 0.810222799381188, 0.8007586957970161], [0.8017577553868985, 0.8175616966072645, 0.7568133589039662, 0.7856882709223724, 0.8088657008424575, 1, 0.9761942296309493, 0.9766864940929965, 0.9789227303584154, 0.9588026726476858], [0.8360708340621887, 0.8322159003026572, 0.7527296375044646, 0.784724825728447, 0.812989227005878, 0.9761942296309493, 1, 0.9872534358589574, 0.9879711351554717, 0.9816502989661767], [0.8248808081643353, 0.8317437648518123, 0.7583675159383427, 0.7875171299857368, 0.8145781974701534, 0.9766864940929965, 0.9872534358589574, 1, 0.985285782108277, 0.9800931596167951], [0.8302877626029482, 0.830242110027376, 0.7490591257999609, 0.7818357324569593, 0.810222799381188, 0.9789227303584154, 0.9879711351554717, 0.985285782108277, 1, 0.9835132896650212], [0.8383782719099697, 0.8283829683351369, 0.7358272741362739, 0.761787040854929, 0.8007586957970161, 0.9588026726476858, 0.9816502989661767, 0.9800931596167951, 0.9835132896650212, 1]]
thresholdtopk: [[0.8017577553868985, 0.8248808081643353, 0.8302877626029482, 0.8360708340621887, 0.8383782719099697, 0.9377488896890577, 0.9377529077184975, 0.9617677852934651, 0.9777357278888329, 1], [0.8175616966072645, 0.8283829683351369, 0.830242110027376, 0.8317437648518123, 0.8322159003026572, 0.9682716796863231, 0.9711697289888144, 0.9777357278888329, 0.9879197049935792, 1], [0.7358272741362739, 0.7490591257999609, 0.7527296375044646, 0.7568133589039662, 0.7583675159383427, 0.9377529077184975, 0.9711697289888144, 0.9874338031096075, 0.9883992550527848, 1], [0.761787040854929, 0.7818357324569593, 0.784724825728447, 0.7856882709223724, 0.7875171299857368, 0.9377488896890577, 0.9682716796863231, 0.9848734299519782, 0.9883992550527848, 1], [0.8007586957970161, 0.8088657008424575, 0.810222799381188, 0.812989227005878, 0.8145781974701534, 0.9617677852934651, 0.9848734299519782, 0.9874338031096075, 0.9879197049935792, 1], [0.7568133589039662, 0.7856882709223724, 0.8017577553868985, 0.8088657008424575, 0.8175616966072645, 0.9588026726476858, 0.9761942296309493, 0.9766864940929965, 0.9789227303584154, 1], [0.7527296375044646, 0.784724825728447, 0.812989227005878, 0.8322159003026572, 0.8360708340621887, 0.9761942296309493, 0.9816502989661767, 0.9872534358589574, 0.9879711351554717, 1], [0.7583675159383427, 0.7875171299857368, 0.8145781974701534, 0.8248808081643353, 0.8317437648518123, 0.9766864940929965, 0.9800931596167951, 0.985285782108277, 0.9872534358589574, 1], [0.7490591257999609, 0.7818357324569593, 0.810222799381188, 0.830242110027376, 0.8302877626029482, 0.9789227303584154, 0.9835132896650212, 0.985285782108277, 0.9879711351554717, 1], [0.7358272741362739, 0.761787040854929, 0.8007586957970161, 0.8283829683351369, 0.8383782719099697, 0.9588026726476858, 0.9800931596167951, 0.9816502989661767, 0.9835132896650212, 1]]
index,index2,cosdist[index][index2],deepcopy_cosdist[index][0]: 0 0 1 0.8017577553868985
model_id_of_model0_used: 0
index,index2,cosdist[index][index2],deepcopy_cosdist[index][0]: 0 1 0.9777357278888329 0.8017577553868985
model_id_of_model0_used: 1
index,index2,cosdist[index][index2],deepcopy_cosdist[index][0]: 0 2 0.9377529077184975 0.8017577553868985
model_id_of_model0_used: 2
index,index2,cosdist[index][index2],deepcopy_cosdist[index][0]: 0 3 0.9377488896890577 0.8017577553868985
model_id_of_model0_used: 3
index,index2,cosdist[index][index2],deepcopy_cosdist[index][0]: 0 4 0.9617677852934651 0.8017577553868985
model_id_of_model0_used: 4
index,index2,cosdist[index][index2],deepcopy_cosdist[index][0]: 0 6 0.8360708340621887 0.8017577553868985
model_id_of_model0_used: 6
index,index2,cosdist[index][index2],deepcopy_cosdist[index][0]: 0 7 0.8248808081643353 0.8017577553868985
model_id_of_model0_used: 7
index,index2,cosdist[index][index2],deepcopy_cosdist[index][0]: 0 8 0.8302877626029482 0.8017577553868985
model_id_of_model0_used: 8
index,index2,cosdist[index][index2],deepcopy_cosdist[index][0]: 0 9 0.8383782719099697 0.8017577553868985
model_id_of_model0_used: 9
model_num of model 0 used
-- 9 --
min_max_sun of model 0 used: 0.9288031888472084
index,index2,cosdist[index][index2],deepcopy_cosdist[index][0]: 1 0 0.9777357278888329 0.8175616966072645
model_id_of_model1_used: 0
index,index2,cosdist[index][index2],deepcopy_cosdist[index][0]: 1 1 1 0.8175616966072645
model_id_of_model1_used: 1
index,index2,cosdist[index][index2],deepcopy_cosdist[index][0]: 1 2 0.9711697289888144 0.8175616966072645
model_id_of_model1_used: 2
index,index2,cosdist[index][index2],deepcopy_cosdist[index][0]: 1 3 0.9682716796863231 0.8175616966072645
model_id_of_model1_used: 3
index,index2,cosdist[index][index2],deepcopy_cosdist[index][0]: 1 4 0.9879197049935792 0.8175616966072645
model_id_of_model1_used: 4
index,index2,cosdist[index][index2],deepcopy_cosdist[index][0]: 1 6 0.8322159003026572 0.8175616966072645
model_id_of_model1_used: 6
index,index2,cosdist[index][index2],deepcopy_cosdist[index][0]: 1 7 0.8317437648518123 0.8175616966072645
model_id_of_model1_used: 7
index,index2,cosdist[index][index2],deepcopy_cosdist[index][0]: 1 8 0.830242110027376 0.8175616966072645
model_id_of_model1_used: 8
index,index2,cosdist[index][index2],deepcopy_cosdist[index][0]: 1 9 0.8283829683351369 0.8175616966072645
model_id_of_model1_used: 9
model_num of model 1 used
-- 9 --
min_max_sun of model 1 used: 0.8696263156091514
index,index2,cosdist[index][index2],deepcopy_cosdist[index][0]: 2 0 0.9377529077184975 0.7358272741362739
model_id_of_model2_used: 0
index,index2,cosdist[index][index2],deepcopy_cosdist[index][0]: 2 1 0.9711697289888144 0.7358272741362739
model_id_of_model2_used: 1
index,index2,cosdist[index][index2],deepcopy_cosdist[index][0]: 2 2 1 0.7358272741362739
model_id_of_model2_used: 2
index,index2,cosdist[index][index2],deepcopy_cosdist[index][0]: 2 3 0.9883992550527848 0.7358272741362739
model_id_of_model2_used: 3
index,index2,cosdist[index][index2],deepcopy_cosdist[index][0]: 2 4 0.9874338031096075 0.7358272741362739
model_id_of_model2_used: 4
index,index2,cosdist[index][index2],deepcopy_cosdist[index][0]: 2 5 0.7568133589039662 0.7358272741362739
model_id_of_model2_used: 5
index,index2,cosdist[index][index2],deepcopy_cosdist[index][0]: 2 6 0.7527296375044646 0.7358272741362739
model_id_of_model2_used: 6
index,index2,cosdist[index][index2],deepcopy_cosdist[index][0]: 2 7 0.7583675159383427 0.7358272741362739
model_id_of_model2_used: 7
index,index2,cosdist[index][index2],deepcopy_cosdist[index][0]: 2 8 0.7490591257999609 0.7358272741362739
model_id_of_model2_used: 8
model_num of model 2 used
-- 9 --
min_max_sun of model 2 used: 1.2792798657899733
index,index2,cosdist[index][index2],deepcopy_cosdist[index][0]: 3 0 0.9377488896890577 0.761787040854929
model_id_of_model3_used: 0
index,index2,cosdist[index][index2],deepcopy_cosdist[index][0]: 3 1 0.9682716796863231 0.761787040854929
model_id_of_model3_used: 1
index,index2,cosdist[index][index2],deepcopy_cosdist[index][0]: 3 2 0.9883992550527848 0.761787040854929
model_id_of_model3_used: 2
index,index2,cosdist[index][index2],deepcopy_cosdist[index][0]: 3 3 1 0.761787040854929
model_id_of_model3_used: 3
index,index2,cosdist[index][index2],deepcopy_cosdist[index][0]: 3 4 0.9848734299519782 0.761787040854929
model_id_of_model3_used: 4
index,index2,cosdist[index][index2],deepcopy_cosdist[index][0]: 3 5 0.7856882709223724 0.761787040854929
model_id_of_model3_used: 5
index,index2,cosdist[index][index2],deepcopy_cosdist[index][0]: 3 6 0.784724825728447 0.761787040854929
model_id_of_model3_used: 6
index,index2,cosdist[index][index2],deepcopy_cosdist[index][0]: 3 7 0.7875171299857368 0.761787040854929
model_id_of_model3_used: 7
index,index2,cosdist[index][index2],deepcopy_cosdist[index][0]: 3 8 0.7818357324569593 0.761787040854929
model_id_of_model3_used: 8
model_num of model 3 used
-- 9 --
min_max_sun of model 3 used: 1.1629758457792985
index,index2,cosdist[index][index2],deepcopy_cosdist[index][0]: 4 0 0.9617677852934651 0.8007586957970161
model_id_of_model4_used: 0
index,index2,cosdist[index][index2],deepcopy_cosdist[index][0]: 4 1 0.9879197049935792 0.8007586957970161
model_id_of_model4_used: 1
index,index2,cosdist[index][index2],deepcopy_cosdist[index][0]: 4 2 0.9874338031096075 0.8007586957970161
model_id_of_model4_used: 2
index,index2,cosdist[index][index2],deepcopy_cosdist[index][0]: 4 3 0.9848734299519782 0.8007586957970161
model_id_of_model4_used: 3
index,index2,cosdist[index][index2],deepcopy_cosdist[index][0]: 4 4 1 0.8007586957970161
model_id_of_model4_used: 4
index,index2,cosdist[index][index2],deepcopy_cosdist[index][0]: 4 5 0.8088657008424575 0.8007586957970161
model_id_of_model4_used: 5
index,index2,cosdist[index][index2],deepcopy_cosdist[index][0]: 4 6 0.812989227005878 0.8007586957970161
model_id_of_model4_used: 6
index,index2,cosdist[index][index2],deepcopy_cosdist[index][0]: 4 7 0.8145781974701534 0.8007586957970161
model_id_of_model4_used: 7
index,index2,cosdist[index][index2],deepcopy_cosdist[index][0]: 4 8 0.810222799381188 0.8007586957970161
model_id_of_model4_used: 8
model_num of model 4 used
-- 9 --
min_max_sun of model 4 used: 0.961822385875162
index,index2,cosdist[index][index2],deepcopy_cosdist[index][0]: 5 0 0.8017577553868985 0.7568133589039662
model_id_of_model5_used: 0
index,index2,cosdist[index][index2],deepcopy_cosdist[index][0]: 5 1 0.8175616966072645 0.7568133589039662
model_id_of_model5_used: 1
index,index2,cosdist[index][index2],deepcopy_cosdist[index][0]: 5 3 0.7856882709223724 0.7568133589039662
model_id_of_model5_used: 3
index,index2,cosdist[index][index2],deepcopy_cosdist[index][0]: 5 4 0.8088657008424575 0.7568133589039662
model_id_of_model5_used: 4
index,index2,cosdist[index][index2],deepcopy_cosdist[index][0]: 5 5 1 0.7568133589039662
model_id_of_model5_used: 5
index,index2,cosdist[index][index2],deepcopy_cosdist[index][0]: 5 6 0.9761942296309493 0.7568133589039662
model_id_of_model5_used: 6
index,index2,cosdist[index][index2],deepcopy_cosdist[index][0]: 5 7 0.9766864940929965 0.7568133589039662
model_id_of_model5_used: 7
index,index2,cosdist[index][index2],deepcopy_cosdist[index][0]: 5 8 0.9789227303584154 0.7568133589039662
model_id_of_model5_used: 8
index,index2,cosdist[index][index2],deepcopy_cosdist[index][0]: 5 9 0.9588026726476858 0.7568133589039662
model_id_of_model5_used: 9
model_num of model 5 used
-- 9 --
min_max_sun of model 5 used: 1.2931593203533442
index,index2,cosdist[index][index2],deepcopy_cosdist[index][0]: 6 0 0.8360708340621887 0.7527296375044646
model_id_of_model6_used: 0
index,index2,cosdist[index][index2],deepcopy_cosdist[index][0]: 6 1 0.8322159003026572 0.7527296375044646
model_id_of_model6_used: 1
index,index2,cosdist[index][index2],deepcopy_cosdist[index][0]: 6 3 0.784724825728447 0.7527296375044646
model_id_of_model6_used: 3
index,index2,cosdist[index][index2],deepcopy_cosdist[index][0]: 6 4 0.812989227005878 0.7527296375044646
model_id_of_model6_used: 4
index,index2,cosdist[index][index2],deepcopy_cosdist[index][0]: 6 5 0.9761942296309493 0.7527296375044646
model_id_of_model6_used: 5
index,index2,cosdist[index][index2],deepcopy_cosdist[index][0]: 6 6 1 0.7527296375044646
model_id_of_model6_used: 6
index,index2,cosdist[index][index2],deepcopy_cosdist[index][0]: 6 7 0.9872534358589574 0.7527296375044646
model_id_of_model6_used: 7
index,index2,cosdist[index][index2],deepcopy_cosdist[index][0]: 6 8 0.9879711351554717 0.7527296375044646
model_id_of_model6_used: 8
index,index2,cosdist[index][index2],deepcopy_cosdist[index][0]: 6 9 0.9816502989661767 0.7527296375044646
model_id_of_model6_used: 9
model_num of model 6 used
-- 9 --
min_max_sun of model 6 used: 1.4245031491705444
index,index2,cosdist[index][index2],deepcopy_cosdist[index][0]: 7 0 0.8248808081643353 0.7583675159383427
model_id_of_model7_used: 0
index,index2,cosdist[index][index2],deepcopy_cosdist[index][0]: 7 1 0.8317437648518123 0.7583675159383427
model_id_of_model7_used: 1
index,index2,cosdist[index][index2],deepcopy_cosdist[index][0]: 7 3 0.7875171299857368 0.7583675159383427
model_id_of_model7_used: 3
index,index2,cosdist[index][index2],deepcopy_cosdist[index][0]: 7 4 0.8145781974701534 0.7583675159383427
model_id_of_model7_used: 4
index,index2,cosdist[index][index2],deepcopy_cosdist[index][0]: 7 5 0.9766864940929965 0.7583675159383427
model_id_of_model7_used: 5
index,index2,cosdist[index][index2],deepcopy_cosdist[index][0]: 7 6 0.9872534358589574 0.7583675159383427
model_id_of_model7_used: 6
index,index2,cosdist[index][index2],deepcopy_cosdist[index][0]: 7 7 1 0.7583675159383427
model_id_of_model7_used: 7
index,index2,cosdist[index][index2],deepcopy_cosdist[index][0]: 7 8 0.985285782108277 0.7583675159383427
model_id_of_model7_used: 8
index,index2,cosdist[index][index2],deepcopy_cosdist[index][0]: 7 9 0.9800931596167951 0.7583675159383427
model_id_of_model7_used: 9
model_num of model 7 used
-- 9 --
min_max_sun of model 7 used: 1.3627311287039792
index,index2,cosdist[index][index2],deepcopy_cosdist[index][0]: 8 0 0.8302877626029482 0.7490591257999609
model_id_of_model8_used: 0
index,index2,cosdist[index][index2],deepcopy_cosdist[index][0]: 8 1 0.830242110027376 0.7490591257999609
model_id_of_model8_used: 1
index,index2,cosdist[index][index2],deepcopy_cosdist[index][0]: 8 3 0.7818357324569593 0.7490591257999609
model_id_of_model8_used: 3
index,index2,cosdist[index][index2],deepcopy_cosdist[index][0]: 8 4 0.810222799381188 0.7490591257999609
model_id_of_model8_used: 4
index,index2,cosdist[index][index2],deepcopy_cosdist[index][0]: 8 5 0.9789227303584154 0.7490591257999609
model_id_of_model8_used: 5
index,index2,cosdist[index][index2],deepcopy_cosdist[index][0]: 8 6 0.9879711351554717 0.7490591257999609
model_id_of_model8_used: 6
index,index2,cosdist[index][index2],deepcopy_cosdist[index][0]: 8 7 0.985285782108277 0.7490591257999609
model_id_of_model8_used: 7
index,index2,cosdist[index][index2],deepcopy_cosdist[index][0]: 8 8 1 0.7490591257999609
model_id_of_model8_used: 8
index,index2,cosdist[index][index2],deepcopy_cosdist[index][0]: 8 9 0.9835132896650212 0.7490591257999609
model_id_of_model8_used: 9
model_num of model 8 used
-- 9 --
min_max_sun of model 8 used: 1.4467492095560086
index,index2,cosdist[index][index2],deepcopy_cosdist[index][0]: 9 0 0.8383782719099697 0.7358272741362739
model_id_of_model9_used: 0
index,index2,cosdist[index][index2],deepcopy_cosdist[index][0]: 9 1 0.8283829683351369 0.7358272741362739
model_id_of_model9_used: 1
index,index2,cosdist[index][index2],deepcopy_cosdist[index][0]: 9 3 0.761787040854929 0.7358272741362739
model_id_of_model9_used: 3
index,index2,cosdist[index][index2],deepcopy_cosdist[index][0]: 9 4 0.8007586957970161 0.7358272741362739
model_id_of_model9_used: 4
index,index2,cosdist[index][index2],deepcopy_cosdist[index][0]: 9 5 0.9588026726476858 0.7358272741362739
model_id_of_model9_used: 5
index,index2,cosdist[index][index2],deepcopy_cosdist[index][0]: 9 6 0.9816502989661767 0.7358272741362739
model_id_of_model9_used: 6
index,index2,cosdist[index][index2],deepcopy_cosdist[index][0]: 9 7 0.9800931596167951 0.7358272741362739
model_id_of_model9_used: 7
index,index2,cosdist[index][index2],deepcopy_cosdist[index][0]: 9 8 0.9835132896650212 0.7358272741362739
model_id_of_model9_used: 8
index,index2,cosdist[index][index2],deepcopy_cosdist[index][0]: 9 9 1 0.7358272741362739
model_id_of_model9_used: 9
model_num of model 9 used
-- 9 --
min_max_sun of model 9 used: 1.5109209305662652
test performance ... 
model 0 use private_data_1 test
0.8963874115588817
model 1 use private_data_1 test
0.8996010638297872
model 2 use private_data_1 test
0.883200355032657
model 3 use private_data_1 test
0.9042553191489362
model 4 use private_data_1 test
0.8962765957446809
model 5 use private_data_2 test
0.9261968085106383
model 6 use private_data_2 test
0.8895168443943592
model 7 use private_data_2 test
0.8740026595744681
model 8 use private_data_2 test
0.9003767732610094
model 9 use private_data_2 test
0.7664007094312222
updates models ...
model 0 starting alignment with public logits... 
model 0 done alignment
model 0 starting training with private data... 
model 0 done private training. 

model 1 starting alignment with public logits... 
model 1 done alignment
model 1 starting training with private data... 
model 1 done private training. 

model 2 starting alignment with public logits... 
model 2 done alignment
model 2 starting training with private data... 
model 2 done private training. 

model 3 starting alignment with public logits... 
model 3 done alignment
model 3 starting training with private data... 
model 3 done private training. 

model 4 starting alignment with public logits... 
model 4 done alignment
model 4 starting training with private data... 
model 4 done private training. 

model 5 starting alignment with public logits... 
model 5 done alignment
model 5 starting training with private data... 
model 5 done private training. 

model 6 starting alignment with public logits... 
model 6 done alignment
model 6 starting training with private data... 
model 6 done private training. 

model 7 starting alignment with public logits... 
model 7 done alignment
model 7 starting training with private data... 
model 7 done private training. 

model 8 starting alignment with public logits... 
model 8 done alignment
model 8 starting training with private data... 
model 8 done private training. 

model 9 starting alignment with public logits... 
model 9 done alignment
model 9 starting training with private data... 
model 9 done private training. 

round  1
update logits ... 
cosdist:
[[1, 0.9949981447555725, 0.9905973629411001, 0.9908514342439874, 0.9893788496414265, 0.9098833192964448, 0.906668593478392, 0.9037573610495261, 0.905539005201967, 0.911903403337618], [0.9949981447555725, 1, 0.9953397451074167, 0.994981452255898, 0.9948447400379331, 0.9018882318678961, 0.8990454406437902, 0.8968618560608929, 0.8975079790817233, 0.9044679192703551], [0.9905973629411001, 0.9953397451074167, 1, 0.9978702310528863, 0.9972962914616812, 0.894806411331775, 0.8915586785785045, 0.8906965654096425, 0.8912746432725815, 0.8976840480422198], [0.9908514342439874, 0.994981452255898, 0.9978702310528863, 1, 0.9973547551353082, 0.8965766920504153, 0.8932251687505453, 0.8911613222163388, 0.8931167444406782, 0.8988285007470741], [0.9893788496414265, 0.9948447400379331, 0.9972962914616812, 0.9973547551353082, 1, 0.8887970504229842, 0.8858892212008406, 0.8834428480826804, 0.8854551653778823, 0.8920086715722674], [0.9098833192964448, 0.9018882318678961, 0.894806411331775, 0.8965766920504153, 0.8887970504229842, 1, 0.9968001042029777, 0.995387843890603, 0.9964178171145405, 0.9960977187321114], [0.906668593478392, 0.8990454406437902, 0.8915586785785045, 0.8932251687505453, 0.8858892212008406, 0.9968001042029777, 1, 0.9964533053259427, 0.9969296483480051, 0.9968593398139456], [0.9037573610495261, 0.8968618560608929, 0.8906965654096425, 0.8911613222163388, 0.8834428480826804, 0.995387843890603, 0.9964533053259427, 1, 0.9953455974446204, 0.9950377017679548], [0.905539005201967, 0.8975079790817233, 0.8912746432725815, 0.8931167444406782, 0.8854551653778823, 0.9964178171145405, 0.9969296483480051, 0.9953455974446204, 1, 0.9973344149381459], [0.911903403337618, 0.9044679192703551, 0.8976840480422198, 0.8988285007470741, 0.8920086715722674, 0.9960977187321114, 0.9968593398139456, 0.9950377017679548, 0.9973344149381459, 1]]
thresholdtopk: [[0.9037573610495261, 0.905539005201967, 0.906668593478392, 0.9098833192964448, 0.911903403337618, 0.9893788496414265, 0.9905973629411001, 0.9908514342439874, 0.9949981447555725, 1], [0.8968618560608929, 0.8975079790817233, 0.8990454406437902, 0.9018882318678961, 0.9044679192703551, 0.9948447400379331, 0.994981452255898, 0.9949981447555725, 0.9953397451074167, 1], [0.8906965654096425, 0.8912746432725815, 0.8915586785785045, 0.894806411331775, 0.8976840480422198, 0.9905973629411001, 0.9953397451074167, 0.9972962914616812, 0.9978702310528863, 1], [0.8911613222163388, 0.8931167444406782, 0.8932251687505453, 0.8965766920504153, 0.8988285007470741, 0.9908514342439874, 0.994981452255898, 0.9973547551353082, 0.9978702310528863, 1], [0.8834428480826804, 0.8854551653778823, 0.8858892212008406, 0.8887970504229842, 0.8920086715722674, 0.9893788496414265, 0.9948447400379331, 0.9972962914616812, 0.9973547551353082, 1], [0.8887970504229842, 0.894806411331775, 0.8965766920504153, 0.9018882318678961, 0.9098833192964448, 0.995387843890603, 0.9960977187321114, 0.9964178171145405, 0.9968001042029777, 1], [0.8858892212008406, 0.8915586785785045, 0.8932251687505453, 0.8990454406437902, 0.906668593478392, 0.9964533053259427, 0.9968001042029777, 0.9968593398139456, 0.9969296483480051, 1], [0.8834428480826804, 0.8906965654096425, 0.8911613222163388, 0.8968618560608929, 0.9037573610495261, 0.9950377017679548, 0.9953455974446204, 0.995387843890603, 0.9964533053259427, 1], [0.8854551653778823, 0.8912746432725815, 0.8931167444406782, 0.8975079790817233, 0.905539005201967, 0.9953455974446204, 0.9964178171145405, 0.9969296483480051, 0.9973344149381459, 1], [0.8920086715722674, 0.8976840480422198, 0.8988285007470741, 0.9044679192703551, 0.911903403337618, 0.9950377017679548, 0.9960977187321114, 0.9968593398139456, 0.9973344149381459, 1]]
index,index2,cosdist[index][index2],deepcopy_cosdist[index][0]: 0 0 1 0.9037573610495261
model_id_of_model0_used: 0
index,index2,cosdist[index][index2],deepcopy_cosdist[index][0]: 0 1 0.9949981447555725 0.9037573610495261
model_id_of_model0_used: 1
index,index2,cosdist[index][index2],deepcopy_cosdist[index][0]: 0 2 0.9905973629411001 0.9037573610495261
model_id_of_model0_used: 2
index,index2,cosdist[index][index2],deepcopy_cosdist[index][0]: 0 3 0.9908514342439874 0.9037573610495261
model_id_of_model0_used: 3
index,index2,cosdist[index][index2],deepcopy_cosdist[index][0]: 0 4 0.9893788496414265 0.9037573610495261
model_id_of_model0_used: 4
index,index2,cosdist[index][index2],deepcopy_cosdist[index][0]: 0 5 0.9098833192964448 0.9037573610495261
model_id_of_model0_used: 5
index,index2,cosdist[index][index2],deepcopy_cosdist[index][0]: 0 6 0.906668593478392 0.9037573610495261
model_id_of_model0_used: 6
index,index2,cosdist[index][index2],deepcopy_cosdist[index][0]: 0 8 0.905539005201967 0.9037573610495261
model_id_of_model0_used: 8
index,index2,cosdist[index][index2],deepcopy_cosdist[index][0]: 0 9 0.911903403337618 0.9037573610495261
model_id_of_model0_used: 9
model_num of model 0 used
-- 9 --
min_max_sun of model 0 used: 0.4660038634507735
index,index2,cosdist[index][index2],deepcopy_cosdist[index][0]: 1 0 0.9949981447555725 0.8968618560608929
model_id_of_model1_used: 0
index,index2,cosdist[index][index2],deepcopy_cosdist[index][0]: 1 1 1 0.8968618560608929
model_id_of_model1_used: 1
index,index2,cosdist[index][index2],deepcopy_cosdist[index][0]: 1 2 0.9953397451074167 0.8968618560608929
model_id_of_model1_used: 2
index,index2,cosdist[index][index2],deepcopy_cosdist[index][0]: 1 3 0.994981452255898 0.8968618560608929
model_id_of_model1_used: 3
index,index2,cosdist[index][index2],deepcopy_cosdist[index][0]: 1 4 0.9948447400379331 0.8968618560608929
model_id_of_model1_used: 4
index,index2,cosdist[index][index2],deepcopy_cosdist[index][0]: 1 5 0.9018882318678961 0.8968618560608929
model_id_of_model1_used: 5
index,index2,cosdist[index][index2],deepcopy_cosdist[index][0]: 1 6 0.8990454406437902 0.8968618560608929
model_id_of_model1_used: 6
index,index2,cosdist[index][index2],deepcopy_cosdist[index][0]: 1 8 0.8975079790817233 0.8968618560608929
model_id_of_model1_used: 8
index,index2,cosdist[index][index2],deepcopy_cosdist[index][0]: 1 9 0.9044679192703551 0.8968618560608929
model_id_of_model1_used: 9
model_num of model 1 used
-- 9 --
min_max_sun of model 1 used: 0.5113169484725493
index,index2,cosdist[index][index2],deepcopy_cosdist[index][0]: 2 0 0.9905973629411001 0.8906965654096425
model_id_of_model2_used: 0
index,index2,cosdist[index][index2],deepcopy_cosdist[index][0]: 2 1 0.9953397451074167 0.8906965654096425
model_id_of_model2_used: 1
index,index2,cosdist[index][index2],deepcopy_cosdist[index][0]: 2 2 1 0.8906965654096425
model_id_of_model2_used: 2
index,index2,cosdist[index][index2],deepcopy_cosdist[index][0]: 2 3 0.9978702310528863 0.8906965654096425
model_id_of_model2_used: 3
index,index2,cosdist[index][index2],deepcopy_cosdist[index][0]: 2 4 0.9972962914616812 0.8906965654096425
model_id_of_model2_used: 4
index,index2,cosdist[index][index2],deepcopy_cosdist[index][0]: 2 5 0.894806411331775 0.8906965654096425
model_id_of_model2_used: 5
index,index2,cosdist[index][index2],deepcopy_cosdist[index][0]: 2 6 0.8915586785785045 0.8906965654096425
model_id_of_model2_used: 6
index,index2,cosdist[index][index2],deepcopy_cosdist[index][0]: 2 8 0.8912746432725815 0.8906965654096425
model_id_of_model2_used: 8
index,index2,cosdist[index][index2],deepcopy_cosdist[index][0]: 2 9 0.8976840480422198 0.8906965654096425
model_id_of_model2_used: 9
model_num of model 2 used
-- 9 --
min_max_sun of model 2 used: 0.5401583231013828
index,index2,cosdist[index][index2],deepcopy_cosdist[index][0]: 3 0 0.9908514342439874 0.8911613222163388
model_id_of_model3_used: 0
index,index2,cosdist[index][index2],deepcopy_cosdist[index][0]: 3 1 0.994981452255898 0.8911613222163388
model_id_of_model3_used: 1
index,index2,cosdist[index][index2],deepcopy_cosdist[index][0]: 3 2 0.9978702310528863 0.8911613222163388
model_id_of_model3_used: 2
index,index2,cosdist[index][index2],deepcopy_cosdist[index][0]: 3 3 1 0.8911613222163388
model_id_of_model3_used: 3
index,index2,cosdist[index][index2],deepcopy_cosdist[index][0]: 3 4 0.9973547551353082 0.8911613222163388
model_id_of_model3_used: 4
index,index2,cosdist[index][index2],deepcopy_cosdist[index][0]: 3 5 0.8965766920504153 0.8911613222163388
model_id_of_model3_used: 5
index,index2,cosdist[index][index2],deepcopy_cosdist[index][0]: 3 6 0.8932251687505453 0.8911613222163388
model_id_of_model3_used: 6
index,index2,cosdist[index][index2],deepcopy_cosdist[index][0]: 3 8 0.8931167444406782 0.8911613222163388
model_id_of_model3_used: 8
index,index2,cosdist[index][index2],deepcopy_cosdist[index][0]: 3 9 0.8988285007470741 0.8911613222163388
model_id_of_model3_used: 9
model_num of model 3 used
-- 9 --
min_max_sun of model 3 used: 0.5423530787297435
index,index2,cosdist[index][index2],deepcopy_cosdist[index][0]: 4 0 0.9893788496414265 0.8834428480826804
model_id_of_model4_used: 0
index,index2,cosdist[index][index2],deepcopy_cosdist[index][0]: 4 1 0.9948447400379331 0.8834428480826804
model_id_of_model4_used: 1
index,index2,cosdist[index][index2],deepcopy_cosdist[index][0]: 4 2 0.9972962914616812 0.8834428480826804
model_id_of_model4_used: 2
index,index2,cosdist[index][index2],deepcopy_cosdist[index][0]: 4 3 0.9973547551353082 0.8834428480826804
model_id_of_model4_used: 3
index,index2,cosdist[index][index2],deepcopy_cosdist[index][0]: 4 4 1 0.8834428480826804
model_id_of_model4_used: 4
index,index2,cosdist[index][index2],deepcopy_cosdist[index][0]: 4 5 0.8887970504229842 0.8834428480826804
model_id_of_model4_used: 5
index,index2,cosdist[index][index2],deepcopy_cosdist[index][0]: 4 6 0.8858892212008406 0.8834428480826804
model_id_of_model4_used: 6
index,index2,cosdist[index][index2],deepcopy_cosdist[index][0]: 4 8 0.8854551653778823 0.8834428480826804
model_id_of_model4_used: 8
index,index2,cosdist[index][index2],deepcopy_cosdist[index][0]: 4 9 0.8920086715722674 0.8834428480826804
model_id_of_model4_used: 9
model_num of model 4 used
-- 9 --
min_max_sun of model 4 used: 0.5800391121062002
index,index2,cosdist[index][index2],deepcopy_cosdist[index][0]: 5 0 0.9098833192964448 0.8887970504229842
model_id_of_model5_used: 0
index,index2,cosdist[index][index2],deepcopy_cosdist[index][0]: 5 1 0.9018882318678961 0.8887970504229842
model_id_of_model5_used: 1
index,index2,cosdist[index][index2],deepcopy_cosdist[index][0]: 5 2 0.894806411331775 0.8887970504229842
model_id_of_model5_used: 2
index,index2,cosdist[index][index2],deepcopy_cosdist[index][0]: 5 3 0.8965766920504153 0.8887970504229842
model_id_of_model5_used: 3
index,index2,cosdist[index][index2],deepcopy_cosdist[index][0]: 5 5 1 0.8887970504229842
model_id_of_model5_used: 5
index,index2,cosdist[index][index2],deepcopy_cosdist[index][0]: 5 6 0.9968001042029777 0.8887970504229842
model_id_of_model5_used: 6
index,index2,cosdist[index][index2],deepcopy_cosdist[index][0]: 5 7 0.995387843890603 0.8887970504229842
model_id_of_model5_used: 7
index,index2,cosdist[index][index2],deepcopy_cosdist[index][0]: 5 8 0.9964178171145405 0.8887970504229842
model_id_of_model5_used: 8
index,index2,cosdist[index][index2],deepcopy_cosdist[index][0]: 5 9 0.9960977187321114 0.8887970504229842
model_id_of_model5_used: 9
model_num of model 5 used
-- 9 --
min_max_sun of model 5 used: 0.5886846846799062
index,index2,cosdist[index][index2],deepcopy_cosdist[index][0]: 6 0 0.906668593478392 0.8858892212008406
model_id_of_model6_used: 0
index,index2,cosdist[index][index2],deepcopy_cosdist[index][0]: 6 1 0.8990454406437902 0.8858892212008406
model_id_of_model6_used: 1
index,index2,cosdist[index][index2],deepcopy_cosdist[index][0]: 6 2 0.8915586785785045 0.8858892212008406
model_id_of_model6_used: 2
index,index2,cosdist[index][index2],deepcopy_cosdist[index][0]: 6 3 0.8932251687505453 0.8858892212008406
model_id_of_model6_used: 3
index,index2,cosdist[index][index2],deepcopy_cosdist[index][0]: 6 5 0.9968001042029777 0.8858892212008406
model_id_of_model6_used: 5
index,index2,cosdist[index][index2],deepcopy_cosdist[index][0]: 6 6 1 0.8858892212008406
model_id_of_model6_used: 6
index,index2,cosdist[index][index2],deepcopy_cosdist[index][0]: 6 7 0.9964533053259427 0.8858892212008406
model_id_of_model6_used: 7
index,index2,cosdist[index][index2],deepcopy_cosdist[index][0]: 6 8 0.9969296483480051 0.8858892212008406
model_id_of_model6_used: 8
index,index2,cosdist[index][index2],deepcopy_cosdist[index][0]: 6 9 0.9968593398139456 0.8858892212008406
model_id_of_model6_used: 9
model_num of model 6 used
-- 9 --
min_max_sun of model 6 used: 0.6045372883345379
index,index2,cosdist[index][index2],deepcopy_cosdist[index][0]: 7 0 0.9037573610495261 0.8834428480826804
model_id_of_model7_used: 0
index,index2,cosdist[index][index2],deepcopy_cosdist[index][0]: 7 1 0.8968618560608929 0.8834428480826804
model_id_of_model7_used: 1
index,index2,cosdist[index][index2],deepcopy_cosdist[index][0]: 7 2 0.8906965654096425 0.8834428480826804
model_id_of_model7_used: 2
index,index2,cosdist[index][index2],deepcopy_cosdist[index][0]: 7 3 0.8911613222163388 0.8834428480826804
model_id_of_model7_used: 3
index,index2,cosdist[index][index2],deepcopy_cosdist[index][0]: 7 5 0.995387843890603 0.8834428480826804
model_id_of_model7_used: 5
index,index2,cosdist[index][index2],deepcopy_cosdist[index][0]: 7 6 0.9964533053259427 0.8834428480826804
model_id_of_model7_used: 6
index,index2,cosdist[index][index2],deepcopy_cosdist[index][0]: 7 7 1 0.8834428480826804
model_id_of_model7_used: 7
index,index2,cosdist[index][index2],deepcopy_cosdist[index][0]: 7 8 0.9953455974446204 0.8834428480826804
model_id_of_model7_used: 8
index,index2,cosdist[index][index2],deepcopy_cosdist[index][0]: 7 9 0.9950377017679548 0.8834428480826804
model_id_of_model7_used: 9
model_num of model 7 used
-- 9 --
min_max_sun of model 7 used: 0.6137159204213978
index,index2,cosdist[index][index2],deepcopy_cosdist[index][0]: 8 0 0.905539005201967 0.8854551653778823
model_id_of_model8_used: 0
index,index2,cosdist[index][index2],deepcopy_cosdist[index][0]: 8 1 0.8975079790817233 0.8854551653778823
model_id_of_model8_used: 1
index,index2,cosdist[index][index2],deepcopy_cosdist[index][0]: 8 2 0.8912746432725815 0.8854551653778823
model_id_of_model8_used: 2
index,index2,cosdist[index][index2],deepcopy_cosdist[index][0]: 8 3 0.8931167444406782 0.8854551653778823
model_id_of_model8_used: 3
index,index2,cosdist[index][index2],deepcopy_cosdist[index][0]: 8 5 0.9964178171145405 0.8854551653778823
model_id_of_model8_used: 5
index,index2,cosdist[index][index2],deepcopy_cosdist[index][0]: 8 6 0.9969296483480051 0.8854551653778823
model_id_of_model8_used: 6
index,index2,cosdist[index][index2],deepcopy_cosdist[index][0]: 8 7 0.9953455974446204 0.8854551653778823
model_id_of_model8_used: 7
index,index2,cosdist[index][index2],deepcopy_cosdist[index][0]: 8 8 1 0.8854551653778823
model_id_of_model8_used: 8
index,index2,cosdist[index][index2],deepcopy_cosdist[index][0]: 8 9 0.9973344149381459 0.8854551653778823
model_id_of_model8_used: 9
model_num of model 8 used
-- 9 --
min_max_sun of model 8 used: 0.6043693614413215
index,index2,cosdist[index][index2],deepcopy_cosdist[index][0]: 9 0 0.911903403337618 0.8920086715722674
model_id_of_model9_used: 0
index,index2,cosdist[index][index2],deepcopy_cosdist[index][0]: 9 1 0.9044679192703551 0.8920086715722674
model_id_of_model9_used: 1
index,index2,cosdist[index][index2],deepcopy_cosdist[index][0]: 9 2 0.8976840480422198 0.8920086715722674
model_id_of_model9_used: 2
index,index2,cosdist[index][index2],deepcopy_cosdist[index][0]: 9 3 0.8988285007470741 0.8920086715722674
model_id_of_model9_used: 3
index,index2,cosdist[index][index2],deepcopy_cosdist[index][0]: 9 5 0.9960977187321114 0.8920086715722674
model_id_of_model9_used: 5
index,index2,cosdist[index][index2],deepcopy_cosdist[index][0]: 9 6 0.9968593398139456 0.8920086715722674
model_id_of_model9_used: 6
index,index2,cosdist[index][index2],deepcopy_cosdist[index][0]: 9 7 0.9950377017679548 0.8920086715722674
model_id_of_model9_used: 7
index,index2,cosdist[index][index2],deepcopy_cosdist[index][0]: 9 8 0.9973344149381459 0.8920086715722674
model_id_of_model9_used: 8
index,index2,cosdist[index][index2],deepcopy_cosdist[index][0]: 9 9 1 0.8920086715722674
model_id_of_model9_used: 9
model_num of model 9 used
-- 9 --
min_max_sun of model 9 used: 0.5701350024990183
test performance ... 
model 0 use private_data_1 test
0.8848625890752102
model 1 use private_data_1 test
0.9056959221971795
model 2 use private_data_1 test
0.9010416668780307
model 3 use private_data_1 test
0.9002659574468085
model 4 use private_data_1 test
0.8775487592879762
model 5 use private_data_2 test
0.9216533690056903
model 6 use private_data_2 test
0.9133421987929242
model 7 use private_data_2 test
0.8927304966652647
model 8 use private_data_2 test
0.9243129434737754
model 9 use private_data_2 test
0.8100620571603167
updates models ...
model 0 starting alignment with public logits... 
model 0 done alignment
model 0 starting training with private data... 
model 0 done private training. 

model 1 starting alignment with public logits... 
model 1 done alignment
model 1 starting training with private data... 
model 1 done private training. 

model 2 starting alignment with public logits... 
model 2 done alignment
model 2 starting training with private data... 
model 2 done private training. 

model 3 starting alignment with public logits... 
model 3 done alignment
model 3 starting training with private data... 
model 3 done private training. 

model 4 starting alignment with public logits... 
model 4 done alignment
model 4 starting training with private data... 
model 4 done private training. 

model 5 starting alignment with public logits... 
model 5 done alignment
model 5 starting training with private data... 
model 5 done private training. 

model 6 starting alignment with public logits... 
model 6 done alignment
model 6 starting training with private data... 
model 6 done private training. 

model 7 starting alignment with public logits... 
model 7 done alignment
model 7 starting training with private data... 
model 7 done private training. 

model 8 starting alignment with public logits... 
model 8 done alignment
model 8 starting training with private data... 
model 8 done private training. 

model 9 starting alignment with public logits... 
model 9 done alignment
model 9 starting training with private data... 
model 9 done private training. 

round  2
update logits ... 
cosdist:
