Namespace(conf='../conf/EMNIST_balance_conf.json', dataset='mnist', gpu=1.0, iid=True, use_pretrained_model=False)
X shape : (36000, 28, 28)
y shape : (36000,)
X shape : (6000, 28, 28)
y shape : (6000,)
15    6000
14    6000
13    6000
12    6000
11    6000
10    6000
dtype: int64
mod_private_class1: [10 11 12]
mod_private_class2: [13 14 15]
============================================================
============================================================
============================================================
X shape : (3000, 28, 28)
y shape : (3000,)
X shape : (3000, 28, 28)
y shape : (3000,)
model 0 : CNN_128_256
model 1 : CNN_128_384
model 2 : CNN_128_512
model 3 : CNN_256_256
model 4 : CNN_256_512
model 5 : CNN_64_128_256
model 6 : CNN_64_128_192
model 7 : CNN_128_192_256
model 8 : CNN_128_128_128
model 9 : CNN_128_128_192
Training model  0
Training model  1
Training model  2
Training model  3
Training model  4
Training model  5
Training model  6
Training model  7
Training model  8
Training model  9
pre-train accuracy: 
[0.9849683544303798, 0.9864517405063291, 0.9886273734177216, 0.9856606012658228, 0.9875395569620253, 0.9890229430379747, 0.9871439873417721, 0.9902096518987342, 0.9902096518987342, 0.9916930379746836]
publice_dataset[y]: [5 0 4 ... 5 6 8]
calculate the theoretical upper bounds for participants: 
the upper bounds are: [0.0, 0.0, 0.0, 0.0, 0.0, 0.0, 0.0, 0.0, 0.0, 0.0]
start model initialization: 
finish model initialization: 
round  0
update logits ... 
cosdist:
[[1, 0.9837922703013158, 0.9353454195625198, 0.9832151294123177, 0.9699899003857982, 0.7587124942191605, 0.7635764073154742, 0.7701392116384417, 0.7410874118271598, 0.7592743346124994], [0.9837922703013158, 1, 0.949238277411073, 0.9929038708517215, 0.9835677240309146, 0.7615018407467657, 0.7644460540234407, 0.7756183843237608, 0.7494699526810493, 0.7673724443699761], [0.9353454195625198, 0.949238277411073, 1, 0.954280762789226, 0.9507379034968235, 0.7863851808635665, 0.7822585331220083, 0.8050864679111798, 0.8014357474298305, 0.8309425144702297], [0.9832151294123177, 0.9929038708517215, 0.954280762789226, 1, 0.98750036720104, 0.7618963299457114, 0.7637711719231451, 0.7741036286244626, 0.7510339136503713, 0.771100766707553], [0.9699899003857982, 0.9835677240309146, 0.9507379034968235, 0.98750036720104, 1, 0.7330466522976318, 0.7311857526807508, 0.7457183196294329, 0.7275976115349349, 0.7494309817047382], [0.7587124942191605, 0.7615018407467657, 0.7863851808635665, 0.7618963299457114, 0.7330466522976318, 1, 0.9901967999976099, 0.9878587454100005, 0.985335041662801, 0.9778057267634168], [0.7635764073154742, 0.7644460540234407, 0.7822585331220083, 0.7637711719231451, 0.7311857526807508, 0.9901967999976099, 1, 0.9834578507340149, 0.9772176263725351, 0.9671896543159337], [0.7701392116384417, 0.7756183843237608, 0.8050864679111798, 0.7741036286244626, 0.7457183196294329, 0.9878587454100005, 0.9834578507340149, 1, 0.9844667378209685, 0.9771331736579869], [0.7410874118271598, 0.7494699526810493, 0.8014357474298305, 0.7510339136503713, 0.7275976115349349, 0.985335041662801, 0.9772176263725351, 0.9844667378209685, 1, 0.9885578184625816], [0.7592743346124994, 0.7673724443699761, 0.8309425144702297, 0.771100766707553, 0.7494309817047382, 0.9778057267634168, 0.9671896543159337, 0.9771331736579869, 0.9885578184625816, 1]]
thresholdtopk: [0.7701392116384417, 0.7756183843237608, 0.8309425144702297, 0.7741036286244626, 0.7494309817047382, 0.7863851808635665, 0.7822585331220083, 0.8050864679111798, 0.8014357474298305, 0.8309425144702297]
index,index2,cosdist[index][index2],thresholdtopk[index]: 0 0 1 0.7701392116384417
model_id_of_model0_used: 0
index,index2,cosdist[index][index2],thresholdtopk[index]: 0 1 0.9837922703013158 0.7701392116384417
model_id_of_model0_used: 1
index,index2,cosdist[index][index2],thresholdtopk[index]: 0 2 0.9353454195625198 0.7701392116384417
model_id_of_model0_used: 2
index,index2,cosdist[index][index2],thresholdtopk[index]: 0 3 0.9832151294123177 0.7701392116384417
model_id_of_model0_used: 3
index,index2,cosdist[index][index2],thresholdtopk[index]: 0 4 0.9699899003857982 0.7701392116384417
model_id_of_model0_used: 4
model_num of model 0 used
-- 5 --
index,index2,cosdist[index][index2],thresholdtopk[index]: 1 0 0.9837922703013158 0.7756183843237608
model_id_of_model1_used: 0
index,index2,cosdist[index][index2],thresholdtopk[index]: 1 1 1 0.7756183843237608
model_id_of_model1_used: 1
index,index2,cosdist[index][index2],thresholdtopk[index]: 1 2 0.949238277411073 0.7756183843237608
model_id_of_model1_used: 2
index,index2,cosdist[index][index2],thresholdtopk[index]: 1 3 0.9929038708517215 0.7756183843237608
model_id_of_model1_used: 3
index,index2,cosdist[index][index2],thresholdtopk[index]: 1 4 0.9835677240309146 0.7756183843237608
model_id_of_model1_used: 4
model_num of model 1 used
-- 5 --
index,index2,cosdist[index][index2],thresholdtopk[index]: 2 0 0.9353454195625198 0.8309425144702297
model_id_of_model2_used: 0
index,index2,cosdist[index][index2],thresholdtopk[index]: 2 1 0.949238277411073 0.8309425144702297
model_id_of_model2_used: 1
index,index2,cosdist[index][index2],thresholdtopk[index]: 2 2 1 0.8309425144702297
model_id_of_model2_used: 2
index,index2,cosdist[index][index2],thresholdtopk[index]: 2 3 0.954280762789226 0.8309425144702297
model_id_of_model2_used: 3
index,index2,cosdist[index][index2],thresholdtopk[index]: 2 4 0.9507379034968235 0.8309425144702297
model_id_of_model2_used: 4
model_num of model 2 used
-- 5 --
index,index2,cosdist[index][index2],thresholdtopk[index]: 3 0 0.9832151294123177 0.7741036286244626
model_id_of_model3_used: 0
index,index2,cosdist[index][index2],thresholdtopk[index]: 3 1 0.9929038708517215 0.7741036286244626
model_id_of_model3_used: 1
index,index2,cosdist[index][index2],thresholdtopk[index]: 3 2 0.954280762789226 0.7741036286244626
model_id_of_model3_used: 2
index,index2,cosdist[index][index2],thresholdtopk[index]: 3 3 1 0.7741036286244626
model_id_of_model3_used: 3
index,index2,cosdist[index][index2],thresholdtopk[index]: 3 4 0.98750036720104 0.7741036286244626
model_id_of_model3_used: 4
model_num of model 3 used
-- 5 --
index,index2,cosdist[index][index2],thresholdtopk[index]: 4 0 0.9699899003857982 0.7494309817047382
model_id_of_model4_used: 0
index,index2,cosdist[index][index2],thresholdtopk[index]: 4 1 0.9835677240309146 0.7494309817047382
model_id_of_model4_used: 1
index,index2,cosdist[index][index2],thresholdtopk[index]: 4 2 0.9507379034968235 0.7494309817047382
model_id_of_model4_used: 2
index,index2,cosdist[index][index2],thresholdtopk[index]: 4 3 0.98750036720104 0.7494309817047382
model_id_of_model4_used: 3
index,index2,cosdist[index][index2],thresholdtopk[index]: 4 4 1 0.7494309817047382
model_id_of_model4_used: 4
model_num of model 4 used
-- 5 --
index,index2,cosdist[index][index2],thresholdtopk[index]: 5 5 1 0.7863851808635665
model_id_of_model5_used: 5
index,index2,cosdist[index][index2],thresholdtopk[index]: 5 6 0.9901967999976099 0.7863851808635665
model_id_of_model5_used: 6
index,index2,cosdist[index][index2],thresholdtopk[index]: 5 7 0.9878587454100005 0.7863851808635665
model_id_of_model5_used: 7
index,index2,cosdist[index][index2],thresholdtopk[index]: 5 8 0.985335041662801 0.7863851808635665
model_id_of_model5_used: 8
index,index2,cosdist[index][index2],thresholdtopk[index]: 5 9 0.9778057267634168 0.7863851808635665
model_id_of_model5_used: 9
model_num of model 5 used
-- 5 --
index,index2,cosdist[index][index2],thresholdtopk[index]: 6 5 0.9901967999976099 0.7822585331220083
model_id_of_model6_used: 5
index,index2,cosdist[index][index2],thresholdtopk[index]: 6 6 1 0.7822585331220083
model_id_of_model6_used: 6
index,index2,cosdist[index][index2],thresholdtopk[index]: 6 7 0.9834578507340149 0.7822585331220083
model_id_of_model6_used: 7
index,index2,cosdist[index][index2],thresholdtopk[index]: 6 8 0.9772176263725351 0.7822585331220083
model_id_of_model6_used: 8
index,index2,cosdist[index][index2],thresholdtopk[index]: 6 9 0.9671896543159337 0.7822585331220083
model_id_of_model6_used: 9
model_num of model 6 used
-- 5 --
index,index2,cosdist[index][index2],thresholdtopk[index]: 7 5 0.9878587454100005 0.8050864679111798
model_id_of_model7_used: 5
index,index2,cosdist[index][index2],thresholdtopk[index]: 7 6 0.9834578507340149 0.8050864679111798
model_id_of_model7_used: 6
index,index2,cosdist[index][index2],thresholdtopk[index]: 7 7 1 0.8050864679111798
model_id_of_model7_used: 7
index,index2,cosdist[index][index2],thresholdtopk[index]: 7 8 0.9844667378209685 0.8050864679111798
model_id_of_model7_used: 8
index,index2,cosdist[index][index2],thresholdtopk[index]: 7 9 0.9771331736579869 0.8050864679111798
model_id_of_model7_used: 9
model_num of model 7 used
-- 5 --
index,index2,cosdist[index][index2],thresholdtopk[index]: 8 5 0.985335041662801 0.8014357474298305
model_id_of_model8_used: 5
index,index2,cosdist[index][index2],thresholdtopk[index]: 8 6 0.9772176263725351 0.8014357474298305
model_id_of_model8_used: 6
index,index2,cosdist[index][index2],thresholdtopk[index]: 8 7 0.9844667378209685 0.8014357474298305
model_id_of_model8_used: 7
index,index2,cosdist[index][index2],thresholdtopk[index]: 8 8 1 0.8014357474298305
model_id_of_model8_used: 8
index,index2,cosdist[index][index2],thresholdtopk[index]: 8 9 0.9885578184625816 0.8014357474298305
model_id_of_model8_used: 9
model_num of model 8 used
-- 5 --
index,index2,cosdist[index][index2],thresholdtopk[index]: 9 5 0.9778057267634168 0.8309425144702297
model_id_of_model9_used: 5
index,index2,cosdist[index][index2],thresholdtopk[index]: 9 6 0.9671896543159337 0.8309425144702297
model_id_of_model9_used: 6
index,index2,cosdist[index][index2],thresholdtopk[index]: 9 7 0.9771331736579869 0.8309425144702297
model_id_of_model9_used: 7
index,index2,cosdist[index][index2],thresholdtopk[index]: 9 8 0.9885578184625816 0.8309425144702297
model_id_of_model9_used: 8
index,index2,cosdist[index][index2],thresholdtopk[index]: 9 9 1 0.8309425144702297
model_id_of_model9_used: 9
model_num of model 9 used
-- 5 --
test performance ... 
model 0 use private_data_1 test
0.7953235817716476
model 1 use private_data_1 test
0.8849734042553191
model 2 use private_data_1 test
0.9287455677986145
model 3 use private_data_1 test
0.9087987592879762
model 4 use private_data_1 test
0.8730053191489362
model 5 use private_data_2 test
0.9022606382978723
model 6 use private_data_2 test
0.9146719860269669
model 7 use private_data_2 test
0.9233156030482434
model 8 use private_data_2 test
0.8907358158142009
model 9 use private_data_2 test
0.8902925531914894
updates models ...
model 0 starting alignment with public logits... 
model 0 done alignment
model 0 starting training with private data... 
model 0 done private training. 

model 1 starting alignment with public logits... 
model 1 done alignment
model 1 starting training with private data... 
model 1 done private training. 

model 2 starting alignment with public logits... 
model 2 done alignment
model 2 starting training with private data... 
model 2 done private training. 

model 3 starting alignment with public logits... 
model 3 done alignment
model 3 starting training with private data... 
model 3 done private training. 

model 4 starting alignment with public logits... 
model 4 done alignment
model 4 starting training with private data... 
model 4 done private training. 

model 5 starting alignment with public logits... 
model 5 done alignment
model 5 starting training with private data... 
model 5 done private training. 

model 6 starting alignment with public logits... 
model 6 done alignment
model 6 starting training with private data... 
model 6 done private training. 

model 7 starting alignment with public logits... 
model 7 done alignment
model 7 starting training with private data... 
model 7 done private training. 

model 8 starting alignment with public logits... 
model 8 done alignment
model 8 starting training with private data... 
model 8 done private training. 

model 9 starting alignment with public logits... 
model 9 done alignment
model 9 starting training with private data... 
model 9 done private training. 

round  1
update logits ... 
cosdist:
[[1, 0.9932582773244137, 0.9880696096280909, 0.9951913531977657, 0.9961442127297747, 0.7855354928077231, 0.7845337998322619, 0.7779229238971098, 0.7933088963993292, 0.7809397045828138], [0.9932582773244137, 1, 0.989113667046641, 0.9981995717251391, 0.9974036286651635, 0.7815673324359151, 0.7811098064685865, 0.7729348355836334, 0.7892743722914736, 0.7780995310980402], [0.9880696096280909, 0.989113667046641, 1, 0.9906892058102877, 0.988798145072424, 0.7880694489541424, 0.7889877966238645, 0.7811171852145, 0.7942313701689674, 0.7831356615917456], [0.9951913531977657, 0.9981995717251391, 0.9906892058102877, 1, 0.9966527370112321, 0.7904755394672265, 0.7903992636134491, 0.7823705594999568, 0.7977443785959244, 0.7865282728803998], [0.9961442127297747, 0.9974036286651635, 0.988798145072424, 0.9966527370112321, 1, 0.7759641214000538, 0.7752054382434701, 0.7677597288101236, 0.7837099163703953, 0.7725230645314228], [0.7855354928077231, 0.7815673324359151, 0.7880694489541424, 0.7904755394672265, 0.7759641214000538, 1, 0.996595485185446, 0.9977925268976178, 0.9969957094779495, 0.9959357931922074], [0.7845337998322619, 0.7811098064685865, 0.7889877966238645, 0.7903992636134491, 0.7752054382434701, 0.996595485185446, 1, 0.9973940608898864, 0.9952540042477532, 0.9958128110022525], [0.7779229238971098, 0.7729348355836334, 0.7811171852145, 0.7823705594999568, 0.7677597288101236, 0.9977925268976178, 0.9973940608898864, 1, 0.9970043689148894, 0.9966222910321806], [0.7933088963993292, 0.7892743722914736, 0.7942313701689674, 0.7977443785959244, 0.7837099163703953, 0.9969957094779495, 0.9952540042477532, 0.9970043689148894, 1, 0.9969483886767259], [0.7809397045828138, 0.7780995310980402, 0.7831356615917456, 0.7865282728803998, 0.7725230645314228, 0.9959357931922074, 0.9958128110022525, 0.9966222910321806, 0.9969483886767259, 1]]
thresholdtopk: [0.7933088963993292, 0.7892743722914736, 0.7942313701689674, 0.7977443785959244, 0.7837099163703953, 0.7904755394672265, 0.7903992636134491, 0.7823705594999568, 0.7977443785959244, 0.7865282728803998]
index,index2,cosdist[index][index2],thresholdtopk[index]: 0 0 1 0.7933088963993292
model_id_of_model0_used: 0
index,index2,cosdist[index][index2],thresholdtopk[index]: 0 1 0.9932582773244137 0.7933088963993292
model_id_of_model0_used: 1
index,index2,cosdist[index][index2],thresholdtopk[index]: 0 2 0.9880696096280909 0.7933088963993292
model_id_of_model0_used: 2
index,index2,cosdist[index][index2],thresholdtopk[index]: 0 3 0.9951913531977657 0.7933088963993292
model_id_of_model0_used: 3
index,index2,cosdist[index][index2],thresholdtopk[index]: 0 4 0.9961442127297747 0.7933088963993292
model_id_of_model0_used: 4
model_num of model 0 used
-- 5 --
index,index2,cosdist[index][index2],thresholdtopk[index]: 1 0 0.9932582773244137 0.7892743722914736
model_id_of_model1_used: 0
index,index2,cosdist[index][index2],thresholdtopk[index]: 1 1 1 0.7892743722914736
model_id_of_model1_used: 1
index,index2,cosdist[index][index2],thresholdtopk[index]: 1 2 0.989113667046641 0.7892743722914736
model_id_of_model1_used: 2
index,index2,cosdist[index][index2],thresholdtopk[index]: 1 3 0.9981995717251391 0.7892743722914736
model_id_of_model1_used: 3
index,index2,cosdist[index][index2],thresholdtopk[index]: 1 4 0.9974036286651635 0.7892743722914736
model_id_of_model1_used: 4
model_num of model 1 used
-- 5 --
index,index2,cosdist[index][index2],thresholdtopk[index]: 2 0 0.9880696096280909 0.7942313701689674
model_id_of_model2_used: 0
index,index2,cosdist[index][index2],thresholdtopk[index]: 2 1 0.989113667046641 0.7942313701689674
model_id_of_model2_used: 1
index,index2,cosdist[index][index2],thresholdtopk[index]: 2 2 1 0.7942313701689674
model_id_of_model2_used: 2
index,index2,cosdist[index][index2],thresholdtopk[index]: 2 3 0.9906892058102877 0.7942313701689674
model_id_of_model2_used: 3
index,index2,cosdist[index][index2],thresholdtopk[index]: 2 4 0.988798145072424 0.7942313701689674
model_id_of_model2_used: 4
model_num of model 2 used
-- 5 --
index,index2,cosdist[index][index2],thresholdtopk[index]: 3 0 0.9951913531977657 0.7977443785959244
model_id_of_model3_used: 0
index,index2,cosdist[index][index2],thresholdtopk[index]: 3 1 0.9981995717251391 0.7977443785959244
model_id_of_model3_used: 1
index,index2,cosdist[index][index2],thresholdtopk[index]: 3 2 0.9906892058102877 0.7977443785959244
model_id_of_model3_used: 2
index,index2,cosdist[index][index2],thresholdtopk[index]: 3 3 1 0.7977443785959244
model_id_of_model3_used: 3
index,index2,cosdist[index][index2],thresholdtopk[index]: 3 4 0.9966527370112321 0.7977443785959244
model_id_of_model3_used: 4
model_num of model 3 used
-- 5 --
index,index2,cosdist[index][index2],thresholdtopk[index]: 4 0 0.9961442127297747 0.7837099163703953
model_id_of_model4_used: 0
index,index2,cosdist[index][index2],thresholdtopk[index]: 4 1 0.9974036286651635 0.7837099163703953
model_id_of_model4_used: 1
index,index2,cosdist[index][index2],thresholdtopk[index]: 4 2 0.988798145072424 0.7837099163703953
model_id_of_model4_used: 2
index,index2,cosdist[index][index2],thresholdtopk[index]: 4 3 0.9966527370112321 0.7837099163703953
model_id_of_model4_used: 3
index,index2,cosdist[index][index2],thresholdtopk[index]: 4 4 1 0.7837099163703953
model_id_of_model4_used: 4
model_num of model 4 used
-- 5 --
index,index2,cosdist[index][index2],thresholdtopk[index]: 5 5 1 0.7904755394672265
model_id_of_model5_used: 5
index,index2,cosdist[index][index2],thresholdtopk[index]: 5 6 0.996595485185446 0.7904755394672265
model_id_of_model5_used: 6
index,index2,cosdist[index][index2],thresholdtopk[index]: 5 7 0.9977925268976178 0.7904755394672265
model_id_of_model5_used: 7
index,index2,cosdist[index][index2],thresholdtopk[index]: 5 8 0.9969957094779495 0.7904755394672265
model_id_of_model5_used: 8
index,index2,cosdist[index][index2],thresholdtopk[index]: 5 9 0.9959357931922074 0.7904755394672265
model_id_of_model5_used: 9
model_num of model 5 used
-- 5 --
index,index2,cosdist[index][index2],thresholdtopk[index]: 6 5 0.996595485185446 0.7903992636134491
model_id_of_model6_used: 5
index,index2,cosdist[index][index2],thresholdtopk[index]: 6 6 1 0.7903992636134491
model_id_of_model6_used: 6
index,index2,cosdist[index][index2],thresholdtopk[index]: 6 7 0.9973940608898864 0.7903992636134491
model_id_of_model6_used: 7
index,index2,cosdist[index][index2],thresholdtopk[index]: 6 8 0.9952540042477532 0.7903992636134491
model_id_of_model6_used: 8
index,index2,cosdist[index][index2],thresholdtopk[index]: 6 9 0.9958128110022525 0.7903992636134491
model_id_of_model6_used: 9
model_num of model 6 used
-- 5 --
index,index2,cosdist[index][index2],thresholdtopk[index]: 7 5 0.9977925268976178 0.7823705594999568
model_id_of_model7_used: 5
index,index2,cosdist[index][index2],thresholdtopk[index]: 7 6 0.9973940608898864 0.7823705594999568
model_id_of_model7_used: 6
index,index2,cosdist[index][index2],thresholdtopk[index]: 7 7 1 0.7823705594999568
model_id_of_model7_used: 7
index,index2,cosdist[index][index2],thresholdtopk[index]: 7 8 0.9970043689148894 0.7823705594999568
model_id_of_model7_used: 8
index,index2,cosdist[index][index2],thresholdtopk[index]: 7 9 0.9966222910321806 0.7823705594999568
model_id_of_model7_used: 9
model_num of model 7 used
-- 5 --
index,index2,cosdist[index][index2],thresholdtopk[index]: 8 5 0.9969957094779495 0.7977443785959244
model_id_of_model8_used: 5
index,index2,cosdist[index][index2],thresholdtopk[index]: 8 6 0.9952540042477532 0.7977443785959244
model_id_of_model8_used: 6
index,index2,cosdist[index][index2],thresholdtopk[index]: 8 7 0.9970043689148894 0.7977443785959244
model_id_of_model8_used: 7
index,index2,cosdist[index][index2],thresholdtopk[index]: 8 8 1 0.7977443785959244
model_id_of_model8_used: 8
index,index2,cosdist[index][index2],thresholdtopk[index]: 8 9 0.9969483886767259 0.7977443785959244
model_id_of_model8_used: 9
model_num of model 8 used
-- 5 --
index,index2,cosdist[index][index2],thresholdtopk[index]: 9 5 0.9959357931922074 0.7865282728803998
model_id_of_model9_used: 5
index,index2,cosdist[index][index2],thresholdtopk[index]: 9 6 0.9958128110022525 0.7865282728803998
model_id_of_model9_used: 6
index,index2,cosdist[index][index2],thresholdtopk[index]: 9 7 0.9966222910321806 0.7865282728803998
model_id_of_model9_used: 7
index,index2,cosdist[index][index2],thresholdtopk[index]: 9 8 0.9969483886767259 0.7865282728803998
model_id_of_model9_used: 8
index,index2,cosdist[index][index2],thresholdtopk[index]: 9 9 1 0.7865282728803998
model_id_of_model9_used: 9
model_num of model 9 used
-- 5 --
test performance ... 
model 0 use private_data_1 test
0.8482934401390401
model 1 use private_data_1 test
0.8981604614156358
model 2 use private_data_1 test
0.9178856382978723
model 3 use private_data_1 test
0.9406028370907966
model 4 use private_data_1 test
0.8962765957446809
model 5 use private_data_2 test
0.9061391848198911
model 6 use private_data_2 test
0.875886525245423
model 7 use private_data_2 test
0.922761525245423
model 8 use private_data_2 test
0.8990469860269669
model 9 use private_data_2 test
0.913674645601435
updates models ...
model 0 starting alignment with public logits... 
model 0 done alignment
model 0 starting training with private data... 
model 0 done private training. 

model 1 starting alignment with public logits... 
model 1 done alignment
model 1 starting training with private data... 
model 1 done private training. 

model 2 starting alignment with public logits... 
model 2 done alignment
model 2 starting training with private data... 
model 2 done private training. 

model 3 starting alignment with public logits... 
model 3 done alignment
model 3 starting training with private data... 
model 3 done private training. 

model 4 starting alignment with public logits... 
model 4 done alignment
model 4 starting training with private data... 
model 4 done private training. 

model 5 starting alignment with public logits... 
model 5 done alignment
model 5 starting training with private data... 
model 5 done private training. 

model 6 starting alignment with public logits... 
model 6 done alignment
model 6 starting training with private data... 
model 6 done private training. 

model 7 starting alignment with public logits... 
model 7 done alignment
model 7 starting training with private data... 
model 7 done private training. 

model 8 starting alignment with public logits... 
model 8 done alignment
model 8 starting training with private data... 
model 8 done private training. 

model 9 starting alignment with public logits... 
model 9 done alignment
model 9 starting training with private data... 
model 9 done private training. 

round  2
update logits ... 
cosdist:
[[1, 0.999046277975226, 0.9975058759503518, 0.9991386131291735, 0.999225745380038, 0.7944064770100345, 0.7987274136304149, 0.7874894350279793, 0.7903822120375685, 0.7912848031487315], [0.999046277975226, 1, 0.9976192799900536, 0.9989294991125428, 0.9993752205098814, 0.7839899605247281, 0.788258455932625, 0.7771877503492242, 0.7801936654453204, 0.7814031519738255], [0.9975058759503518, 0.9976192799900536, 1, 0.9975821965284283, 0.9976650974127901, 0.7870699364028831, 0.7911235775724682, 0.7797012372546307, 0.7826788706743558, 0.7838436334019995], [0.9991386131291735, 0.9989294991125428, 0.9975821965284283, 1, 0.9990951101005279, 0.7956321024984898, 0.7998526225884033, 0.7890010769380749, 0.7919061853630704, 0.7926696787709088], [0.999225745380038, 0.9993752205098814, 0.9976650974127901, 0.9990951101005279, 1, 0.7878315123097575, 0.791931191091433, 0.7808691152699229, 0.7838717659442919, 0.7847615857560606], [0.7944064770100345, 0.7839899605247281, 0.7870699364028831, 0.7956321024984898, 0.7878315123097575, 1, 0.9973270461342151, 0.9969724192013673, 0.9982611652761586, 0.9977872574381401], [0.7987274136304149, 0.788258455932625, 0.7911235775724682, 0.7998526225884033, 0.791931191091433, 0.9973270461342151, 1, 0.9984073183314585, 0.9982440680263829, 0.9979317958963687], [0.7874894350279793, 0.7771877503492242, 0.7797012372546307, 0.7890010769380749, 0.7808691152699229, 0.9969724192013673, 0.9984073183314585, 1, 0.9986151899814809, 0.9980318024935592], [0.7903822120375685, 0.7801936654453204, 0.7826788706743558, 0.7919061853630704, 0.7838717659442919, 0.9982611652761586, 0.9982440680263829, 0.9986151899814809, 1, 0.9985652884541699], [0.7912848031487315, 0.7814031519738255, 0.7838436334019995, 0.7926696787709088, 0.7847615857560606, 0.9977872574381401, 0.9979317958963687, 0.9980318024935592, 0.9985652884541699, 1]]
thresholdtopk: [0.7987274136304149, 0.788258455932625, 0.7911235775724682, 0.7998526225884033, 0.791931191091433, 0.7956321024984898, 0.7998526225884033, 0.7890010769380749, 0.7919061853630704, 0.7926696787709088]
index,index2,cosdist[index][index2],thresholdtopk[index]: 0 0 1 0.7987274136304149
model_id_of_model0_used: 0
index,index2,cosdist[index][index2],thresholdtopk[index]: 0 1 0.999046277975226 0.7987274136304149
model_id_of_model0_used: 1
index,index2,cosdist[index][index2],thresholdtopk[index]: 0 2 0.9975058759503518 0.7987274136304149
model_id_of_model0_used: 2
index,index2,cosdist[index][index2],thresholdtopk[index]: 0 3 0.9991386131291735 0.7987274136304149
model_id_of_model0_used: 3
index,index2,cosdist[index][index2],thresholdtopk[index]: 0 4 0.999225745380038 0.7987274136304149
model_id_of_model0_used: 4
model_num of model 0 used
-- 5 --
index,index2,cosdist[index][index2],thresholdtopk[index]: 1 0 0.999046277975226 0.788258455932625
model_id_of_model1_used: 0
index,index2,cosdist[index][index2],thresholdtopk[index]: 1 1 1 0.788258455932625
model_id_of_model1_used: 1
index,index2,cosdist[index][index2],thresholdtopk[index]: 1 2 0.9976192799900536 0.788258455932625
model_id_of_model1_used: 2
index,index2,cosdist[index][index2],thresholdtopk[index]: 1 3 0.9989294991125428 0.788258455932625
model_id_of_model1_used: 3
index,index2,cosdist[index][index2],thresholdtopk[index]: 1 4 0.9993752205098814 0.788258455932625
model_id_of_model1_used: 4
model_num of model 1 used
-- 5 --
index,index2,cosdist[index][index2],thresholdtopk[index]: 2 0 0.9975058759503518 0.7911235775724682
model_id_of_model2_used: 0
index,index2,cosdist[index][index2],thresholdtopk[index]: 2 1 0.9976192799900536 0.7911235775724682
model_id_of_model2_used: 1
index,index2,cosdist[index][index2],thresholdtopk[index]: 2 2 1 0.7911235775724682
model_id_of_model2_used: 2
index,index2,cosdist[index][index2],thresholdtopk[index]: 2 3 0.9975821965284283 0.7911235775724682
model_id_of_model2_used: 3
index,index2,cosdist[index][index2],thresholdtopk[index]: 2 4 0.9976650974127901 0.7911235775724682
model_id_of_model2_used: 4
model_num of model 2 used
-- 5 --
index,index2,cosdist[index][index2],thresholdtopk[index]: 3 0 0.9991386131291735 0.7998526225884033
model_id_of_model3_used: 0
index,index2,cosdist[index][index2],thresholdtopk[index]: 3 1 0.9989294991125428 0.7998526225884033
model_id_of_model3_used: 1
index,index2,cosdist[index][index2],thresholdtopk[index]: 3 2 0.9975821965284283 0.7998526225884033
model_id_of_model3_used: 2
index,index2,cosdist[index][index2],thresholdtopk[index]: 3 3 1 0.7998526225884033
model_id_of_model3_used: 3
index,index2,cosdist[index][index2],thresholdtopk[index]: 3 4 0.9990951101005279 0.7998526225884033
model_id_of_model3_used: 4
model_num of model 3 used
-- 5 --
index,index2,cosdist[index][index2],thresholdtopk[index]: 4 0 0.999225745380038 0.791931191091433
model_id_of_model4_used: 0
index,index2,cosdist[index][index2],thresholdtopk[index]: 4 1 0.9993752205098814 0.791931191091433
model_id_of_model4_used: 1
index,index2,cosdist[index][index2],thresholdtopk[index]: 4 2 0.9976650974127901 0.791931191091433
model_id_of_model4_used: 2
index,index2,cosdist[index][index2],thresholdtopk[index]: 4 3 0.9990951101005279 0.791931191091433
model_id_of_model4_used: 3
index,index2,cosdist[index][index2],thresholdtopk[index]: 4 4 1 0.791931191091433
model_id_of_model4_used: 4
model_num of model 4 used
-- 5 --
index,index2,cosdist[index][index2],thresholdtopk[index]: 5 5 1 0.7956321024984898
model_id_of_model5_used: 5
index,index2,cosdist[index][index2],thresholdtopk[index]: 5 6 0.9973270461342151 0.7956321024984898
model_id_of_model5_used: 6
index,index2,cosdist[index][index2],thresholdtopk[index]: 5 7 0.9969724192013673 0.7956321024984898
model_id_of_model5_used: 7
index,index2,cosdist[index][index2],thresholdtopk[index]: 5 8 0.9982611652761586 0.7956321024984898
model_id_of_model5_used: 8
index,index2,cosdist[index][index2],thresholdtopk[index]: 5 9 0.9977872574381401 0.7956321024984898
model_id_of_model5_used: 9
model_num of model 5 used
-- 5 --
index,index2,cosdist[index][index2],thresholdtopk[index]: 6 5 0.9973270461342151 0.7998526225884033
model_id_of_model6_used: 5
index,index2,cosdist[index][index2],thresholdtopk[index]: 6 6 1 0.7998526225884033
model_id_of_model6_used: 6
index,index2,cosdist[index][index2],thresholdtopk[index]: 6 7 0.9984073183314585 0.7998526225884033
model_id_of_model6_used: 7
index,index2,cosdist[index][index2],thresholdtopk[index]: 6 8 0.9982440680263829 0.7998526225884033
model_id_of_model6_used: 8
index,index2,cosdist[index][index2],thresholdtopk[index]: 6 9 0.9979317958963687 0.7998526225884033
model_id_of_model6_used: 9
model_num of model 6 used
-- 5 --
index,index2,cosdist[index][index2],thresholdtopk[index]: 7 5 0.9969724192013673 0.7890010769380749
model_id_of_model7_used: 5
index,index2,cosdist[index][index2],thresholdtopk[index]: 7 6 0.9984073183314585 0.7890010769380749
model_id_of_model7_used: 6
index,index2,cosdist[index][index2],thresholdtopk[index]: 7 7 1 0.7890010769380749
model_id_of_model7_used: 7
index,index2,cosdist[index][index2],thresholdtopk[index]: 7 8 0.9986151899814809 0.7890010769380749
model_id_of_model7_used: 8
index,index2,cosdist[index][index2],thresholdtopk[index]: 7 9 0.9980318024935592 0.7890010769380749
model_id_of_model7_used: 9
model_num of model 7 used
-- 5 --
index,index2,cosdist[index][index2],thresholdtopk[index]: 8 5 0.9982611652761586 0.7919061853630704
model_id_of_model8_used: 5
index,index2,cosdist[index][index2],thresholdtopk[index]: 8 6 0.9982440680263829 0.7919061853630704
model_id_of_model8_used: 6
index,index2,cosdist[index][index2],thresholdtopk[index]: 8 7 0.9986151899814809 0.7919061853630704
model_id_of_model8_used: 7
index,index2,cosdist[index][index2],thresholdtopk[index]: 8 8 1 0.7919061853630704
model_id_of_model8_used: 8
index,index2,cosdist[index][index2],thresholdtopk[index]: 8 9 0.9985652884541699 0.7919061853630704
model_id_of_model8_used: 9
model_num of model 8 used
-- 5 --
index,index2,cosdist[index][index2],thresholdtopk[index]: 9 5 0.9977872574381401 0.7926696787709088
model_id_of_model9_used: 5
index,index2,cosdist[index][index2],thresholdtopk[index]: 9 6 0.9979317958963687 0.7926696787709088
model_id_of_model9_used: 6
index,index2,cosdist[index][index2],thresholdtopk[index]: 9 7 0.9980318024935592 0.7926696787709088
model_id_of_model9_used: 7
index,index2,cosdist[index][index2],thresholdtopk[index]: 9 8 0.9985652884541699 0.7926696787709088
model_id_of_model9_used: 8
index,index2,cosdist[index][index2],thresholdtopk[index]: 9 9 1 0.7926696787709088
model_id_of_model9_used: 9
model_num of model 9 used
-- 5 --
test performance ... 
model 0 use private_data_1 test
0.8836436170212766
model 1 use private_data_1 test
0.9188829787234043
model 2 use private_data_1 test
0.9361702127659575
model 3 use private_data_1 test
0.8958333337560613
model 4 use private_data_1 test
0.9078014188624443
model 5 use private_data_2 test
0.8727836881546264
model 6 use private_data_2 test
0.924645390282286
model 7 use private_data_2 test
0.9226507094312222
model 8 use private_data_2 test
0.9201019507773379
model 9 use private_data_2 test
0.9243129434737754
updates models ...
model 0 starting alignment with public logits... 
model 0 done alignment
model 0 starting training with private data... 
model 0 done private training. 

model 1 starting alignment with public logits... 
model 1 done alignment
model 1 starting training with private data... 
model 1 done private training. 

model 2 starting alignment with public logits... 
model 2 done alignment
model 2 starting training with private data... 
model 2 done private training. 

model 3 starting alignment with public logits... 
model 3 done alignment
model 3 starting training with private data... 
model 3 done private training. 

model 4 starting alignment with public logits... 
model 4 done alignment
model 4 starting training with private data... 
model 4 done private training. 

model 5 starting alignment with public logits... 
model 5 done alignment
model 5 starting training with private data... 
model 5 done private training. 

model 6 starting alignment with public logits... 
model 6 done alignment
model 6 starting training with private data... 
model 6 done private training. 

model 7 starting alignment with public logits... 
model 7 done alignment
model 7 starting training with private data... 
model 7 done private training. 

model 8 starting alignment with public logits... 
model 8 done alignment
model 8 starting training with private data... 
model 8 done private training. 

model 9 starting alignment with public logits... 
model 9 done alignment
model 9 starting training with private data... 
model 9 done private training. 

round  3
update logits ... 
cosdist:
[[1, 0.9993633497101032, 0.9986089902914315, 0.9993824475062735, 0.9994220609334159, 0.7997164094300413, 0.8090585273962065, 0.796980634471698, 0.8029352473420162, 0.7978583567392482], [0.9993633497101032, 1, 0.9987560737142988, 0.9992229892481533, 0.9993568666975391, 0.791168292724088, 0.800885775620872, 0.7887630545878228, 0.794547172829156, 0.7897161835873238], [0.9986089902914315, 0.9987560737142988, 1, 0.9988357258057146, 0.9988461814427583, 0.7879398650960405, 0.7975411076642609, 0.7852535245707993, 0.7912700953458939, 0.7861837205479988], [0.9993824475062735, 0.9992229892481533, 0.9988357258057146, 1, 0.9995385328982294, 0.7916841198585215, 0.8014246450684372, 0.7891490547602056, 0.7951503674246708, 0.7899132364399803], [0.9994220609334159, 0.9993568666975391, 0.9988461814427583, 0.9995385328982294, 1, 0.7914328880276917, 0.8011814499242872, 0.788971258378035, 0.7949422061056911, 0.7898245110714636], [0.7997164094300413, 0.791168292724088, 0.7879398650960405, 0.7916841198585215, 0.7914328880276917, 1, 0.9990185830633221, 0.9982015228355497, 0.9992529615300483, 0.9986118442825747], [0.8090585273962065, 0.800885775620872, 0.7975411076642609, 0.8014246450684372, 0.8011814499242872, 0.9990185830633221, 1, 0.9981709125585488, 0.999269990106459, 0.9985893549243541], [0.796980634471698, 0.7887630545878228, 0.7852535245707993, 0.7891490547602056, 0.788971258378035, 0.9982015228355497, 0.9981709125585488, 1, 0.9987930542930198, 0.9988136708241069], [0.8029352473420162, 0.794547172829156, 0.7912700953458939, 0.7951503674246708, 0.7949422061056911, 0.9992529615300483, 0.999269990106459, 0.9987930542930198, 1, 0.9987967840418625], [0.7978583567392482, 0.7897161835873238, 0.7861837205479988, 0.7899132364399803, 0.7898245110714636, 0.9986118442825747, 0.9985893549243541, 0.9988136708241069, 0.9987967840418625, 1]]
thresholdtopk: [0.8090585273962065, 0.800885775620872, 0.7975411076642609, 0.8014246450684372, 0.8011814499242872, 0.7997164094300413, 0.8090585273962065, 0.796980634471698, 0.8029352473420162, 0.7978583567392482]
index,index2,cosdist[index][index2],thresholdtopk[index]: 0 0 1 0.8090585273962065
model_id_of_model0_used: 0
index,index2,cosdist[index][index2],thresholdtopk[index]: 0 1 0.9993633497101032 0.8090585273962065
model_id_of_model0_used: 1
index,index2,cosdist[index][index2],thresholdtopk[index]: 0 2 0.9986089902914315 0.8090585273962065
model_id_of_model0_used: 2
index,index2,cosdist[index][index2],thresholdtopk[index]: 0 3 0.9993824475062735 0.8090585273962065
model_id_of_model0_used: 3
index,index2,cosdist[index][index2],thresholdtopk[index]: 0 4 0.9994220609334159 0.8090585273962065
model_id_of_model0_used: 4
model_num of model 0 used
-- 5 --
index,index2,cosdist[index][index2],thresholdtopk[index]: 1 0 0.9993633497101032 0.800885775620872
model_id_of_model1_used: 0
index,index2,cosdist[index][index2],thresholdtopk[index]: 1 1 1 0.800885775620872
model_id_of_model1_used: 1
index,index2,cosdist[index][index2],thresholdtopk[index]: 1 2 0.9987560737142988 0.800885775620872
model_id_of_model1_used: 2
index,index2,cosdist[index][index2],thresholdtopk[index]: 1 3 0.9992229892481533 0.800885775620872
model_id_of_model1_used: 3
index,index2,cosdist[index][index2],thresholdtopk[index]: 1 4 0.9993568666975391 0.800885775620872
model_id_of_model1_used: 4
model_num of model 1 used
-- 5 --
index,index2,cosdist[index][index2],thresholdtopk[index]: 2 0 0.9986089902914315 0.7975411076642609
model_id_of_model2_used: 0
index,index2,cosdist[index][index2],thresholdtopk[index]: 2 1 0.9987560737142988 0.7975411076642609
model_id_of_model2_used: 1
index,index2,cosdist[index][index2],thresholdtopk[index]: 2 2 1 0.7975411076642609
model_id_of_model2_used: 2
index,index2,cosdist[index][index2],thresholdtopk[index]: 2 3 0.9988357258057146 0.7975411076642609
model_id_of_model2_used: 3
index,index2,cosdist[index][index2],thresholdtopk[index]: 2 4 0.9988461814427583 0.7975411076642609
model_id_of_model2_used: 4
model_num of model 2 used
-- 5 --
index,index2,cosdist[index][index2],thresholdtopk[index]: 3 0 0.9993824475062735 0.8014246450684372
model_id_of_model3_used: 0
index,index2,cosdist[index][index2],thresholdtopk[index]: 3 1 0.9992229892481533 0.8014246450684372
model_id_of_model3_used: 1
index,index2,cosdist[index][index2],thresholdtopk[index]: 3 2 0.9988357258057146 0.8014246450684372
model_id_of_model3_used: 2
index,index2,cosdist[index][index2],thresholdtopk[index]: 3 3 1 0.8014246450684372
model_id_of_model3_used: 3
index,index2,cosdist[index][index2],thresholdtopk[index]: 3 4 0.9995385328982294 0.8014246450684372
model_id_of_model3_used: 4
model_num of model 3 used
-- 5 --
index,index2,cosdist[index][index2],thresholdtopk[index]: 4 0 0.9994220609334159 0.8011814499242872
model_id_of_model4_used: 0
index,index2,cosdist[index][index2],thresholdtopk[index]: 4 1 0.9993568666975391 0.8011814499242872
model_id_of_model4_used: 1
index,index2,cosdist[index][index2],thresholdtopk[index]: 4 2 0.9988461814427583 0.8011814499242872
model_id_of_model4_used: 2
index,index2,cosdist[index][index2],thresholdtopk[index]: 4 3 0.9995385328982294 0.8011814499242872
model_id_of_model4_used: 3
index,index2,cosdist[index][index2],thresholdtopk[index]: 4 4 1 0.8011814499242872
model_id_of_model4_used: 4
model_num of model 4 used
-- 5 --
index,index2,cosdist[index][index2],thresholdtopk[index]: 5 5 1 0.7997164094300413
model_id_of_model5_used: 5
index,index2,cosdist[index][index2],thresholdtopk[index]: 5 6 0.9990185830633221 0.7997164094300413
model_id_of_model5_used: 6
index,index2,cosdist[index][index2],thresholdtopk[index]: 5 7 0.9982015228355497 0.7997164094300413
model_id_of_model5_used: 7
index,index2,cosdist[index][index2],thresholdtopk[index]: 5 8 0.9992529615300483 0.7997164094300413
model_id_of_model5_used: 8
index,index2,cosdist[index][index2],thresholdtopk[index]: 5 9 0.9986118442825747 0.7997164094300413
model_id_of_model5_used: 9
model_num of model 5 used
-- 5 --
index,index2,cosdist[index][index2],thresholdtopk[index]: 6 5 0.9990185830633221 0.8090585273962065
model_id_of_model6_used: 5
index,index2,cosdist[index][index2],thresholdtopk[index]: 6 6 1 0.8090585273962065
model_id_of_model6_used: 6
index,index2,cosdist[index][index2],thresholdtopk[index]: 6 7 0.9981709125585488 0.8090585273962065
model_id_of_model6_used: 7
