Namespace(conf='../conf/EMNIST_balance_conf.json', dataset='mnist', gpu=1.0, iid=True, use_pretrained_model=False)
X shape : (36000, 28, 28)
y shape : (36000,)
X shape : (6000, 28, 28)
y shape : (6000,)
15    6000
14    6000
13    6000
12    6000
11    6000
10    6000
dtype: int64
mod_private_class1: [10 11 12]
mod_private_class2: [13 14 15]
============================================================
============================================================
============================================================
X shape : (3000, 28, 28)
y shape : (3000,)
X shape : (3000, 28, 28)
y shape : (3000,)
model 0 : CNN_128_256
model 1 : CNN_128_384
model 2 : CNN_128_512
model 3 : CNN_256_256
model 4 : CNN_256_512
model 5 : CNN_64_128_256
model 6 : CNN_64_128_192
model 7 : CNN_128_192_256
model 8 : CNN_128_128_128
model 9 : CNN_128_128_192
Training model  0
Training model  1
Training model  2
Training model  3
Training model  4
Training model  5
Training model  6
Training model  7
Training model  8
Training model  9
pre-train accuracy: 
[0.9862539556962026, 0.9857594936708861, 0.9828916139240507, 0.9882318037974683, 0.9854628164556962, 0.9894185126582279, 0.9929786392405063, 0.9903085443037974, 0.9913963607594937, 0.9909018987341772]
publice_dataset[y]: [5 0 4 ... 5 6 8]
calculate the theoretical upper bounds for participants: 
the upper bounds are: [0.0, 0.0, 0.0, 0.0, 0.0, 0.0, 0.0, 0.0, 0.0, 0.0]
start model initialization: 
finish model initialization: 
round  0
update logits ... 
cosdist:
[[1, 0.9817183293764326, 0.9879840829056389, 0.9389061750367703, 0.982045248318312, 0.7310329498460503, 0.7461436168758159, 0.7253569073362109, 0.7101225669295727, 0.7103229569070582], [0.9817183293764326, 1, 0.9838518611656218, 0.9188210100773596, 0.9685222702861269, 0.7238489837055635, 0.7357841625202091, 0.7193180470807137, 0.6985073959791546, 0.7026558199344995], [0.9879840829056389, 0.9838518611656218, 1, 0.930028590132754, 0.9769919467082893, 0.6955593482734085, 0.7139821087112198, 0.6897268746009992, 0.6749477488103532, 0.6771677807558937], [0.9389061750367703, 0.9188210100773596, 0.930028590132754, 1, 0.9646431968646454, 0.7890363634654355, 0.8439042369710646, 0.8008091430006524, 0.8078021485960971, 0.8139840839542091], [0.982045248318312, 0.9685222702861269, 0.9769919467082893, 0.9646431968646454, 1, 0.7923562420166402, 0.8149021953306564, 0.7902696056673263, 0.7816259036693974, 0.7833086321427303], [0.7310329498460503, 0.7238489837055635, 0.6955593482734085, 0.7890363634654355, 0.7923562420166402, 1, 0.9712479658010537, 0.9873195824448872, 0.9829348798625066, 0.9728960423314157], [0.7461436168758159, 0.7357841625202091, 0.7139821087112198, 0.8439042369710646, 0.8149021953306564, 0.9712479658010537, 1, 0.9789222995810756, 0.9858392001448212, 0.9846142563737792], [0.7253569073362109, 0.7193180470807137, 0.6897268746009992, 0.8008091430006524, 0.7902696056673263, 0.9873195824448872, 0.9789222995810756, 1, 0.9886027804140874, 0.9813219371599461], [0.7101225669295727, 0.6985073959791546, 0.6749477488103532, 0.8078021485960971, 0.7816259036693974, 0.9829348798625066, 0.9858392001448212, 0.9886027804140874, 1, 0.9867918627407805], [0.7103229569070582, 0.7026558199344995, 0.6771677807558937, 0.8139840839542091, 0.7833086321427303, 0.9728960423314157, 0.9846142563737792, 0.9813219371599461, 0.9867918627407805, 1]]
thresholdtopk: [[0.7101225669295727, 0.7103229569070582, 0.7253569073362109, 0.7310329498460503, 0.7461436168758159, 0.9389061750367703, 0.9817183293764326, 0.982045248318312, 0.9879840829056389, 1], [0.6985073959791546, 0.7026558199344995, 0.7193180470807137, 0.7238489837055635, 0.7357841625202091, 0.9188210100773596, 0.9685222702861269, 0.9817183293764326, 0.9838518611656218, 1], [0.6749477488103532, 0.6771677807558937, 0.6897268746009992, 0.6955593482734085, 0.7139821087112198, 0.930028590132754, 0.9769919467082893, 0.9838518611656218, 0.9879840829056389, 1], [0.7890363634654355, 0.8008091430006524, 0.8078021485960971, 0.8139840839542091, 0.8439042369710646, 0.9188210100773596, 0.930028590132754, 0.9389061750367703, 0.9646431968646454, 1], [0.7816259036693974, 0.7833086321427303, 0.7902696056673263, 0.7923562420166402, 0.8149021953306564, 0.9646431968646454, 0.9685222702861269, 0.9769919467082893, 0.982045248318312, 1], [0.6955593482734085, 0.7238489837055635, 0.7310329498460503, 0.7890363634654355, 0.7923562420166402, 0.9712479658010537, 0.9728960423314157, 0.9829348798625066, 0.9873195824448872, 1], [0.7139821087112198, 0.7357841625202091, 0.7461436168758159, 0.8149021953306564, 0.8439042369710646, 0.9712479658010537, 0.9789222995810756, 0.9846142563737792, 0.9858392001448212, 1], [0.6897268746009992, 0.7193180470807137, 0.7253569073362109, 0.7902696056673263, 0.8008091430006524, 0.9789222995810756, 0.9813219371599461, 0.9873195824448872, 0.9886027804140874, 1], [0.6749477488103532, 0.6985073959791546, 0.7101225669295727, 0.7816259036693974, 0.8078021485960971, 0.9829348798625066, 0.9858392001448212, 0.9867918627407805, 0.9886027804140874, 1], [0.6771677807558937, 0.7026558199344995, 0.7103229569070582, 0.7833086321427303, 0.8139840839542091, 0.9728960423314157, 0.9813219371599461, 0.9846142563737792, 0.9867918627407805, 1]]
index,index2,cosdist[index][index2],deepcopy_cosdist[index][0]: 0 0 1 0.7101225669295727
model_id_of_model0_used: 0
index,index2,cosdist[index][index2],deepcopy_cosdist[index][0]: 0 1 0.9817183293764326 0.7101225669295727
model_id_of_model0_used: 1
index,index2,cosdist[index][index2],deepcopy_cosdist[index][0]: 0 2 0.9879840829056389 0.7101225669295727
model_id_of_model0_used: 2
index,index2,cosdist[index][index2],deepcopy_cosdist[index][0]: 0 3 0.9389061750367703 0.7101225669295727
model_id_of_model0_used: 3
index,index2,cosdist[index][index2],deepcopy_cosdist[index][0]: 0 4 0.982045248318312 0.7101225669295727
model_id_of_model0_used: 4
index,index2,cosdist[index][index2],deepcopy_cosdist[index][0]: 0 5 0.7310329498460503 0.7101225669295727
model_id_of_model0_used: 5
index,index2,cosdist[index][index2],deepcopy_cosdist[index][0]: 0 6 0.7461436168758159 0.7101225669295727
model_id_of_model0_used: 6
index,index2,cosdist[index][index2],deepcopy_cosdist[index][0]: 0 7 0.7253569073362109 0.7101225669295727
model_id_of_model0_used: 7
index,index2,cosdist[index][index2],deepcopy_cosdist[index][0]: 0 9 0.7103229569070582 0.7101225669295727
model_id_of_model0_used: 9
model_num of model 0 used
-- 9 --
min_max_sun of model 0 used: 1.4124071642361349
index,index2,cosdist[index][index2],deepcopy_cosdist[index][0]: 1 0 0.9817183293764326 0.6985073959791546
model_id_of_model1_used: 0
index,index2,cosdist[index][index2],deepcopy_cosdist[index][0]: 1 1 1 0.6985073959791546
model_id_of_model1_used: 1
index,index2,cosdist[index][index2],deepcopy_cosdist[index][0]: 1 2 0.9838518611656218 0.6985073959791546
model_id_of_model1_used: 2
index,index2,cosdist[index][index2],deepcopy_cosdist[index][0]: 1 3 0.9188210100773596 0.6985073959791546
model_id_of_model1_used: 3
index,index2,cosdist[index][index2],deepcopy_cosdist[index][0]: 1 4 0.9685222702861269 0.6985073959791546
model_id_of_model1_used: 4
index,index2,cosdist[index][index2],deepcopy_cosdist[index][0]: 1 5 0.7238489837055635 0.6985073959791546
model_id_of_model1_used: 5
index,index2,cosdist[index][index2],deepcopy_cosdist[index][0]: 1 6 0.7357841625202091 0.6985073959791546
model_id_of_model1_used: 6
index,index2,cosdist[index][index2],deepcopy_cosdist[index][0]: 1 7 0.7193180470807137 0.6985073959791546
model_id_of_model1_used: 7
index,index2,cosdist[index][index2],deepcopy_cosdist[index][0]: 1 9 0.7026558199344995 0.6985073959791546
model_id_of_model1_used: 9
model_num of model 1 used
-- 9 --
min_max_sun of model 1 used: 1.4479539203341356
index,index2,cosdist[index][index2],deepcopy_cosdist[index][0]: 2 0 0.9879840829056389 0.6749477488103532
model_id_of_model2_used: 0
index,index2,cosdist[index][index2],deepcopy_cosdist[index][0]: 2 1 0.9838518611656218 0.6749477488103532
model_id_of_model2_used: 1
index,index2,cosdist[index][index2],deepcopy_cosdist[index][0]: 2 2 1 0.6749477488103532
model_id_of_model2_used: 2
index,index2,cosdist[index][index2],deepcopy_cosdist[index][0]: 2 3 0.930028590132754 0.6749477488103532
model_id_of_model2_used: 3
index,index2,cosdist[index][index2],deepcopy_cosdist[index][0]: 2 4 0.9769919467082893 0.6749477488103532
model_id_of_model2_used: 4
index,index2,cosdist[index][index2],deepcopy_cosdist[index][0]: 2 5 0.6955593482734085 0.6749477488103532
model_id_of_model2_used: 5
index,index2,cosdist[index][index2],deepcopy_cosdist[index][0]: 2 6 0.7139821087112198 0.6749477488103532
model_id_of_model2_used: 6
index,index2,cosdist[index][index2],deepcopy_cosdist[index][0]: 2 7 0.6897268746009992 0.6749477488103532
model_id_of_model2_used: 7
index,index2,cosdist[index][index2],deepcopy_cosdist[index][0]: 2 9 0.6771677807558937 0.6749477488103532
model_id_of_model2_used: 9
model_num of model 2 used
-- 9 --
min_max_sun of model 2 used: 1.5807628539606458
index,index2,cosdist[index][index2],deepcopy_cosdist[index][0]: 3 0 0.9389061750367703 0.7890363634654355
model_id_of_model3_used: 0
index,index2,cosdist[index][index2],deepcopy_cosdist[index][0]: 3 1 0.9188210100773596 0.7890363634654355
model_id_of_model3_used: 1
index,index2,cosdist[index][index2],deepcopy_cosdist[index][0]: 3 2 0.930028590132754 0.7890363634654355
model_id_of_model3_used: 2
index,index2,cosdist[index][index2],deepcopy_cosdist[index][0]: 3 3 1 0.7890363634654355
model_id_of_model3_used: 3
index,index2,cosdist[index][index2],deepcopy_cosdist[index][0]: 3 4 0.9646431968646454 0.7890363634654355
model_id_of_model3_used: 4
index,index2,cosdist[index][index2],deepcopy_cosdist[index][0]: 3 6 0.8439042369710646 0.7890363634654355
model_id_of_model3_used: 6
index,index2,cosdist[index][index2],deepcopy_cosdist[index][0]: 3 7 0.8008091430006524 0.7890363634654355
model_id_of_model3_used: 7
index,index2,cosdist[index][index2],deepcopy_cosdist[index][0]: 3 8 0.8078021485960971 0.7890363634654355
model_id_of_model3_used: 8
index,index2,cosdist[index][index2],deepcopy_cosdist[index][0]: 3 9 0.8139840839542091 0.7890363634654355
model_id_of_model3_used: 9
model_num of model 3 used
-- 9 --
min_max_sun of model 3 used: 0.9175713134446332
index,index2,cosdist[index][index2],deepcopy_cosdist[index][0]: 4 0 0.982045248318312 0.7816259036693974
model_id_of_model4_used: 0
index,index2,cosdist[index][index2],deepcopy_cosdist[index][0]: 4 1 0.9685222702861269 0.7816259036693974
model_id_of_model4_used: 1
index,index2,cosdist[index][index2],deepcopy_cosdist[index][0]: 4 2 0.9769919467082893 0.7816259036693974
model_id_of_model4_used: 2
index,index2,cosdist[index][index2],deepcopy_cosdist[index][0]: 4 3 0.9646431968646454 0.7816259036693974
model_id_of_model4_used: 3
index,index2,cosdist[index][index2],deepcopy_cosdist[index][0]: 4 4 1 0.7816259036693974
model_id_of_model4_used: 4
index,index2,cosdist[index][index2],deepcopy_cosdist[index][0]: 4 5 0.7923562420166402 0.7816259036693974
model_id_of_model4_used: 5
index,index2,cosdist[index][index2],deepcopy_cosdist[index][0]: 4 6 0.8149021953306564 0.7816259036693974
model_id_of_model4_used: 6
index,index2,cosdist[index][index2],deepcopy_cosdist[index][0]: 4 7 0.7902696056673263 0.7816259036693974
model_id_of_model4_used: 7
index,index2,cosdist[index][index2],deepcopy_cosdist[index][0]: 4 9 0.7833086321427303 0.7816259036693974
model_id_of_model4_used: 9
model_num of model 4 used
-- 9 --
min_max_sun of model 4 used: 1.0384062043101498
index,index2,cosdist[index][index2],deepcopy_cosdist[index][0]: 5 0 0.7310329498460503 0.6955593482734085
model_id_of_model5_used: 0
index,index2,cosdist[index][index2],deepcopy_cosdist[index][0]: 5 1 0.7238489837055635 0.6955593482734085
model_id_of_model5_used: 1
index,index2,cosdist[index][index2],deepcopy_cosdist[index][0]: 5 3 0.7890363634654355 0.6955593482734085
model_id_of_model5_used: 3
index,index2,cosdist[index][index2],deepcopy_cosdist[index][0]: 5 4 0.7923562420166402 0.6955593482734085
model_id_of_model5_used: 4
index,index2,cosdist[index][index2],deepcopy_cosdist[index][0]: 5 5 1 0.6955593482734085
model_id_of_model5_used: 5
index,index2,cosdist[index][index2],deepcopy_cosdist[index][0]: 5 6 0.9712479658010537 0.6955593482734085
model_id_of_model5_used: 6
index,index2,cosdist[index][index2],deepcopy_cosdist[index][0]: 5 7 0.9873195824448872 0.6955593482734085
model_id_of_model5_used: 7
index,index2,cosdist[index][index2],deepcopy_cosdist[index][0]: 5 8 0.9829348798625066 0.6955593482734085
model_id_of_model5_used: 8
index,index2,cosdist[index][index2],deepcopy_cosdist[index][0]: 5 9 0.9728960423314157 0.6955593482734085
model_id_of_model5_used: 9
model_num of model 5 used
-- 9 --
min_max_sun of model 5 used: 1.6906388750128762
index,index2,cosdist[index][index2],deepcopy_cosdist[index][0]: 6 0 0.7461436168758159 0.7139821087112198
model_id_of_model6_used: 0
index,index2,cosdist[index][index2],deepcopy_cosdist[index][0]: 6 1 0.7357841625202091 0.7139821087112198
model_id_of_model6_used: 1
index,index2,cosdist[index][index2],deepcopy_cosdist[index][0]: 6 3 0.8439042369710646 0.7139821087112198
model_id_of_model6_used: 3
index,index2,cosdist[index][index2],deepcopy_cosdist[index][0]: 6 4 0.8149021953306564 0.7139821087112198
model_id_of_model6_used: 4
index,index2,cosdist[index][index2],deepcopy_cosdist[index][0]: 6 5 0.9712479658010537 0.7139821087112198
model_id_of_model6_used: 5
index,index2,cosdist[index][index2],deepcopy_cosdist[index][0]: 6 6 1 0.7139821087112198
model_id_of_model6_used: 6
index,index2,cosdist[index][index2],deepcopy_cosdist[index][0]: 6 7 0.9789222995810756 0.7139821087112198
model_id_of_model6_used: 7
index,index2,cosdist[index][index2],deepcopy_cosdist[index][0]: 6 8 0.9858392001448212 0.7139821087112198
model_id_of_model6_used: 8
index,index2,cosdist[index][index2],deepcopy_cosdist[index][0]: 6 9 0.9846142563737792 0.7139821087112198
model_id_of_model6_used: 9
model_num of model 6 used
-- 9 --
min_max_sun of model 6 used: 1.6355189551974973
index,index2,cosdist[index][index2],deepcopy_cosdist[index][0]: 7 0 0.7253569073362109 0.6897268746009992
model_id_of_model7_used: 0
index,index2,cosdist[index][index2],deepcopy_cosdist[index][0]: 7 1 0.7193180470807137 0.6897268746009992
model_id_of_model7_used: 1
index,index2,cosdist[index][index2],deepcopy_cosdist[index][0]: 7 3 0.8008091430006524 0.6897268746009992
model_id_of_model7_used: 3
index,index2,cosdist[index][index2],deepcopy_cosdist[index][0]: 7 4 0.7902696056673263 0.6897268746009992
model_id_of_model7_used: 4
index,index2,cosdist[index][index2],deepcopy_cosdist[index][0]: 7 5 0.9873195824448872 0.6897268746009992
model_id_of_model7_used: 5
index,index2,cosdist[index][index2],deepcopy_cosdist[index][0]: 7 6 0.9789222995810756 0.6897268746009992
model_id_of_model7_used: 6
index,index2,cosdist[index][index2],deepcopy_cosdist[index][0]: 7 7 1 0.6897268746009992
model_id_of_model7_used: 7
index,index2,cosdist[index][index2],deepcopy_cosdist[index][0]: 7 8 0.9886027804140874 0.6897268746009992
model_id_of_model7_used: 8
index,index2,cosdist[index][index2],deepcopy_cosdist[index][0]: 7 9 0.9813219371599461 0.6897268746009992
model_id_of_model7_used: 9
model_num of model 7 used
-- 9 --
min_max_sun of model 7 used: 1.7643784312759068
index,index2,cosdist[index][index2],deepcopy_cosdist[index][0]: 8 0 0.7101225669295727 0.6749477488103532
model_id_of_model8_used: 0
index,index2,cosdist[index][index2],deepcopy_cosdist[index][0]: 8 1 0.6985073959791546 0.6749477488103532
model_id_of_model8_used: 1
index,index2,cosdist[index][index2],deepcopy_cosdist[index][0]: 8 3 0.8078021485960971 0.6749477488103532
model_id_of_model8_used: 3
index,index2,cosdist[index][index2],deepcopy_cosdist[index][0]: 8 4 0.7816259036693974 0.6749477488103532
model_id_of_model8_used: 4
index,index2,cosdist[index][index2],deepcopy_cosdist[index][0]: 8 5 0.9829348798625066 0.6749477488103532
model_id_of_model8_used: 5
index,index2,cosdist[index][index2],deepcopy_cosdist[index][0]: 8 6 0.9858392001448212 0.6749477488103532
model_id_of_model8_used: 6
index,index2,cosdist[index][index2],deepcopy_cosdist[index][0]: 8 7 0.9886027804140874 0.6749477488103532
model_id_of_model8_used: 7
index,index2,cosdist[index][index2],deepcopy_cosdist[index][0]: 8 8 1 0.6749477488103532
model_id_of_model8_used: 8
index,index2,cosdist[index][index2],deepcopy_cosdist[index][0]: 8 9 0.9867918627407805 0.6749477488103532
model_id_of_model8_used: 9
model_num of model 8 used
-- 9 --
min_max_sun of model 8 used: 1.8676969990432384
index,index2,cosdist[index][index2],deepcopy_cosdist[index][0]: 9 0 0.7103229569070582 0.6771677807558937
model_id_of_model9_used: 0
index,index2,cosdist[index][index2],deepcopy_cosdist[index][0]: 9 1 0.7026558199344995 0.6771677807558937
model_id_of_model9_used: 1
index,index2,cosdist[index][index2],deepcopy_cosdist[index][0]: 9 3 0.8139840839542091 0.6771677807558937
model_id_of_model9_used: 3
index,index2,cosdist[index][index2],deepcopy_cosdist[index][0]: 9 4 0.7833086321427303 0.6771677807558937
model_id_of_model9_used: 4
index,index2,cosdist[index][index2],deepcopy_cosdist[index][0]: 9 5 0.9728960423314157 0.6771677807558937
model_id_of_model9_used: 5
index,index2,cosdist[index][index2],deepcopy_cosdist[index][0]: 9 6 0.9846142563737792 0.6771677807558937
model_id_of_model9_used: 6
index,index2,cosdist[index][index2],deepcopy_cosdist[index][0]: 9 7 0.9813219371599461 0.6771677807558937
model_id_of_model9_used: 7
index,index2,cosdist[index][index2],deepcopy_cosdist[index][0]: 9 8 0.9867918627407805 0.6771677807558937
model_id_of_model9_used: 8
index,index2,cosdist[index][index2],deepcopy_cosdist[index][0]: 9 9 1 0.6771677807558937
model_id_of_model9_used: 9
model_num of model 9 used
-- 9 --
min_max_sun of model 9 used: 1.8413855647413753
test performance ... 
model 0 use private_data_1 test
0.8001994680851063
model 1 use private_data_1 test
0.7266179082241464
model 2 use private_data_1 test
0.8603723404255319
model 3 use private_data_1 test
0.880429964750371
model 4 use private_data_1 test
0.9045877659574468
model 5 use private_data_2 test
0.9349512413461157
model 6 use private_data_2 test
0.8730053191489362
model 7 use private_data_2 test
0.7917774826922315
model 8 use private_data_2 test
0.9038120571603167
model 9 use private_data_2 test
0.805075355032657
updates models ...
model 0 starting alignment with public logits... 
model 0 done alignment
model 0 starting training with private data... 
model 0 done private training. 

model 1 starting alignment with public logits... 
model 1 done alignment
model 1 starting training with private data... 
model 1 done private training. 

model 2 starting alignment with public logits... 
model 2 done alignment
model 2 starting training with private data... 
model 2 done private training. 

model 3 starting alignment with public logits... 
model 3 done alignment
model 3 starting training with private data... 
model 3 done private training. 

model 4 starting alignment with public logits... 
model 4 done alignment
model 4 starting training with private data... 
model 4 done private training. 

model 5 starting alignment with public logits... 
model 5 done alignment
model 5 starting training with private data... 
model 5 done private training. 

model 6 starting alignment with public logits... 
model 6 done alignment
model 6 starting training with private data... 
model 6 done private training. 

model 7 starting alignment with public logits... 
model 7 done alignment
model 7 starting training with private data... 
model 7 done private training. 

model 8 starting alignment with public logits... 
model 8 done alignment
model 8 starting training with private data... 
model 8 done private training. 

model 9 starting alignment with public logits... 
model 9 done alignment
model 9 starting training with private data... 
model 9 done private training. 

round  1
update logits ... 
cosdist:
[[1, 0.9936148078781848, 0.997171538193332, 0.9880075029892824, 0.9978735031500038, 0.8540859918224247, 0.8525118401840261, 0.8626530922064664, 0.8410963321611146, 0.8464155852018066], [0.9936148078781848, 1, 0.9962237936882808, 0.9848723859788528, 0.994527559477506, 0.8545140695536924, 0.8527269244637716, 0.8597595734735923, 0.8421893225149965, 0.8448579957541792], [0.997171538193332, 0.9962237936882808, 1, 0.9893711017191684, 0.9975185831555725, 0.855852868745078, 0.8532417777333716, 0.8628285173893195, 0.8425364423687182, 0.8462261458972463], [0.9880075029892824, 0.9848723859788528, 0.9893711017191684, 1, 0.9892824212576772, 0.8763653133851858, 0.8736033494973819, 0.8852171401059876, 0.8634835227386354, 0.8678938199219777], [0.9978735031500038, 0.994527559477506, 0.9975185831555725, 0.9892824212576772, 1, 0.8546464093175523, 0.8533034343040135, 0.8627951396813114, 0.8418896877929438, 0.8473760390236695], [0.8540859918224247, 0.8545140695536924, 0.855852868745078, 0.8763653133851858, 0.8546464093175523, 1, 0.9962592007295326, 0.9943049036309269, 0.9966015743729807, 0.9940638159311537], [0.8525118401840261, 0.8527269244637716, 0.8532417777333716, 0.8736033494973819, 0.8533034343040135, 0.9962592007295326, 1, 0.9921675120668049, 0.9969950041861184, 0.9954109557800496], [0.8626530922064664, 0.8597595734735923, 0.8628285173893195, 0.8852171401059876, 0.8627951396813114, 0.9943049036309269, 0.9921675120668049, 1, 0.9922523495670914, 0.995192379217182], [0.8410963321611146, 0.8421893225149965, 0.8425364423687182, 0.8634835227386354, 0.8418896877929438, 0.9966015743729807, 0.9969950041861184, 0.9922523495670914, 1, 0.9947772162265304], [0.8464155852018066, 0.8448579957541792, 0.8462261458972463, 0.8678938199219777, 0.8473760390236695, 0.9940638159311537, 0.9954109557800496, 0.995192379217182, 0.9947772162265304, 1]]
thresholdtopk: [[0.8410963321611146, 0.8464155852018066, 0.8525118401840261, 0.8540859918224247, 0.8626530922064664, 0.9880075029892824, 0.9936148078781848, 0.997171538193332, 0.9978735031500038, 1], [0.8421893225149965, 0.8448579957541792, 0.8527269244637716, 0.8545140695536924, 0.8597595734735923, 0.9848723859788528, 0.9936148078781848, 0.994527559477506, 0.9962237936882808, 1], [0.8425364423687182, 0.8462261458972463, 0.8532417777333716, 0.855852868745078, 0.8628285173893195, 0.9893711017191684, 0.9962237936882808, 0.997171538193332, 0.9975185831555725, 1], [0.8634835227386354, 0.8678938199219777, 0.8736033494973819, 0.8763653133851858, 0.8852171401059876, 0.9848723859788528, 0.9880075029892824, 0.9892824212576772, 0.9893711017191684, 1], [0.8418896877929438, 0.8473760390236695, 0.8533034343040135, 0.8546464093175523, 0.8627951396813114, 0.9892824212576772, 0.994527559477506, 0.9975185831555725, 0.9978735031500038, 1], [0.8540859918224247, 0.8545140695536924, 0.8546464093175523, 0.855852868745078, 0.8763653133851858, 0.9940638159311537, 0.9943049036309269, 0.9962592007295326, 0.9966015743729807, 1], [0.8525118401840261, 0.8527269244637716, 0.8532417777333716, 0.8533034343040135, 0.8736033494973819, 0.9921675120668049, 0.9954109557800496, 0.9962592007295326, 0.9969950041861184, 1], [0.8597595734735923, 0.8626530922064664, 0.8627951396813114, 0.8628285173893195, 0.8852171401059876, 0.9921675120668049, 0.9922523495670914, 0.9943049036309269, 0.995192379217182, 1], [0.8410963321611146, 0.8418896877929438, 0.8421893225149965, 0.8425364423687182, 0.8634835227386354, 0.9922523495670914, 0.9947772162265304, 0.9966015743729807, 0.9969950041861184, 1], [0.8448579957541792, 0.8462261458972463, 0.8464155852018066, 0.8473760390236695, 0.8678938199219777, 0.9940638159311537, 0.9947772162265304, 0.995192379217182, 0.9954109557800496, 1]]
index,index2,cosdist[index][index2],deepcopy_cosdist[index][0]: 0 0 1 0.8410963321611146
model_id_of_model0_used: 0
index,index2,cosdist[index][index2],deepcopy_cosdist[index][0]: 0 1 0.9936148078781848 0.8410963321611146
model_id_of_model0_used: 1
index,index2,cosdist[index][index2],deepcopy_cosdist[index][0]: 0 2 0.997171538193332 0.8410963321611146
model_id_of_model0_used: 2
index,index2,cosdist[index][index2],deepcopy_cosdist[index][0]: 0 3 0.9880075029892824 0.8410963321611146
model_id_of_model0_used: 3
index,index2,cosdist[index][index2],deepcopy_cosdist[index][0]: 0 4 0.9978735031500038 0.8410963321611146
model_id_of_model0_used: 4
index,index2,cosdist[index][index2],deepcopy_cosdist[index][0]: 0 5 0.8540859918224247 0.8410963321611146
model_id_of_model0_used: 5
index,index2,cosdist[index][index2],deepcopy_cosdist[index][0]: 0 6 0.8525118401840261 0.8410963321611146
model_id_of_model0_used: 6
index,index2,cosdist[index][index2],deepcopy_cosdist[index][0]: 0 7 0.8626530922064664 0.8410963321611146
model_id_of_model0_used: 7
index,index2,cosdist[index][index2],deepcopy_cosdist[index][0]: 0 9 0.8464155852018066 0.8410963321611146
model_id_of_model0_used: 9
model_num of model 0 used
-- 9 --
min_max_sun of model 0 used: 0.8224668721754957
index,index2,cosdist[index][index2],deepcopy_cosdist[index][0]: 1 0 0.9936148078781848 0.8421893225149965
model_id_of_model1_used: 0
index,index2,cosdist[index][index2],deepcopy_cosdist[index][0]: 1 1 1 0.8421893225149965
model_id_of_model1_used: 1
index,index2,cosdist[index][index2],deepcopy_cosdist[index][0]: 1 2 0.9962237936882808 0.8421893225149965
model_id_of_model1_used: 2
index,index2,cosdist[index][index2],deepcopy_cosdist[index][0]: 1 3 0.9848723859788528 0.8421893225149965
model_id_of_model1_used: 3
index,index2,cosdist[index][index2],deepcopy_cosdist[index][0]: 1 4 0.994527559477506 0.8421893225149965
model_id_of_model1_used: 4
index,index2,cosdist[index][index2],deepcopy_cosdist[index][0]: 1 5 0.8545140695536924 0.8421893225149965
model_id_of_model1_used: 5
index,index2,cosdist[index][index2],deepcopy_cosdist[index][0]: 1 6 0.8527269244637716 0.8421893225149965
model_id_of_model1_used: 6
index,index2,cosdist[index][index2],deepcopy_cosdist[index][0]: 1 7 0.8597595734735923 0.8421893225149965
model_id_of_model1_used: 7
index,index2,cosdist[index][index2],deepcopy_cosdist[index][0]: 1 9 0.8448579957541792 0.8421893225149965
model_id_of_model1_used: 9
model_num of model 1 used
-- 9 --
min_max_sun of model 1 used: 0.801393207633092
index,index2,cosdist[index][index2],deepcopy_cosdist[index][0]: 2 0 0.997171538193332 0.8425364423687182
model_id_of_model2_used: 0
index,index2,cosdist[index][index2],deepcopy_cosdist[index][0]: 2 1 0.9962237936882808 0.8425364423687182
model_id_of_model2_used: 1
index,index2,cosdist[index][index2],deepcopy_cosdist[index][0]: 2 2 1 0.8425364423687182
model_id_of_model2_used: 2
index,index2,cosdist[index][index2],deepcopy_cosdist[index][0]: 2 3 0.9893711017191684 0.8425364423687182
model_id_of_model2_used: 3
index,index2,cosdist[index][index2],deepcopy_cosdist[index][0]: 2 4 0.9975185831555725 0.8425364423687182
model_id_of_model2_used: 4
index,index2,cosdist[index][index2],deepcopy_cosdist[index][0]: 2 5 0.855852868745078 0.8425364423687182
model_id_of_model2_used: 5
index,index2,cosdist[index][index2],deepcopy_cosdist[index][0]: 2 6 0.8532417777333716 0.8425364423687182
model_id_of_model2_used: 6
index,index2,cosdist[index][index2],deepcopy_cosdist[index][0]: 2 7 0.8628285173893195 0.8425364423687182
model_id_of_model2_used: 7
index,index2,cosdist[index][index2],deepcopy_cosdist[index][0]: 2 9 0.8462261458972463 0.8425364423687182
model_id_of_model2_used: 9
model_num of model 2 used
-- 9 --
min_max_sun of model 2 used: 0.8156063452029059
index,index2,cosdist[index][index2],deepcopy_cosdist[index][0]: 3 0 0.9880075029892824 0.8634835227386354
model_id_of_model3_used: 0
index,index2,cosdist[index][index2],deepcopy_cosdist[index][0]: 3 1 0.9848723859788528 0.8634835227386354
model_id_of_model3_used: 1
index,index2,cosdist[index][index2],deepcopy_cosdist[index][0]: 3 2 0.9893711017191684 0.8634835227386354
model_id_of_model3_used: 2
index,index2,cosdist[index][index2],deepcopy_cosdist[index][0]: 3 3 1 0.8634835227386354
model_id_of_model3_used: 3
index,index2,cosdist[index][index2],deepcopy_cosdist[index][0]: 3 4 0.9892824212576772 0.8634835227386354
model_id_of_model3_used: 4
index,index2,cosdist[index][index2],deepcopy_cosdist[index][0]: 3 5 0.8763653133851858 0.8634835227386354
model_id_of_model3_used: 5
index,index2,cosdist[index][index2],deepcopy_cosdist[index][0]: 3 6 0.8736033494973819 0.8634835227386354
model_id_of_model3_used: 6
index,index2,cosdist[index][index2],deepcopy_cosdist[index][0]: 3 7 0.8852171401059876 0.8634835227386354
model_id_of_model3_used: 7
index,index2,cosdist[index][index2],deepcopy_cosdist[index][0]: 3 9 0.8678938199219777 0.8634835227386354
model_id_of_model3_used: 9
model_num of model 3 used
-- 9 --
min_max_sun of model 3 used: 0.6832613302077954
index,index2,cosdist[index][index2],deepcopy_cosdist[index][0]: 4 0 0.9978735031500038 0.8418896877929438
model_id_of_model4_used: 0
index,index2,cosdist[index][index2],deepcopy_cosdist[index][0]: 4 1 0.994527559477506 0.8418896877929438
model_id_of_model4_used: 1
index,index2,cosdist[index][index2],deepcopy_cosdist[index][0]: 4 2 0.9975185831555725 0.8418896877929438
model_id_of_model4_used: 2
index,index2,cosdist[index][index2],deepcopy_cosdist[index][0]: 4 3 0.9892824212576772 0.8418896877929438
model_id_of_model4_used: 3
index,index2,cosdist[index][index2],deepcopy_cosdist[index][0]: 4 4 1 0.8418896877929438
model_id_of_model4_used: 4
index,index2,cosdist[index][index2],deepcopy_cosdist[index][0]: 4 5 0.8546464093175523 0.8418896877929438
model_id_of_model4_used: 5
index,index2,cosdist[index][index2],deepcopy_cosdist[index][0]: 4 6 0.8533034343040135 0.8418896877929438
model_id_of_model4_used: 6
index,index2,cosdist[index][index2],deepcopy_cosdist[index][0]: 4 7 0.8627951396813114 0.8418896877929438
model_id_of_model4_used: 7
index,index2,cosdist[index][index2],deepcopy_cosdist[index][0]: 4 9 0.8473760390236695 0.8418896877929438
model_id_of_model4_used: 9
model_num of model 4 used
-- 9 --
min_max_sun of model 4 used: 0.8203158992308118
index,index2,cosdist[index][index2],deepcopy_cosdist[index][0]: 5 1 0.8545140695536924 0.8540859918224247
model_id_of_model5_used: 1
index,index2,cosdist[index][index2],deepcopy_cosdist[index][0]: 5 2 0.855852868745078 0.8540859918224247
model_id_of_model5_used: 2
index,index2,cosdist[index][index2],deepcopy_cosdist[index][0]: 5 3 0.8763653133851858 0.8540859918224247
model_id_of_model5_used: 3
index,index2,cosdist[index][index2],deepcopy_cosdist[index][0]: 5 4 0.8546464093175523 0.8540859918224247
model_id_of_model5_used: 4
index,index2,cosdist[index][index2],deepcopy_cosdist[index][0]: 5 5 1 0.8540859918224247
model_id_of_model5_used: 5
index,index2,cosdist[index][index2],deepcopy_cosdist[index][0]: 5 6 0.9962592007295326 0.8540859918224247
model_id_of_model5_used: 6
index,index2,cosdist[index][index2],deepcopy_cosdist[index][0]: 5 7 0.9943049036309269 0.8540859918224247
model_id_of_model5_used: 7
index,index2,cosdist[index][index2],deepcopy_cosdist[index][0]: 5 8 0.9966015743729807 0.8540859918224247
model_id_of_model5_used: 8
index,index2,cosdist[index][index2],deepcopy_cosdist[index][0]: 5 9 0.9940638159311537 0.8540859918224247
model_id_of_model5_used: 9
model_num of model 5 used
-- 9 --
min_max_sun of model 5 used: 0.7358342292642798
index,index2,cosdist[index][index2],deepcopy_cosdist[index][0]: 6 1 0.8527269244637716 0.8525118401840261
model_id_of_model6_used: 1
index,index2,cosdist[index][index2],deepcopy_cosdist[index][0]: 6 2 0.8532417777333716 0.8525118401840261
model_id_of_model6_used: 2
index,index2,cosdist[index][index2],deepcopy_cosdist[index][0]: 6 3 0.8736033494973819 0.8525118401840261
model_id_of_model6_used: 3
index,index2,cosdist[index][index2],deepcopy_cosdist[index][0]: 6 4 0.8533034343040135 0.8525118401840261
model_id_of_model6_used: 4
index,index2,cosdist[index][index2],deepcopy_cosdist[index][0]: 6 5 0.9962592007295326 0.8525118401840261
model_id_of_model6_used: 5
index,index2,cosdist[index][index2],deepcopy_cosdist[index][0]: 6 6 1 0.8525118401840261
model_id_of_model6_used: 6
index,index2,cosdist[index][index2],deepcopy_cosdist[index][0]: 6 7 0.9921675120668049 0.8525118401840261
model_id_of_model6_used: 7
index,index2,cosdist[index][index2],deepcopy_cosdist[index][0]: 6 8 0.9969950041861184 0.8525118401840261
model_id_of_model6_used: 8
index,index2,cosdist[index][index2],deepcopy_cosdist[index][0]: 6 9 0.9954109557800496 0.8525118401840261
model_id_of_model6_used: 9
model_num of model 6 used
-- 9 --
min_max_sun of model 6 used: 0.7411015971048087
index,index2,cosdist[index][index2],deepcopy_cosdist[index][0]: 7 0 0.8626530922064664 0.8597595734735923
model_id_of_model7_used: 0
index,index2,cosdist[index][index2],deepcopy_cosdist[index][0]: 7 2 0.8628285173893195 0.8597595734735923
model_id_of_model7_used: 2
index,index2,cosdist[index][index2],deepcopy_cosdist[index][0]: 7 3 0.8852171401059876 0.8597595734735923
model_id_of_model7_used: 3
index,index2,cosdist[index][index2],deepcopy_cosdist[index][0]: 7 4 0.8627951396813114 0.8597595734735923
model_id_of_model7_used: 4
index,index2,cosdist[index][index2],deepcopy_cosdist[index][0]: 7 5 0.9943049036309269 0.8597595734735923
model_id_of_model7_used: 5
index,index2,cosdist[index][index2],deepcopy_cosdist[index][0]: 7 6 0.9921675120668049 0.8597595734735923
model_id_of_model7_used: 6
index,index2,cosdist[index][index2],deepcopy_cosdist[index][0]: 7 7 1 0.8597595734735923
model_id_of_model7_used: 7
index,index2,cosdist[index][index2],deepcopy_cosdist[index][0]: 7 8 0.9922523495670914 0.8597595734735923
model_id_of_model7_used: 8
index,index2,cosdist[index][index2],deepcopy_cosdist[index][0]: 7 9 0.995192379217182 0.8597595734735923
model_id_of_model7_used: 9
model_num of model 7 used
-- 9 --
min_max_sun of model 7 used: 0.7095748726027591
index,index2,cosdist[index][index2],deepcopy_cosdist[index][0]: 8 1 0.8421893225149965 0.8410963321611146
model_id_of_model8_used: 1
index,index2,cosdist[index][index2],deepcopy_cosdist[index][0]: 8 2 0.8425364423687182 0.8410963321611146
model_id_of_model8_used: 2
index,index2,cosdist[index][index2],deepcopy_cosdist[index][0]: 8 3 0.8634835227386354 0.8410963321611146
model_id_of_model8_used: 3
index,index2,cosdist[index][index2],deepcopy_cosdist[index][0]: 8 4 0.8418896877929438 0.8410963321611146
model_id_of_model8_used: 4
index,index2,cosdist[index][index2],deepcopy_cosdist[index][0]: 8 5 0.9966015743729807 0.8410963321611146
model_id_of_model8_used: 5
index,index2,cosdist[index][index2],deepcopy_cosdist[index][0]: 8 6 0.9969950041861184 0.8410963321611146
model_id_of_model8_used: 6
index,index2,cosdist[index][index2],deepcopy_cosdist[index][0]: 8 7 0.9922523495670914 0.8410963321611146
model_id_of_model8_used: 7
index,index2,cosdist[index][index2],deepcopy_cosdist[index][0]: 8 8 1 0.8410963321611146
model_id_of_model8_used: 8
index,index2,cosdist[index][index2],deepcopy_cosdist[index][0]: 8 9 0.9947772162265304 0.8410963321611146
model_id_of_model8_used: 9
model_num of model 8 used
-- 9 --
min_max_sun of model 8 used: 0.8008581303179836
index,index2,cosdist[index][index2],deepcopy_cosdist[index][0]: 9 0 0.8464155852018066 0.8448579957541792
model_id_of_model9_used: 0
index,index2,cosdist[index][index2],deepcopy_cosdist[index][0]: 9 2 0.8462261458972463 0.8448579957541792
model_id_of_model9_used: 2
index,index2,cosdist[index][index2],deepcopy_cosdist[index][0]: 9 3 0.8678938199219777 0.8448579957541792
model_id_of_model9_used: 3
index,index2,cosdist[index][index2],deepcopy_cosdist[index][0]: 9 4 0.8473760390236695 0.8448579957541792
model_id_of_model9_used: 4
index,index2,cosdist[index][index2],deepcopy_cosdist[index][0]: 9 5 0.9940638159311537 0.8448579957541792
model_id_of_model9_used: 5
index,index2,cosdist[index][index2],deepcopy_cosdist[index][0]: 9 6 0.9954109557800496 0.8448579957541792
model_id_of_model9_used: 6
index,index2,cosdist[index][index2],deepcopy_cosdist[index][0]: 9 7 0.995192379217182 0.8448579957541792
model_id_of_model9_used: 7
index,index2,cosdist[index][index2],deepcopy_cosdist[index][0]: 9 8 0.9947772162265304 0.8448579957541792
model_id_of_model9_used: 8
index,index2,cosdist[index][index2],deepcopy_cosdist[index][0]: 9 9 1 0.8448579957541792
model_id_of_model9_used: 9
model_num of model 9 used
-- 9 --
min_max_sun of model 9 used: 0.783633995412003
test performance ... 
model 0 use private_data_1 test
0.8822030146071251
model 1 use private_data_1 test
0.8569370571603167
model 2 use private_data_1 test
0.878656914893617
model 3 use private_data_1 test
0.8789893617021277
model 4 use private_data_1 test
0.9275265957446809
model 5 use private_data_2 test
0.9177748231177635
model 6 use private_data_2 test
0.9093528370907966
model 7 use private_data_2 test
0.76008422006952
model 8 use private_data_2 test
0.8817597519844136
model 9 use private_data_2 test
0.7837987592879762
updates models ...
model 0 starting alignment with public logits... 
model 0 done alignment
model 0 starting training with private data... 
model 0 done private training. 

model 1 starting alignment with public logits... 
model 1 done alignment
model 1 starting training with private data... 
model 1 done private training. 

model 2 starting alignment with public logits... 
model 2 done alignment
model 2 starting training with private data... 
model 2 done private training. 

model 3 starting alignment with public logits... 
model 3 done alignment
model 3 starting training with private data... 
model 3 done private training. 

model 4 starting alignment with public logits... 
model 4 done alignment
model 4 starting training with private data... 
model 4 done private training. 

model 5 starting alignment with public logits... 
model 5 done alignment
model 5 starting training with private data... 
model 5 done private training. 

model 6 starting alignment with public logits... 
model 6 done alignment
model 6 starting training with private data... 
model 6 done private training. 

model 7 starting alignment with public logits... 
model 7 done alignment
model 7 starting training with private data... 
model 7 done private training. 

model 8 starting alignment with public logits... 
model 8 done alignment
model 8 starting training with private data... 
model 8 done private training. 

model 9 starting alignment with public logits... 
model 9 done alignment
model 9 starting training with private data... 
model 9 done private training. 

round  2
update logits ... 
cosdist:
