Namespace(conf='../conf/My_EMNIST_balance_conf.json', dataset='mnist', gpu=1.0, iid=True, use_pretrained_model=False)
X shape : (60000, 28, 28)
y shape : (60000,)
X shape : (10000, 28, 28)
y shape : (10000,)
19    6000
18    6000
17    6000
16    6000
15    6000
14    6000
13    6000
12    6000
11    6000
10    6000
dtype: int64
============================================================
============================================================
X shape : (10000, 28, 28)
y shape : (10000,)
model 0 : ResNet18_1
model 1 : ResNet34_1
model 2 : mobilenet_1
model 3 : shufflenet_1
model 4 : ResNet18_2
model 5 : ResNet34_2
model 6 : mobilenet_2
model 7 : shufflenet_2
model 8 : ResNet18_3
model 9 : ResNet34_3
model 10 : mobilenet_3
model 11 : shufflenet_3
model 12 : ResNet18_4
model 13 : ResNet34_4
model 14 : mobilenet_4
model 15 : shufflenet_4
model 16 : ResNet18_5
model 17 : ResNet34_5
model 18 : mobilenet_5
model 19 : shufflenet_5
Training model  0
Training model  1
Training model  2
Training model  3
Training model  4
Training model  5
Training model  6
Training model  7
Training model  8
Training model  9
Training model  10
Training model  11
Training model  12
Training model  13
Training model  14
Training model  15
Training model  16
Training model  17
Training model  18
Training model  19
pre-train accuracy: 
[0.9933742088607594, 0.9925830696202531, 0.9908030063291139, 0.9878362341772152, 0.9902096518987342, 0.9925830696202531, 0.9900118670886076, 0.990506329113924, 0.9910007911392406, 0.9926819620253164, 0.9883306962025317, 0.9869462025316456, 0.9834849683544303, 0.9910007911392406, 0.9897151898734177, 0.9882318037974683, 0.9917919303797469, 0.9922863924050633, 0.9896162974683544, 0.9873417721518988]
publice_dataset[y]: [5 0 4 ... 5 6 8]
calculate the theoretical upper bounds for participants: 
the upper bounds are: [0.7832468051118211, 0.7791533546325878, 0.7656749201277955, 0.7470047923322684, 0.7827476038338658, 0.7575878594249201, 0.7497004792332268, 0.7865415335463258, 0.7813498402555911, 0.7857428115015974, 0.737220447284345, 0.7779552715654952, 0.8022164536741214, 0.7861421725239617, 0.7604832268370607, 0.7649760383386581, 0.7863418530351438, 0.7700678913738019, 0.7605830670926518, 0.7651757188498403]
start model initialization: 
finish model initialization: 
round  0
update logits ... 
cosdist:
[[1, 0.8504595989238503, 0.7354788810300139, 0.906583538542982, 0.9163216821497505, 0.7893582547810183, 0.8112798368701521, 0.8913919369946588, 0.9005899913516776, 0.8499467793632984, 0.7905102638224425, 0.8616821184275639, 0.8403499166861746, 0.7561804019885899, 0.8066773430521345, 0.8835598704531029, 0.9157275582386403, 0.8290294286365364, 0.8295631251981528, 0.8596684691882286], [0.8504595989238503, 1, 0.7294268742018791, 0.8163201534286563, 0.8358473629647554, 0.7917338636389681, 0.7923584742127178, 0.809337936652493, 0.8544845121402016, 0.8358446272148767, 0.7724472153747419, 0.8223857571182723, 0.7982965291194332, 0.7703248629491135, 0.7926136681033112, 0.8142660537241251, 0.8422322598847664, 0.8468097729790239, 0.8280797320114128, 0.8145732645350043], [0.7354788810300139, 0.7294268742018791, 1, 0.7544629010579922, 0.6905866413329469, 0.7957226672707056, 0.8896229387489218, 0.7485691025959729, 0.7699130755629413, 0.7669707731537598, 0.8694270920420731, 0.7445800504025518, 0.7468502800368867, 0.6104633627629187, 0.8240175007393309, 0.6922914141845006, 0.7426393070143823, 0.7255253342583156, 0.8713920620189058, 0.7156095082480624], [0.906583538542982, 0.8163201534286563, 0.7544629010579922, 1, 0.8765785179683236, 0.7515736851363319, 0.828596394331282, 0.8854688335104284, 0.8806431719685899, 0.8226042874767435, 0.820134685645598, 0.8744757266455144, 0.8223938920482127, 0.7457356266642668, 0.8273597774380885, 0.8875014192799525, 0.8852363699927304, 0.75861499824091, 0.8459263791951169, 0.8728010250111174], [0.9163216821497505, 0.8358473629647554, 0.6905866413329469, 0.8765785179683236, 1, 0.7563927732556008, 0.768412628058758, 0.8775054171404673, 0.8706353431304193, 0.8674348345845514, 0.7744076663678632, 0.8594921513094703, 0.8467173359775516, 0.7669749651364643, 0.7887499147139041, 0.8608341556983075, 0.9026871942460105, 0.786760542977647, 0.797842025498935, 0.8736866211481331], [0.7893582547810183, 0.7917338636389681, 0.7957226672707056, 0.7515736851363319, 0.7563927732556008, 1, 0.8158602344522872, 0.7588129111781304, 0.7794674590441105, 0.8331342197512361, 0.7627212991696354, 0.7321311166989549, 0.8184880561625962, 0.6166650484566346, 0.7720824297800821, 0.6821647601550171, 0.7797254831324149, 0.8111781957933542, 0.7935521099085187, 0.7418704865042279], [0.8112798368701521, 0.7923584742127178, 0.8896229387489218, 0.828596394331282, 0.768412628058758, 0.8158602344522872, 1, 0.8098497635626869, 0.8278561969824468, 0.8086598995575904, 0.8774282615236736, 0.8033613468479427, 0.773796233015558, 0.6697303178596254, 0.8595727765750434, 0.777247087389265, 0.7952149878488841, 0.7841865129083271, 0.9088292943517576, 0.7779341852044874], [0.8913919369946588, 0.809337936652493, 0.7485691025959729, 0.8854688335104284, 0.8775054171404673, 0.7588129111781304, 0.8098497635626869, 1, 0.9191516758875193, 0.8610467062189485, 0.8231816529366441, 0.8854478586599224, 0.8411807958566299, 0.759878410322477, 0.8194532335415124, 0.8866530462644711, 0.9115306044741536, 0.7586696568520621, 0.8281177799348125, 0.8953767524918942], [0.9005899913516776, 0.8544845121402016, 0.7699130755629413, 0.8806431719685899, 0.8706353431304193, 0.7794674590441105, 0.8278561969824468, 0.9191516758875193, 1, 0.8581109155199599, 0.8097712933571205, 0.8617929379484036, 0.8526436398728082, 0.7529378241409104, 0.8139271337921591, 0.8519195331554983, 0.915974693655705, 0.810319332940102, 0.8438913443636046, 0.8791426787111799], [0.8499467793632984, 0.8358446272148767, 0.7669707731537598, 0.8226042874767435, 0.8674348345845514, 0.8331342197512361, 0.8086598995575904, 0.8610467062189485, 0.8581109155199599, 1, 0.8149301658403837, 0.82422537693797, 0.8820262494496739, 0.7920040385508157, 0.8267745708398544, 0.7786056313972024, 0.8771950043417294, 0.8025705979595172, 0.8499414025800914, 0.8458924471042212], [0.7905102638224425, 0.7724472153747419, 0.8694270920420731, 0.820134685645598, 0.7744076663678632, 0.7627212991696354, 0.8774282615236736, 0.8231816529366441, 0.8097712933571205, 0.8149301658403837, 1, 0.7898344584768026, 0.751731416154255, 0.7170990303669705, 0.9120371348084826, 0.8030510623455823, 0.7881490669691515, 0.7486452936794241, 0.9193954355541376, 0.8002188522387841], [0.8616821184275639, 0.8223857571182723, 0.7445800504025518, 0.8744757266455144, 0.8594921513094703, 0.7321311166989549, 0.8033613468479427, 0.8854478586599224, 0.8617929379484036, 0.82422537693797, 0.7898344584768026, 1, 0.8284572684452854, 0.6900033529107131, 0.8074320525852471, 0.8554544084643185, 0.8644067811408692, 0.7284251173447379, 0.8138285441013209, 0.8550915932853421], [0.8403499166861746, 0.7982965291194332, 0.7468502800368867, 0.8223938920482127, 0.8467173359775516, 0.8184880561625962, 0.773796233015558, 0.8411807958566299, 0.8526436398728082, 0.8820262494496739, 0.751731416154255, 0.8284572684452854, 1, 0.655583076705709, 0.779424468875355, 0.7468817804790374, 0.8645160012150436, 0.7045600238271016, 0.8058029458723859, 0.819953238880566], [0.7561804019885899, 0.7703248629491135, 0.6104633627629187, 0.7457356266642668, 0.7669749651364643, 0.6166650484566346, 0.6697303178596254, 0.759878410322477, 0.7529378241409104, 0.7920040385508157, 0.7170990303669705, 0.6900033529107131, 0.655583076705709, 1, 0.730644462638165, 0.7838407046965619, 0.7690924083569453, 0.7412011861282737, 0.7501382353851828, 0.7567703869529032], [0.8066773430521345, 0.7926136681033112, 0.8240175007393309, 0.8273597774380885, 0.7887499147139041, 0.7720824297800821, 0.8595727765750434, 0.8194532335415124, 0.8139271337921591, 0.8267745708398544, 0.9120371348084826, 0.8074320525852471, 0.779424468875355, 0.730644462638165, 1, 0.8127282776360564, 0.8025103761984967, 0.8029710361669, 0.930863637163608, 0.7985760445231488], [0.8835598704531029, 0.8142660537241251, 0.6922914141845006, 0.8875014192799525, 0.8608341556983075, 0.6821647601550171, 0.777247087389265, 0.8866530462644711, 0.8519195331554983, 0.7786056313972024, 0.8030510623455823, 0.8554544084643185, 0.7468817804790374, 0.7838407046965619, 0.8127282776360564, 1, 0.844947489606379, 0.7522950180019403, 0.8159669777471934, 0.8512217720158405], [0.9157275582386403, 0.8422322598847664, 0.7426393070143823, 0.8852363699927304, 0.9026871942460105, 0.7797254831324149, 0.7952149878488841, 0.9115306044741536, 0.915974693655705, 0.8771950043417294, 0.7881490669691515, 0.8644067811408692, 0.8645160012150436, 0.7690924083569453, 0.8025103761984967, 0.844947489606379, 1, 0.8149186357858079, 0.8300152339629681, 0.8821930382486116], [0.8290294286365364, 0.8468097729790239, 0.7255253342583156, 0.75861499824091, 0.786760542977647, 0.8111781957933542, 0.7841865129083271, 0.7586696568520621, 0.810319332940102, 0.8025705979595172, 0.7486452936794241, 0.7284251173447379, 0.7045600238271016, 0.7412011861282737, 0.8029710361669, 0.7522950180019403, 0.8149186357858079, 1, 0.8157745643044165, 0.7272017445828252], [0.8295631251981528, 0.8280797320114128, 0.8713920620189058, 0.8459263791951169, 0.797842025498935, 0.7935521099085187, 0.9088292943517576, 0.8281177799348125, 0.8438913443636046, 0.8499414025800914, 0.9193954355541376, 0.8138285441013209, 0.8058029458723859, 0.7501382353851828, 0.930863637163608, 0.8159669777471934, 0.8300152339629681, 0.8157745643044165, 1, 0.8077735391844435], [0.8596684691882286, 0.8145732645350043, 0.7156095082480624, 0.8728010250111174, 0.8736866211481331, 0.7418704865042279, 0.7779341852044874, 0.8953767524918942, 0.8791426787111799, 0.8458924471042212, 0.8002188522387841, 0.8550915932853421, 0.819953238880566, 0.7567703869529032, 0.7985760445231488, 0.8512217720158405, 0.8821930382486116, 0.7272017445828252, 0.8077735391844435, 1]]
thresholdtopk: [0.8499467793632984, 0.8145732645350043, 0.7468502800368867, 0.828596394331282, 0.8467173359775516, 0.7794674590441105, 0.8086598995575904, 0.8411807958566299, 0.8526436398728082, 0.8331342197512361, 0.8002188522387841, 0.82422537693797, 0.8184880561625962, 0.7501382353851828, 0.8074320525852471, 0.8142660537241251, 0.844947489606379, 0.7841865129083271, 0.8281177799348125, 0.819953238880566]
index,index2,cosdist[index][index2],thresholdtopk[index]: 0 0 1 0.8499467793632984
model_id_of_model0_used: 0
index,index2,cosdist[index][index2],thresholdtopk[index]: 0 1 0.8504595989238503 0.8499467793632984
model_id_of_model0_used: 1
index,index2,cosdist[index][index2],thresholdtopk[index]: 0 3 0.906583538542982 0.8499467793632984
model_id_of_model0_used: 3
index,index2,cosdist[index][index2],thresholdtopk[index]: 0 4 0.9163216821497505 0.8499467793632984
model_id_of_model0_used: 4
index,index2,cosdist[index][index2],thresholdtopk[index]: 0 7 0.8913919369946588 0.8499467793632984
model_id_of_model0_used: 7
index,index2,cosdist[index][index2],thresholdtopk[index]: 0 8 0.9005899913516776 0.8499467793632984
model_id_of_model0_used: 8
index,index2,cosdist[index][index2],thresholdtopk[index]: 0 11 0.8616821184275639 0.8499467793632984
model_id_of_model0_used: 11
index,index2,cosdist[index][index2],thresholdtopk[index]: 0 15 0.8835598704531029 0.8499467793632984
model_id_of_model0_used: 15
index,index2,cosdist[index][index2],thresholdtopk[index]: 0 16 0.9157275582386403 0.8499467793632984
model_id_of_model0_used: 16
index,index2,cosdist[index][index2],thresholdtopk[index]: 0 19 0.8596684691882286 0.8499467793632984
model_id_of_model0_used: 19
model_num of model 0 used
-- 10 --
index,index2,cosdist[index][index2],thresholdtopk[index]: 1 0 0.8504595989238503 0.8145732645350043
model_id_of_model1_used: 0
index,index2,cosdist[index][index2],thresholdtopk[index]: 1 1 1 0.8145732645350043
model_id_of_model1_used: 1
index,index2,cosdist[index][index2],thresholdtopk[index]: 1 3 0.8163201534286563 0.8145732645350043
model_id_of_model1_used: 3
index,index2,cosdist[index][index2],thresholdtopk[index]: 1 4 0.8358473629647554 0.8145732645350043
model_id_of_model1_used: 4
index,index2,cosdist[index][index2],thresholdtopk[index]: 1 8 0.8544845121402016 0.8145732645350043
model_id_of_model1_used: 8
index,index2,cosdist[index][index2],thresholdtopk[index]: 1 9 0.8358446272148767 0.8145732645350043
model_id_of_model1_used: 9
index,index2,cosdist[index][index2],thresholdtopk[index]: 1 11 0.8223857571182723 0.8145732645350043
model_id_of_model1_used: 11
index,index2,cosdist[index][index2],thresholdtopk[index]: 1 16 0.8422322598847664 0.8145732645350043
model_id_of_model1_used: 16
index,index2,cosdist[index][index2],thresholdtopk[index]: 1 17 0.8468097729790239 0.8145732645350043
model_id_of_model1_used: 17
index,index2,cosdist[index][index2],thresholdtopk[index]: 1 18 0.8280797320114128 0.8145732645350043
model_id_of_model1_used: 18
model_num of model 1 used
-- 10 --
index,index2,cosdist[index][index2],thresholdtopk[index]: 2 2 1 0.7468502800368867
model_id_of_model2_used: 2
index,index2,cosdist[index][index2],thresholdtopk[index]: 2 3 0.7544629010579922 0.7468502800368867
model_id_of_model2_used: 3
index,index2,cosdist[index][index2],thresholdtopk[index]: 2 5 0.7957226672707056 0.7468502800368867
model_id_of_model2_used: 5
index,index2,cosdist[index][index2],thresholdtopk[index]: 2 6 0.8896229387489218 0.7468502800368867
model_id_of_model2_used: 6
index,index2,cosdist[index][index2],thresholdtopk[index]: 2 7 0.7485691025959729 0.7468502800368867
model_id_of_model2_used: 7
index,index2,cosdist[index][index2],thresholdtopk[index]: 2 8 0.7699130755629413 0.7468502800368867
model_id_of_model2_used: 8
index,index2,cosdist[index][index2],thresholdtopk[index]: 2 9 0.7669707731537598 0.7468502800368867
model_id_of_model2_used: 9
index,index2,cosdist[index][index2],thresholdtopk[index]: 2 10 0.8694270920420731 0.7468502800368867
model_id_of_model2_used: 10
index,index2,cosdist[index][index2],thresholdtopk[index]: 2 14 0.8240175007393309 0.7468502800368867
model_id_of_model2_used: 14
index,index2,cosdist[index][index2],thresholdtopk[index]: 2 18 0.8713920620189058 0.7468502800368867
model_id_of_model2_used: 18
model_num of model 2 used
-- 10 --
index,index2,cosdist[index][index2],thresholdtopk[index]: 3 0 0.906583538542982 0.828596394331282
model_id_of_model3_used: 0
index,index2,cosdist[index][index2],thresholdtopk[index]: 3 3 1 0.828596394331282
model_id_of_model3_used: 3
index,index2,cosdist[index][index2],thresholdtopk[index]: 3 4 0.8765785179683236 0.828596394331282
model_id_of_model3_used: 4
index,index2,cosdist[index][index2],thresholdtopk[index]: 3 7 0.8854688335104284 0.828596394331282
model_id_of_model3_used: 7
index,index2,cosdist[index][index2],thresholdtopk[index]: 3 8 0.8806431719685899 0.828596394331282
model_id_of_model3_used: 8
index,index2,cosdist[index][index2],thresholdtopk[index]: 3 11 0.8744757266455144 0.828596394331282
model_id_of_model3_used: 11
index,index2,cosdist[index][index2],thresholdtopk[index]: 3 15 0.8875014192799525 0.828596394331282
model_id_of_model3_used: 15
index,index2,cosdist[index][index2],thresholdtopk[index]: 3 16 0.8852363699927304 0.828596394331282
model_id_of_model3_used: 16
index,index2,cosdist[index][index2],thresholdtopk[index]: 3 18 0.8459263791951169 0.828596394331282
model_id_of_model3_used: 18
index,index2,cosdist[index][index2],thresholdtopk[index]: 3 19 0.8728010250111174 0.828596394331282
model_id_of_model3_used: 19
model_num of model 3 used
-- 10 --
index,index2,cosdist[index][index2],thresholdtopk[index]: 4 0 0.9163216821497505 0.8467173359775516
model_id_of_model4_used: 0
index,index2,cosdist[index][index2],thresholdtopk[index]: 4 3 0.8765785179683236 0.8467173359775516
model_id_of_model4_used: 3
index,index2,cosdist[index][index2],thresholdtopk[index]: 4 4 1 0.8467173359775516
model_id_of_model4_used: 4
index,index2,cosdist[index][index2],thresholdtopk[index]: 4 7 0.8775054171404673 0.8467173359775516
model_id_of_model4_used: 7
index,index2,cosdist[index][index2],thresholdtopk[index]: 4 8 0.8706353431304193 0.8467173359775516
model_id_of_model4_used: 8
index,index2,cosdist[index][index2],thresholdtopk[index]: 4 9 0.8674348345845514 0.8467173359775516
model_id_of_model4_used: 9
index,index2,cosdist[index][index2],thresholdtopk[index]: 4 11 0.8594921513094703 0.8467173359775516
model_id_of_model4_used: 11
index,index2,cosdist[index][index2],thresholdtopk[index]: 4 15 0.8608341556983075 0.8467173359775516
model_id_of_model4_used: 15
index,index2,cosdist[index][index2],thresholdtopk[index]: 4 16 0.9026871942460105 0.8467173359775516
model_id_of_model4_used: 16
index,index2,cosdist[index][index2],thresholdtopk[index]: 4 19 0.8736866211481331 0.8467173359775516
model_id_of_model4_used: 19
model_num of model 4 used
-- 10 --
index,index2,cosdist[index][index2],thresholdtopk[index]: 5 0 0.7893582547810183 0.7794674590441105
model_id_of_model5_used: 0
index,index2,cosdist[index][index2],thresholdtopk[index]: 5 1 0.7917338636389681 0.7794674590441105
model_id_of_model5_used: 1
index,index2,cosdist[index][index2],thresholdtopk[index]: 5 2 0.7957226672707056 0.7794674590441105
model_id_of_model5_used: 2
index,index2,cosdist[index][index2],thresholdtopk[index]: 5 5 1 0.7794674590441105
model_id_of_model5_used: 5
index,index2,cosdist[index][index2],thresholdtopk[index]: 5 6 0.8158602344522872 0.7794674590441105
model_id_of_model5_used: 6
index,index2,cosdist[index][index2],thresholdtopk[index]: 5 9 0.8331342197512361 0.7794674590441105
model_id_of_model5_used: 9
index,index2,cosdist[index][index2],thresholdtopk[index]: 5 12 0.8184880561625962 0.7794674590441105
model_id_of_model5_used: 12
index,index2,cosdist[index][index2],thresholdtopk[index]: 5 16 0.7797254831324149 0.7794674590441105
model_id_of_model5_used: 16
index,index2,cosdist[index][index2],thresholdtopk[index]: 5 17 0.8111781957933542 0.7794674590441105
model_id_of_model5_used: 17
index,index2,cosdist[index][index2],thresholdtopk[index]: 5 18 0.7935521099085187 0.7794674590441105
model_id_of_model5_used: 18
model_num of model 5 used
-- 10 --
index,index2,cosdist[index][index2],thresholdtopk[index]: 6 0 0.8112798368701521 0.8086598995575904
model_id_of_model6_used: 0
index,index2,cosdist[index][index2],thresholdtopk[index]: 6 2 0.8896229387489218 0.8086598995575904
model_id_of_model6_used: 2
index,index2,cosdist[index][index2],thresholdtopk[index]: 6 3 0.828596394331282 0.8086598995575904
model_id_of_model6_used: 3
index,index2,cosdist[index][index2],thresholdtopk[index]: 6 5 0.8158602344522872 0.8086598995575904
model_id_of_model6_used: 5
index,index2,cosdist[index][index2],thresholdtopk[index]: 6 6 1 0.8086598995575904
model_id_of_model6_used: 6
index,index2,cosdist[index][index2],thresholdtopk[index]: 6 7 0.8098497635626869 0.8086598995575904
model_id_of_model6_used: 7
index,index2,cosdist[index][index2],thresholdtopk[index]: 6 8 0.8278561969824468 0.8086598995575904
model_id_of_model6_used: 8
index,index2,cosdist[index][index2],thresholdtopk[index]: 6 10 0.8774282615236736 0.8086598995575904
model_id_of_model6_used: 10
index,index2,cosdist[index][index2],thresholdtopk[index]: 6 14 0.8595727765750434 0.8086598995575904
model_id_of_model6_used: 14
index,index2,cosdist[index][index2],thresholdtopk[index]: 6 18 0.9088292943517576 0.8086598995575904
model_id_of_model6_used: 18
model_num of model 6 used
-- 10 --
index,index2,cosdist[index][index2],thresholdtopk[index]: 7 0 0.8913919369946588 0.8411807958566299
model_id_of_model7_used: 0
index,index2,cosdist[index][index2],thresholdtopk[index]: 7 3 0.8854688335104284 0.8411807958566299
model_id_of_model7_used: 3
index,index2,cosdist[index][index2],thresholdtopk[index]: 7 4 0.8775054171404673 0.8411807958566299
model_id_of_model7_used: 4
index,index2,cosdist[index][index2],thresholdtopk[index]: 7 7 1 0.8411807958566299
model_id_of_model7_used: 7
index,index2,cosdist[index][index2],thresholdtopk[index]: 7 8 0.9191516758875193 0.8411807958566299
model_id_of_model7_used: 8
index,index2,cosdist[index][index2],thresholdtopk[index]: 7 9 0.8610467062189485 0.8411807958566299
model_id_of_model7_used: 9
index,index2,cosdist[index][index2],thresholdtopk[index]: 7 11 0.8854478586599224 0.8411807958566299
model_id_of_model7_used: 11
index,index2,cosdist[index][index2],thresholdtopk[index]: 7 15 0.8866530462644711 0.8411807958566299
model_id_of_model7_used: 15
index,index2,cosdist[index][index2],thresholdtopk[index]: 7 16 0.9115306044741536 0.8411807958566299
model_id_of_model7_used: 16
index,index2,cosdist[index][index2],thresholdtopk[index]: 7 19 0.8953767524918942 0.8411807958566299
model_id_of_model7_used: 19
model_num of model 7 used
-- 10 --
index,index2,cosdist[index][index2],thresholdtopk[index]: 8 0 0.9005899913516776 0.8526436398728082
model_id_of_model8_used: 0
index,index2,cosdist[index][index2],thresholdtopk[index]: 8 1 0.8544845121402016 0.8526436398728082
model_id_of_model8_used: 1
index,index2,cosdist[index][index2],thresholdtopk[index]: 8 3 0.8806431719685899 0.8526436398728082
model_id_of_model8_used: 3
index,index2,cosdist[index][index2],thresholdtopk[index]: 8 4 0.8706353431304193 0.8526436398728082
model_id_of_model8_used: 4
index,index2,cosdist[index][index2],thresholdtopk[index]: 8 7 0.9191516758875193 0.8526436398728082
model_id_of_model8_used: 7
index,index2,cosdist[index][index2],thresholdtopk[index]: 8 8 1 0.8526436398728082
model_id_of_model8_used: 8
index,index2,cosdist[index][index2],thresholdtopk[index]: 8 9 0.8581109155199599 0.8526436398728082
model_id_of_model8_used: 9
index,index2,cosdist[index][index2],thresholdtopk[index]: 8 11 0.8617929379484036 0.8526436398728082
model_id_of_model8_used: 11
index,index2,cosdist[index][index2],thresholdtopk[index]: 8 16 0.915974693655705 0.8526436398728082
model_id_of_model8_used: 16
index,index2,cosdist[index][index2],thresholdtopk[index]: 8 19 0.8791426787111799 0.8526436398728082
model_id_of_model8_used: 19
model_num of model 8 used
-- 10 --
index,index2,cosdist[index][index2],thresholdtopk[index]: 9 0 0.8499467793632984 0.8331342197512361
model_id_of_model9_used: 0
index,index2,cosdist[index][index2],thresholdtopk[index]: 9 1 0.8358446272148767 0.8331342197512361
model_id_of_model9_used: 1
index,index2,cosdist[index][index2],thresholdtopk[index]: 9 4 0.8674348345845514 0.8331342197512361
model_id_of_model9_used: 4
index,index2,cosdist[index][index2],thresholdtopk[index]: 9 7 0.8610467062189485 0.8331342197512361
model_id_of_model9_used: 7
index,index2,cosdist[index][index2],thresholdtopk[index]: 9 8 0.8581109155199599 0.8331342197512361
model_id_of_model9_used: 8
index,index2,cosdist[index][index2],thresholdtopk[index]: 9 9 1 0.8331342197512361
model_id_of_model9_used: 9
index,index2,cosdist[index][index2],thresholdtopk[index]: 9 12 0.8820262494496739 0.8331342197512361
model_id_of_model9_used: 12
index,index2,cosdist[index][index2],thresholdtopk[index]: 9 16 0.8771950043417294 0.8331342197512361
model_id_of_model9_used: 16
index,index2,cosdist[index][index2],thresholdtopk[index]: 9 18 0.8499414025800914 0.8331342197512361
model_id_of_model9_used: 18
index,index2,cosdist[index][index2],thresholdtopk[index]: 9 19 0.8458924471042212 0.8331342197512361
model_id_of_model9_used: 19
model_num of model 9 used
-- 10 --
index,index2,cosdist[index][index2],thresholdtopk[index]: 10 2 0.8694270920420731 0.8002188522387841
model_id_of_model10_used: 2
index,index2,cosdist[index][index2],thresholdtopk[index]: 10 3 0.820134685645598 0.8002188522387841
model_id_of_model10_used: 3
index,index2,cosdist[index][index2],thresholdtopk[index]: 10 6 0.8774282615236736 0.8002188522387841
model_id_of_model10_used: 6
index,index2,cosdist[index][index2],thresholdtopk[index]: 10 7 0.8231816529366441 0.8002188522387841
model_id_of_model10_used: 7
index,index2,cosdist[index][index2],thresholdtopk[index]: 10 8 0.8097712933571205 0.8002188522387841
model_id_of_model10_used: 8
index,index2,cosdist[index][index2],thresholdtopk[index]: 10 9 0.8149301658403837 0.8002188522387841
model_id_of_model10_used: 9
index,index2,cosdist[index][index2],thresholdtopk[index]: 10 10 1 0.8002188522387841
model_id_of_model10_used: 10
index,index2,cosdist[index][index2],thresholdtopk[index]: 10 14 0.9120371348084826 0.8002188522387841
model_id_of_model10_used: 14
index,index2,cosdist[index][index2],thresholdtopk[index]: 10 15 0.8030510623455823 0.8002188522387841
model_id_of_model10_used: 15
index,index2,cosdist[index][index2],thresholdtopk[index]: 10 18 0.9193954355541376 0.8002188522387841
model_id_of_model10_used: 18
model_num of model 10 used
-- 10 --
index,index2,cosdist[index][index2],thresholdtopk[index]: 11 0 0.8616821184275639 0.82422537693797
model_id_of_model11_used: 0
index,index2,cosdist[index][index2],thresholdtopk[index]: 11 3 0.8744757266455144 0.82422537693797
model_id_of_model11_used: 3
index,index2,cosdist[index][index2],thresholdtopk[index]: 11 4 0.8594921513094703 0.82422537693797
model_id_of_model11_used: 4
index,index2,cosdist[index][index2],thresholdtopk[index]: 11 7 0.8854478586599224 0.82422537693797
model_id_of_model11_used: 7
index,index2,cosdist[index][index2],thresholdtopk[index]: 11 8 0.8617929379484036 0.82422537693797
model_id_of_model11_used: 8
index,index2,cosdist[index][index2],thresholdtopk[index]: 11 11 1 0.82422537693797
model_id_of_model11_used: 11
index,index2,cosdist[index][index2],thresholdtopk[index]: 11 12 0.8284572684452854 0.82422537693797
model_id_of_model11_used: 12
index,index2,cosdist[index][index2],thresholdtopk[index]: 11 15 0.8554544084643185 0.82422537693797
model_id_of_model11_used: 15
index,index2,cosdist[index][index2],thresholdtopk[index]: 11 16 0.8644067811408692 0.82422537693797
model_id_of_model11_used: 16
index,index2,cosdist[index][index2],thresholdtopk[index]: 11 19 0.8550915932853421 0.82422537693797
model_id_of_model11_used: 19
model_num of model 11 used
-- 10 --
index,index2,cosdist[index][index2],thresholdtopk[index]: 12 0 0.8403499166861746 0.8184880561625962
model_id_of_model12_used: 0
index,index2,cosdist[index][index2],thresholdtopk[index]: 12 3 0.8223938920482127 0.8184880561625962
model_id_of_model12_used: 3
index,index2,cosdist[index][index2],thresholdtopk[index]: 12 4 0.8467173359775516 0.8184880561625962
model_id_of_model12_used: 4
index,index2,cosdist[index][index2],thresholdtopk[index]: 12 7 0.8411807958566299 0.8184880561625962
model_id_of_model12_used: 7
index,index2,cosdist[index][index2],thresholdtopk[index]: 12 8 0.8526436398728082 0.8184880561625962
model_id_of_model12_used: 8
index,index2,cosdist[index][index2],thresholdtopk[index]: 12 9 0.8820262494496739 0.8184880561625962
model_id_of_model12_used: 9
index,index2,cosdist[index][index2],thresholdtopk[index]: 12 11 0.8284572684452854 0.8184880561625962
model_id_of_model12_used: 11
index,index2,cosdist[index][index2],thresholdtopk[index]: 12 12 1 0.8184880561625962
model_id_of_model12_used: 12
index,index2,cosdist[index][index2],thresholdtopk[index]: 12 16 0.8645160012150436 0.8184880561625962
model_id_of_model12_used: 16
index,index2,cosdist[index][index2],thresholdtopk[index]: 12 19 0.819953238880566 0.8184880561625962
model_id_of_model12_used: 19
model_num of model 12 used
-- 10 --
index,index2,cosdist[index][index2],thresholdtopk[index]: 13 0 0.7561804019885899 0.7501382353851828
model_id_of_model13_used: 0
index,index2,cosdist[index][index2],thresholdtopk[index]: 13 1 0.7703248629491135 0.7501382353851828
model_id_of_model13_used: 1
index,index2,cosdist[index][index2],thresholdtopk[index]: 13 4 0.7669749651364643 0.7501382353851828
model_id_of_model13_used: 4
index,index2,cosdist[index][index2],thresholdtopk[index]: 13 7 0.759878410322477 0.7501382353851828
model_id_of_model13_used: 7
index,index2,cosdist[index][index2],thresholdtopk[index]: 13 8 0.7529378241409104 0.7501382353851828
model_id_of_model13_used: 8
index,index2,cosdist[index][index2],thresholdtopk[index]: 13 9 0.7920040385508157 0.7501382353851828
model_id_of_model13_used: 9
index,index2,cosdist[index][index2],thresholdtopk[index]: 13 13 1 0.7501382353851828
model_id_of_model13_used: 13
index,index2,cosdist[index][index2],thresholdtopk[index]: 13 15 0.7838407046965619 0.7501382353851828
model_id_of_model13_used: 15
index,index2,cosdist[index][index2],thresholdtopk[index]: 13 16 0.7690924083569453 0.7501382353851828
model_id_of_model13_used: 16
index,index2,cosdist[index][index2],thresholdtopk[index]: 13 19 0.7567703869529032 0.7501382353851828
model_id_of_model13_used: 19
model_num of model 13 used
-- 10 --
index,index2,cosdist[index][index2],thresholdtopk[index]: 14 2 0.8240175007393309 0.8074320525852471
model_id_of_model14_used: 2
index,index2,cosdist[index][index2],thresholdtopk[index]: 14 3 0.8273597774380885 0.8074320525852471
model_id_of_model14_used: 3
index,index2,cosdist[index][index2],thresholdtopk[index]: 14 6 0.8595727765750434 0.8074320525852471
model_id_of_model14_used: 6
index,index2,cosdist[index][index2],thresholdtopk[index]: 14 7 0.8194532335415124 0.8074320525852471
model_id_of_model14_used: 7
index,index2,cosdist[index][index2],thresholdtopk[index]: 14 8 0.8139271337921591 0.8074320525852471
model_id_of_model14_used: 8
index,index2,cosdist[index][index2],thresholdtopk[index]: 14 9 0.8267745708398544 0.8074320525852471
model_id_of_model14_used: 9
index,index2,cosdist[index][index2],thresholdtopk[index]: 14 10 0.9120371348084826 0.8074320525852471
model_id_of_model14_used: 10
index,index2,cosdist[index][index2],thresholdtopk[index]: 14 14 1 0.8074320525852471
model_id_of_model14_used: 14
index,index2,cosdist[index][index2],thresholdtopk[index]: 14 15 0.8127282776360564 0.8074320525852471
model_id_of_model14_used: 15
index,index2,cosdist[index][index2],thresholdtopk[index]: 14 18 0.930863637163608 0.8074320525852471
model_id_of_model14_used: 18
model_num of model 14 used
-- 10 --
index,index2,cosdist[index][index2],thresholdtopk[index]: 15 0 0.8835598704531029 0.8142660537241251
model_id_of_model15_used: 0
index,index2,cosdist[index][index2],thresholdtopk[index]: 15 3 0.8875014192799525 0.8142660537241251
model_id_of_model15_used: 3
index,index2,cosdist[index][index2],thresholdtopk[index]: 15 4 0.8608341556983075 0.8142660537241251
model_id_of_model15_used: 4
index,index2,cosdist[index][index2],thresholdtopk[index]: 15 7 0.8866530462644711 0.8142660537241251
model_id_of_model15_used: 7
index,index2,cosdist[index][index2],thresholdtopk[index]: 15 8 0.8519195331554983 0.8142660537241251
model_id_of_model15_used: 8
index,index2,cosdist[index][index2],thresholdtopk[index]: 15 11 0.8554544084643185 0.8142660537241251
model_id_of_model15_used: 11
index,index2,cosdist[index][index2],thresholdtopk[index]: 15 15 1 0.8142660537241251
model_id_of_model15_used: 15
index,index2,cosdist[index][index2],thresholdtopk[index]: 15 16 0.844947489606379 0.8142660537241251
model_id_of_model15_used: 16
index,index2,cosdist[index][index2],thresholdtopk[index]: 15 18 0.8159669777471934 0.8142660537241251
model_id_of_model15_used: 18
index,index2,cosdist[index][index2],thresholdtopk[index]: 15 19 0.8512217720158405 0.8142660537241251
model_id_of_model15_used: 19
model_num of model 15 used
-- 10 --
index,index2,cosdist[index][index2],thresholdtopk[index]: 16 0 0.9157275582386403 0.844947489606379
model_id_of_model16_used: 0
index,index2,cosdist[index][index2],thresholdtopk[index]: 16 3 0.8852363699927304 0.844947489606379
model_id_of_model16_used: 3
index,index2,cosdist[index][index2],thresholdtopk[index]: 16 4 0.9026871942460105 0.844947489606379
model_id_of_model16_used: 4
index,index2,cosdist[index][index2],thresholdtopk[index]: 16 7 0.9115306044741536 0.844947489606379
model_id_of_model16_used: 7
index,index2,cosdist[index][index2],thresholdtopk[index]: 16 8 0.915974693655705 0.844947489606379
model_id_of_model16_used: 8
index,index2,cosdist[index][index2],thresholdtopk[index]: 16 9 0.8771950043417294 0.844947489606379
model_id_of_model16_used: 9
index,index2,cosdist[index][index2],thresholdtopk[index]: 16 11 0.8644067811408692 0.844947489606379
model_id_of_model16_used: 11
index,index2,cosdist[index][index2],thresholdtopk[index]: 16 12 0.8645160012150436 0.844947489606379
model_id_of_model16_used: 12
index,index2,cosdist[index][index2],thresholdtopk[index]: 16 16 1 0.844947489606379
model_id_of_model16_used: 16
index,index2,cosdist[index][index2],thresholdtopk[index]: 16 19 0.8821930382486116 0.844947489606379
model_id_of_model16_used: 19
model_num of model 16 used
-- 10 --
index,index2,cosdist[index][index2],thresholdtopk[index]: 17 0 0.8290294286365364 0.7841865129083271
model_id_of_model17_used: 0
index,index2,cosdist[index][index2],thresholdtopk[index]: 17 1 0.8468097729790239 0.7841865129083271
model_id_of_model17_used: 1
index,index2,cosdist[index][index2],thresholdtopk[index]: 17 4 0.786760542977647 0.7841865129083271
model_id_of_model17_used: 4
index,index2,cosdist[index][index2],thresholdtopk[index]: 17 5 0.8111781957933542 0.7841865129083271
model_id_of_model17_used: 5
index,index2,cosdist[index][index2],thresholdtopk[index]: 17 8 0.810319332940102 0.7841865129083271
model_id_of_model17_used: 8
index,index2,cosdist[index][index2],thresholdtopk[index]: 17 9 0.8025705979595172 0.7841865129083271
model_id_of_model17_used: 9
index,index2,cosdist[index][index2],thresholdtopk[index]: 17 14 0.8029710361669 0.7841865129083271
model_id_of_model17_used: 14
index,index2,cosdist[index][index2],thresholdtopk[index]: 17 16 0.8149186357858079 0.7841865129083271
model_id_of_model17_used: 16
index,index2,cosdist[index][index2],thresholdtopk[index]: 17 17 1 0.7841865129083271
model_id_of_model17_used: 17
index,index2,cosdist[index][index2],thresholdtopk[index]: 17 18 0.8157745643044165 0.7841865129083271
model_id_of_model17_used: 18
model_num of model 17 used
-- 10 --
index,index2,cosdist[index][index2],thresholdtopk[index]: 18 0 0.8295631251981528 0.8281177799348125
model_id_of_model18_used: 0
index,index2,cosdist[index][index2],thresholdtopk[index]: 18 2 0.8713920620189058 0.8281177799348125
model_id_of_model18_used: 2
index,index2,cosdist[index][index2],thresholdtopk[index]: 18 3 0.8459263791951169 0.8281177799348125
model_id_of_model18_used: 3
index,index2,cosdist[index][index2],thresholdtopk[index]: 18 6 0.9088292943517576 0.8281177799348125
model_id_of_model18_used: 6
index,index2,cosdist[index][index2],thresholdtopk[index]: 18 8 0.8438913443636046 0.8281177799348125
model_id_of_model18_used: 8
index,index2,cosdist[index][index2],thresholdtopk[index]: 18 9 0.8499414025800914 0.8281177799348125
model_id_of_model18_used: 9
index,index2,cosdist[index][index2],thresholdtopk[index]: 18 10 0.9193954355541376 0.8281177799348125
model_id_of_model18_used: 10
index,index2,cosdist[index][index2],thresholdtopk[index]: 18 14 0.930863637163608 0.8281177799348125
model_id_of_model18_used: 14
index,index2,cosdist[index][index2],thresholdtopk[index]: 18 16 0.8300152339629681 0.8281177799348125
model_id_of_model18_used: 16
index,index2,cosdist[index][index2],thresholdtopk[index]: 18 18 1 0.8281177799348125
model_id_of_model18_used: 18
model_num of model 18 used
-- 10 --
index,index2,cosdist[index][index2],thresholdtopk[index]: 19 0 0.8596684691882286 0.819953238880566
model_id_of_model19_used: 0
index,index2,cosdist[index][index2],thresholdtopk[index]: 19 3 0.8728010250111174 0.819953238880566
model_id_of_model19_used: 3
index,index2,cosdist[index][index2],thresholdtopk[index]: 19 4 0.8736866211481331 0.819953238880566
model_id_of_model19_used: 4
index,index2,cosdist[index][index2],thresholdtopk[index]: 19 7 0.8953767524918942 0.819953238880566
model_id_of_model19_used: 7
index,index2,cosdist[index][index2],thresholdtopk[index]: 19 8 0.8791426787111799 0.819953238880566
model_id_of_model19_used: 8
index,index2,cosdist[index][index2],thresholdtopk[index]: 19 9 0.8458924471042212 0.819953238880566
model_id_of_model19_used: 9
index,index2,cosdist[index][index2],thresholdtopk[index]: 19 11 0.8550915932853421 0.819953238880566
model_id_of_model19_used: 11
index,index2,cosdist[index][index2],thresholdtopk[index]: 19 15 0.8512217720158405 0.819953238880566
model_id_of_model19_used: 15
index,index2,cosdist[index][index2],thresholdtopk[index]: 19 16 0.8821930382486116 0.819953238880566
model_id_of_model19_used: 16
index,index2,cosdist[index][index2],thresholdtopk[index]: 19 19 1 0.819953238880566
model_id_of_model19_used: 19
model_num of model 19 used
-- 10 --
test performance ... 
model 0 use labels test: [19 12 11 ... 18 11 15]
0.20876597444089456
model 1 use labels test: [19 12 11 ... 18 11 15]
0.2511980830670926
model 2 use labels test: [19 12 11 ... 18 11 15]
0.0
model 3 use labels test: [19 12 11 ... 18 11 15]
0.004592651757188498
model 4 use labels test: [19 12 11 ... 18 11 15]
0.12450079872204473
model 5 use labels test: [19 12 11 ... 18 11 15]
0.10353434504792332
model 6 use labels test: [19 12 11 ... 18 11 15]
0.0
model 7 use labels test: [19 12 11 ... 18 11 15]
0.00439297124600639
model 8 use labels test: [19 12 11 ... 18 11 15]
0.05920527156549521
model 9 use labels test: [19 12 11 ... 18 11 15]
0.19588658146964857
model 10 use labels test: [19 12 11 ... 18 11 15]
0.0
model 11 use labels test: [19 12 11 ... 18 11 15]
0.07008785942492013
model 12 use labels test: [19 12 11 ... 18 11 15]
0.08246805111821086
model 13 use labels test: [19 12 11 ... 18 11 15]
0.12470047923322684
model 14 use labels test: [19 12 11 ... 18 11 15]
0.0
model 15 use labels test: [19 12 11 ... 18 11 15]
0.02356230031948882
model 16 use labels test: [19 12 11 ... 18 11 15]
0.12310303514376997
model 17 use labels test: [19 12 11 ... 18 11 15]
0.27675718849840253
model 18 use labels test: [19 12 11 ... 18 11 15]
0.0
model 19 use labels test: [19 12 11 ... 18 11 15]
0.08795926517571885
updates models ...
model 0 starting alignment with public logits... 
model 0 done alignment
model 0 starting training with private data... 
model 0 done private training. 

model 1 starting alignment with public logits... 
model 1 done alignment
model 1 starting training with private data... 
model 1 done private training. 

model 2 starting alignment with public logits... 
model 2 done alignment
model 2 starting training with private data... 
model 2 done private training. 

model 3 starting alignment with public logits... 
model 3 done alignment
model 3 starting training with private data... 
model 3 done private training. 

model 4 starting alignment with public logits... 
model 4 done alignment
model 4 starting training with private data... 
model 4 done private training. 

model 5 starting alignment with public logits... 
model 5 done alignment
model 5 starting training with private data... 
model 5 done private training. 

model 6 starting alignment with public logits... 
model 6 done alignment
model 6 starting training with private data... 
model 6 done private training. 

model 7 starting alignment with public logits... 
model 7 done alignment
model 7 starting training with private data... 
model 7 done private training. 

model 8 starting alignment with public logits... 
model 8 done alignment
model 8 starting training with private data... 
model 8 done private training. 

model 9 starting alignment with public logits... 
model 9 done alignment
model 9 starting training with private data... 
model 9 done private training. 

model 10 starting alignment with public logits... 
model 10 done alignment
model 10 starting training with private data... 
model 10 done private training. 

model 11 starting alignment with public logits... 
model 11 done alignment
model 11 starting training with private data... 
model 11 done private training. 

model 12 starting alignment with public logits... 
model 12 done alignment
model 12 starting training with private data... 
model 12 done private training. 

model 13 starting alignment with public logits... 
model 13 done alignment
model 13 starting training with private data... 
model 13 done private training. 

