Namespace(conf='../conf/EMNIST_balance_conf.json', dataset='mnist', gpu=1.0, iid=True, use_pretrained_model=False)
X shape : (36000, 28, 28)
y shape : (36000,)
X shape : (6000, 28, 28)
y shape : (6000,)
15    6000
14    6000
13    6000
12    6000
11    6000
10    6000
dtype: int64
mod_private_class1: [10 11 12]
mod_private_class2: [13 14 15]
============================================================
============================================================
============================================================
X shape : (3000, 28, 28)
y shape : (3000,)
X shape : (3000, 28, 28)
y shape : (3000,)
model 0 : CNN_128_256
model 1 : CNN_128_384
model 2 : CNN_128_512
model 3 : CNN_256_256
model 4 : CNN_256_512
model 5 : CNN_64_128_256
model 6 : CNN_64_128_192
model 7 : CNN_128_192_256
model 8 : CNN_128_128_128
model 9 : CNN_128_128_192
Training model  0
Training model  1
Training model  2
Training model  3
Training model  4
Training model  5
Training model  6
Training model  7
Training model  8
Training model  9
pre-train accuracy: 
[0.9877373417721519, 0.9866495253164557, 0.9880340189873418, 0.9858583860759493, 0.985067246835443, 0.9923852848101266, 0.9929786392405063, 0.9920886075949367, 0.9916930379746836, 0.9902096518987342]
publice_dataset[y]: [5 0 4 ... 5 6 8]
calculate the theoretical upper bounds for participants: 
the upper bounds are: [0.0, 0.0, 0.0, 0.0, 0.0, 0.0, 0.0, 0.0, 0.0, 0.0]
start model initialization: 
finish model initialization: 
round  0
update logits ... 
cosdist:
[[1, 0.9744979561282059, 0.9757847914670026, 0.98879006352556, 0.9862379682446346, 0.7851158457236994, 0.8088066649072446, 0.827367998529771, 0.8042140244634203, 0.7665592163932186], [0.9744979561282059, 1, 0.9886759938049068, 0.9674246554068938, 0.9659492254046224, 0.7579048131145165, 0.7606338468595657, 0.7769323507643628, 0.7559856151176189, 0.7300314150020262], [0.9757847914670026, 0.9886759938049068, 1, 0.9705754931261252, 0.9714270900182069, 0.7459729769390335, 0.7468731032605243, 0.765866523898972, 0.7428351458290294, 0.7167758867246734], [0.98879006352556, 0.9674246554068938, 0.9705754931261252, 1, 0.9733743643392264, 0.7909273744951134, 0.8223152708559609, 0.8401858802609325, 0.8155006932985358, 0.771521498253907], [0.9862379682446346, 0.9659492254046224, 0.9714270900182069, 0.9733743643392264, 1, 0.7310759981938062, 0.7587377450353713, 0.7779976236957522, 0.7516674429182746, 0.709806378922856], [0.7851158457236994, 0.7579048131145165, 0.7459729769390335, 0.7909273744951134, 0.7310759981938062, 1, 0.9712164006315231, 0.9632731185493121, 0.9761737495071894, 0.9840981167912579], [0.8088066649072446, 0.7606338468595657, 0.7468731032605243, 0.8223152708559609, 0.7587377450353713, 0.9712164006315231, 1, 0.9844737219171223, 0.9871818992358227, 0.9731455143500923], [0.827367998529771, 0.7769323507643628, 0.765866523898972, 0.8401858802609325, 0.7779976236957522, 0.9632731185493121, 0.9844737219171223, 1, 0.9823326671597562, 0.9604684853067923], [0.8042140244634203, 0.7559856151176189, 0.7428351458290294, 0.8155006932985358, 0.7516674429182746, 0.9761737495071894, 0.9871818992358227, 0.9823326671597562, 1, 0.9746650448791335], [0.7665592163932186, 0.7300314150020262, 0.7167758867246734, 0.771521498253907, 0.709806378922856, 0.9840981167912579, 0.9731455143500923, 0.9604684853067923, 0.9746650448791335, 1]]
thresholdtopk: [[0.7665592163932186, 0.7851158457236994, 0.8042140244634203, 0.8088066649072446, 0.827367998529771, 0.9744979561282059, 0.9757847914670026, 0.9862379682446346, 0.98879006352556, 1], [0.7300314150020262, 0.7559856151176189, 0.7579048131145165, 0.7606338468595657, 0.7769323507643628, 0.9659492254046224, 0.9674246554068938, 0.9744979561282059, 0.9886759938049068, 1], [0.7167758867246734, 0.7428351458290294, 0.7459729769390335, 0.7468731032605243, 0.765866523898972, 0.9705754931261252, 0.9714270900182069, 0.9757847914670026, 0.9886759938049068, 1], [0.771521498253907, 0.7909273744951134, 0.8155006932985358, 0.8223152708559609, 0.8401858802609325, 0.9674246554068938, 0.9705754931261252, 0.9733743643392264, 0.98879006352556, 1], [0.709806378922856, 0.7310759981938062, 0.7516674429182746, 0.7587377450353713, 0.7779976236957522, 0.9659492254046224, 0.9714270900182069, 0.9733743643392264, 0.9862379682446346, 1], [0.7310759981938062, 0.7459729769390335, 0.7579048131145165, 0.7851158457236994, 0.7909273744951134, 0.9632731185493121, 0.9712164006315231, 0.9761737495071894, 0.9840981167912579, 1], [0.7468731032605243, 0.7587377450353713, 0.7606338468595657, 0.8088066649072446, 0.8223152708559609, 0.9712164006315231, 0.9731455143500923, 0.9844737219171223, 0.9871818992358227, 1], [0.765866523898972, 0.7769323507643628, 0.7779976236957522, 0.827367998529771, 0.8401858802609325, 0.9604684853067923, 0.9632731185493121, 0.9823326671597562, 0.9844737219171223, 1], [0.7428351458290294, 0.7516674429182746, 0.7559856151176189, 0.8042140244634203, 0.8155006932985358, 0.9746650448791335, 0.9761737495071894, 0.9823326671597562, 0.9871818992358227, 1], [0.709806378922856, 0.7167758867246734, 0.7300314150020262, 0.7665592163932186, 0.771521498253907, 0.9604684853067923, 0.9731455143500923, 0.9746650448791335, 0.9840981167912579, 1]]
index,index2,cosdist[index][index2],deepcopy_cosdist[index][0]: 0 0 1 0.7665592163932186
model_id_of_model0_used: 0
index,index2,cosdist[index][index2],deepcopy_cosdist[index][0]: 0 1 0.9744979561282059 0.7665592163932186
model_id_of_model0_used: 1
index,index2,cosdist[index][index2],deepcopy_cosdist[index][0]: 0 2 0.9757847914670026 0.7665592163932186
model_id_of_model0_used: 2
index,index2,cosdist[index][index2],deepcopy_cosdist[index][0]: 0 3 0.98879006352556 0.7665592163932186
model_id_of_model0_used: 3
index,index2,cosdist[index][index2],deepcopy_cosdist[index][0]: 0 4 0.9862379682446346 0.7665592163932186
model_id_of_model0_used: 4
index,index2,cosdist[index][index2],deepcopy_cosdist[index][0]: 0 5 0.7851158457236994 0.7665592163932186
model_id_of_model0_used: 5
index,index2,cosdist[index][index2],deepcopy_cosdist[index][0]: 0 6 0.8088066649072446 0.7665592163932186
model_id_of_model0_used: 6
index,index2,cosdist[index][index2],deepcopy_cosdist[index][0]: 0 7 0.827367998529771 0.7665592163932186
model_id_of_model0_used: 7
index,index2,cosdist[index][index2],deepcopy_cosdist[index][0]: 0 8 0.8042140244634203 0.7665592163932186
model_id_of_model0_used: 8
model_num of model 0 used
-- 9 --
min_max_sun of model 0 used: 1.2517823654505715
index,index2,cosdist[index][index2],deepcopy_cosdist[index][0]: 1 0 0.9744979561282059 0.7300314150020262
model_id_of_model1_used: 0
index,index2,cosdist[index][index2],deepcopy_cosdist[index][0]: 1 1 1 0.7300314150020262
model_id_of_model1_used: 1
index,index2,cosdist[index][index2],deepcopy_cosdist[index][0]: 1 2 0.9886759938049068 0.7300314150020262
model_id_of_model1_used: 2
index,index2,cosdist[index][index2],deepcopy_cosdist[index][0]: 1 3 0.9674246554068938 0.7300314150020262
model_id_of_model1_used: 3
index,index2,cosdist[index][index2],deepcopy_cosdist[index][0]: 1 4 0.9659492254046224 0.7300314150020262
model_id_of_model1_used: 4
index,index2,cosdist[index][index2],deepcopy_cosdist[index][0]: 1 5 0.7579048131145165 0.7300314150020262
model_id_of_model1_used: 5
index,index2,cosdist[index][index2],deepcopy_cosdist[index][0]: 1 6 0.7606338468595657 0.7300314150020262
model_id_of_model1_used: 6
index,index2,cosdist[index][index2],deepcopy_cosdist[index][0]: 1 7 0.7769323507643628 0.7300314150020262
model_id_of_model1_used: 7
index,index2,cosdist[index][index2],deepcopy_cosdist[index][0]: 1 8 0.7559856151176189 0.7300314150020262
model_id_of_model1_used: 8
model_num of model 1 used
-- 9 --
min_max_sun of model 1 used: 1.377721721582457
index,index2,cosdist[index][index2],deepcopy_cosdist[index][0]: 2 0 0.9757847914670026 0.7167758867246734
model_id_of_model2_used: 0
index,index2,cosdist[index][index2],deepcopy_cosdist[index][0]: 2 1 0.9886759938049068 0.7167758867246734
model_id_of_model2_used: 1
index,index2,cosdist[index][index2],deepcopy_cosdist[index][0]: 2 2 1 0.7167758867246734
model_id_of_model2_used: 2
index,index2,cosdist[index][index2],deepcopy_cosdist[index][0]: 2 3 0.9705754931261252 0.7167758867246734
model_id_of_model2_used: 3
index,index2,cosdist[index][index2],deepcopy_cosdist[index][0]: 2 4 0.9714270900182069 0.7167758867246734
model_id_of_model2_used: 4
index,index2,cosdist[index][index2],deepcopy_cosdist[index][0]: 2 5 0.7459729769390335 0.7167758867246734
model_id_of_model2_used: 5
index,index2,cosdist[index][index2],deepcopy_cosdist[index][0]: 2 6 0.7468731032605243 0.7167758867246734
model_id_of_model2_used: 6
index,index2,cosdist[index][index2],deepcopy_cosdist[index][0]: 2 7 0.765866523898972 0.7167758867246734
model_id_of_model2_used: 7
index,index2,cosdist[index][index2],deepcopy_cosdist[index][0]: 2 8 0.7428351458290294 0.7167758867246734
model_id_of_model2_used: 8
model_num of model 2 used
-- 9 --
min_max_sun of model 2 used: 1.4570281378217402
index,index2,cosdist[index][index2],deepcopy_cosdist[index][0]: 3 0 0.98879006352556 0.771521498253907
model_id_of_model3_used: 0
index,index2,cosdist[index][index2],deepcopy_cosdist[index][0]: 3 1 0.9674246554068938 0.771521498253907
model_id_of_model3_used: 1
index,index2,cosdist[index][index2],deepcopy_cosdist[index][0]: 3 2 0.9705754931261252 0.771521498253907
model_id_of_model3_used: 2
index,index2,cosdist[index][index2],deepcopy_cosdist[index][0]: 3 3 1 0.771521498253907
model_id_of_model3_used: 3
index,index2,cosdist[index][index2],deepcopy_cosdist[index][0]: 3 4 0.9733743643392264 0.771521498253907
model_id_of_model3_used: 4
index,index2,cosdist[index][index2],deepcopy_cosdist[index][0]: 3 5 0.7909273744951134 0.771521498253907
model_id_of_model3_used: 5
index,index2,cosdist[index][index2],deepcopy_cosdist[index][0]: 3 6 0.8223152708559609 0.771521498253907
model_id_of_model3_used: 6
index,index2,cosdist[index][index2],deepcopy_cosdist[index][0]: 3 7 0.8401858802609325 0.771521498253907
model_id_of_model3_used: 7
index,index2,cosdist[index][index2],deepcopy_cosdist[index][0]: 3 8 0.8155006932985358 0.771521498253907
model_id_of_model3_used: 8
model_num of model 3 used
-- 9 --
min_max_sun of model 3 used: 1.2254003110231846
index,index2,cosdist[index][index2],deepcopy_cosdist[index][0]: 4 0 0.9862379682446346 0.709806378922856
model_id_of_model4_used: 0
index,index2,cosdist[index][index2],deepcopy_cosdist[index][0]: 4 1 0.9659492254046224 0.709806378922856
model_id_of_model4_used: 1
index,index2,cosdist[index][index2],deepcopy_cosdist[index][0]: 4 2 0.9714270900182069 0.709806378922856
model_id_of_model4_used: 2
index,index2,cosdist[index][index2],deepcopy_cosdist[index][0]: 4 3 0.9733743643392264 0.709806378922856
model_id_of_model4_used: 3
index,index2,cosdist[index][index2],deepcopy_cosdist[index][0]: 4 4 1 0.709806378922856
model_id_of_model4_used: 4
index,index2,cosdist[index][index2],deepcopy_cosdist[index][0]: 4 5 0.7310759981938062 0.709806378922856
model_id_of_model4_used: 5
index,index2,cosdist[index][index2],deepcopy_cosdist[index][0]: 4 6 0.7587377450353713 0.709806378922856
model_id_of_model4_used: 6
index,index2,cosdist[index][index2],deepcopy_cosdist[index][0]: 4 7 0.7779976236957522 0.709806378922856
model_id_of_model4_used: 7
index,index2,cosdist[index][index2],deepcopy_cosdist[index][0]: 4 8 0.7516674429182746 0.709806378922856
model_id_of_model4_used: 8
model_num of model 4 used
-- 9 --
min_max_sun of model 4 used: 1.5282100475441904
index,index2,cosdist[index][index2],deepcopy_cosdist[index][0]: 5 0 0.7851158457236994 0.7310759981938062
model_id_of_model5_used: 0
index,index2,cosdist[index][index2],deepcopy_cosdist[index][0]: 5 1 0.7579048131145165 0.7310759981938062
model_id_of_model5_used: 1
index,index2,cosdist[index][index2],deepcopy_cosdist[index][0]: 5 2 0.7459729769390335 0.7310759981938062
model_id_of_model5_used: 2
index,index2,cosdist[index][index2],deepcopy_cosdist[index][0]: 5 3 0.7909273744951134 0.7310759981938062
model_id_of_model5_used: 3
index,index2,cosdist[index][index2],deepcopy_cosdist[index][0]: 5 5 1 0.7310759981938062
model_id_of_model5_used: 5
index,index2,cosdist[index][index2],deepcopy_cosdist[index][0]: 5 6 0.9712164006315231 0.7310759981938062
model_id_of_model5_used: 6
index,index2,cosdist[index][index2],deepcopy_cosdist[index][0]: 5 7 0.9632731185493121 0.7310759981938062
model_id_of_model5_used: 7
index,index2,cosdist[index][index2],deepcopy_cosdist[index][0]: 5 8 0.9761737495071894 0.7310759981938062
model_id_of_model5_used: 8
index,index2,cosdist[index][index2],deepcopy_cosdist[index][0]: 5 9 0.9840981167912579 0.7310759981938062
model_id_of_model5_used: 9
model_num of model 5 used
-- 9 --
min_max_sun of model 5 used: 1.3949984120073895
index,index2,cosdist[index][index2],deepcopy_cosdist[index][0]: 6 0 0.8088066649072446 0.7468731032605243
model_id_of_model6_used: 0
index,index2,cosdist[index][index2],deepcopy_cosdist[index][0]: 6 1 0.7606338468595657 0.7468731032605243
model_id_of_model6_used: 1
index,index2,cosdist[index][index2],deepcopy_cosdist[index][0]: 6 3 0.8223152708559609 0.7468731032605243
model_id_of_model6_used: 3
index,index2,cosdist[index][index2],deepcopy_cosdist[index][0]: 6 4 0.7587377450353713 0.7468731032605243
model_id_of_model6_used: 4
index,index2,cosdist[index][index2],deepcopy_cosdist[index][0]: 6 5 0.9712164006315231 0.7468731032605243
model_id_of_model6_used: 5
index,index2,cosdist[index][index2],deepcopy_cosdist[index][0]: 6 6 1 0.7468731032605243
model_id_of_model6_used: 6
index,index2,cosdist[index][index2],deepcopy_cosdist[index][0]: 6 7 0.9844737219171223 0.7468731032605243
model_id_of_model6_used: 7
index,index2,cosdist[index][index2],deepcopy_cosdist[index][0]: 6 8 0.9871818992358227 0.7468731032605243
model_id_of_model6_used: 8
index,index2,cosdist[index][index2],deepcopy_cosdist[index][0]: 6 9 0.9731455143500923 0.7468731032605243
model_id_of_model6_used: 9
model_num of model 6 used
-- 9 --
min_max_sun of model 6 used: 1.3446531344479848
index,index2,cosdist[index][index2],deepcopy_cosdist[index][0]: 7 0 0.827367998529771 0.765866523898972
model_id_of_model7_used: 0
index,index2,cosdist[index][index2],deepcopy_cosdist[index][0]: 7 1 0.7769323507643628 0.765866523898972
model_id_of_model7_used: 1
index,index2,cosdist[index][index2],deepcopy_cosdist[index][0]: 7 3 0.8401858802609325 0.765866523898972
model_id_of_model7_used: 3
index,index2,cosdist[index][index2],deepcopy_cosdist[index][0]: 7 4 0.7779976236957522 0.765866523898972
model_id_of_model7_used: 4
index,index2,cosdist[index][index2],deepcopy_cosdist[index][0]: 7 5 0.9632731185493121 0.765866523898972
model_id_of_model7_used: 5
index,index2,cosdist[index][index2],deepcopy_cosdist[index][0]: 7 6 0.9844737219171223 0.765866523898972
model_id_of_model7_used: 6
index,index2,cosdist[index][index2],deepcopy_cosdist[index][0]: 7 7 1 0.765866523898972
model_id_of_model7_used: 7
index,index2,cosdist[index][index2],deepcopy_cosdist[index][0]: 7 8 0.9823326671597562 0.765866523898972
model_id_of_model7_used: 8
index,index2,cosdist[index][index2],deepcopy_cosdist[index][0]: 7 9 0.9604684853067923 0.765866523898972
model_id_of_model7_used: 9
model_num of model 7 used
-- 9 --
min_max_sun of model 7 used: 1.2202331310930534
index,index2,cosdist[index][index2],deepcopy_cosdist[index][0]: 8 0 0.8042140244634203 0.7428351458290294
model_id_of_model8_used: 0
index,index2,cosdist[index][index2],deepcopy_cosdist[index][0]: 8 1 0.7559856151176189 0.7428351458290294
model_id_of_model8_used: 1
index,index2,cosdist[index][index2],deepcopy_cosdist[index][0]: 8 3 0.8155006932985358 0.7428351458290294
model_id_of_model8_used: 3
index,index2,cosdist[index][index2],deepcopy_cosdist[index][0]: 8 4 0.7516674429182746 0.7428351458290294
model_id_of_model8_used: 4
index,index2,cosdist[index][index2],deepcopy_cosdist[index][0]: 8 5 0.9761737495071894 0.7428351458290294
model_id_of_model8_used: 5
index,index2,cosdist[index][index2],deepcopy_cosdist[index][0]: 8 6 0.9871818992358227 0.7428351458290294
model_id_of_model8_used: 6
index,index2,cosdist[index][index2],deepcopy_cosdist[index][0]: 8 7 0.9823326671597562 0.7428351458290294
model_id_of_model8_used: 7
index,index2,cosdist[index][index2],deepcopy_cosdist[index][0]: 8 8 1 0.7428351458290294
model_id_of_model8_used: 8
index,index2,cosdist[index][index2],deepcopy_cosdist[index][0]: 8 9 0.9746650448791335 0.7428351458290294
model_id_of_model8_used: 9
model_num of model 8 used
-- 9 --
min_max_sun of model 8 used: 1.3622048241184865
index,index2,cosdist[index][index2],deepcopy_cosdist[index][0]: 9 0 0.7665592163932186 0.709806378922856
model_id_of_model9_used: 0
index,index2,cosdist[index][index2],deepcopy_cosdist[index][0]: 9 1 0.7300314150020262 0.709806378922856
model_id_of_model9_used: 1
index,index2,cosdist[index][index2],deepcopy_cosdist[index][0]: 9 2 0.7167758867246734 0.709806378922856
model_id_of_model9_used: 2
index,index2,cosdist[index][index2],deepcopy_cosdist[index][0]: 9 3 0.771521498253907 0.709806378922856
model_id_of_model9_used: 3
index,index2,cosdist[index][index2],deepcopy_cosdist[index][0]: 9 5 0.9840981167912579 0.709806378922856
model_id_of_model9_used: 5
index,index2,cosdist[index][index2],deepcopy_cosdist[index][0]: 9 6 0.9731455143500923 0.709806378922856
model_id_of_model9_used: 6
index,index2,cosdist[index][index2],deepcopy_cosdist[index][0]: 9 7 0.9604684853067923 0.709806378922856
model_id_of_model9_used: 7
index,index2,cosdist[index][index2],deepcopy_cosdist[index][0]: 9 8 0.9746650448791335 0.709806378922856
model_id_of_model9_used: 8
index,index2,cosdist[index][index2],deepcopy_cosdist[index][0]: 9 9 1 0.709806378922856
model_id_of_model9_used: 9
model_num of model 9 used
-- 9 --
min_max_sun of model 9 used: 1.489007767395397
test performance ... 
model 0 use private_data_1 test
0.9189937945376051
model 1 use private_data_1 test
0.7790336881546264
model 2 use private_data_1 test
0.8486258869475507
model 3 use private_data_1 test
0.9127881209901039
model 4 use private_data_1 test
0.8773271276595744
model 5 use private_data_2 test
0.9250886529049975
model 6 use private_data_2 test
0.8293439720539336
model 7 use private_data_2 test
0.6473847519844136
model 8 use private_data_2 test
0.7764849295007422
model 9 use private_data_2 test
0.7983156030482434
updates models ...
model 0 starting alignment with public logits... 
model 0 done alignment
model 0 starting training with private data... 
model 0 done private training. 

model 1 starting alignment with public logits... 
model 1 done alignment
model 1 starting training with private data... 
model 1 done private training. 

model 2 starting alignment with public logits... 
model 2 done alignment
model 2 starting training with private data... 
model 2 done private training. 

model 3 starting alignment with public logits... 
model 3 done alignment
model 3 starting training with private data... 
model 3 done private training. 

model 4 starting alignment with public logits... 
model 4 done alignment
model 4 starting training with private data... 
model 4 done private training. 

model 5 starting alignment with public logits... 
model 5 done alignment
model 5 starting training with private data... 
model 5 done private training. 

model 6 starting alignment with public logits... 
model 6 done alignment
model 6 starting training with private data... 
model 6 done private training. 

model 7 starting alignment with public logits... 
model 7 done alignment
model 7 starting training with private data... 
model 7 done private training. 

model 8 starting alignment with public logits... 
model 8 done alignment
model 8 starting training with private data... 
model 8 done private training. 

model 9 starting alignment with public logits... 
model 9 done alignment
model 9 starting training with private data... 
model 9 done private training. 

round  1
update logits ... 
cosdist:
[[1, 0.994772862217865, 0.9959639439466312, 0.9961824025147994, 0.9961033158615168, 0.8848980620369797, 0.8827414424202009, 0.8792904769772004, 0.8750112785457479, 0.8769066795658736], [0.994772862217865, 1, 0.9956050173429817, 0.9921217003432562, 0.9930575993174315, 0.8828063884895657, 0.8782015898946404, 0.8744504243100345, 0.8719133616993983, 0.8730966785112346], [0.9959639439466312, 0.9956050173429817, 1, 0.9907078735788926, 0.9934378722753232, 0.8749268901761081, 0.8725433062387317, 0.8694535115537816, 0.8646119974966177, 0.8658639259511711], [0.9961824025147994, 0.9921217003432562, 0.9907078735788926, 1, 0.9933423223128194, 0.8902234856667701, 0.8878268769346658, 0.8844948021709822, 0.8806399462787734, 0.8834528779415479], [0.9961033158615168, 0.9930575993174315, 0.9934378722753232, 0.9933423223128194, 1, 0.8865780686063622, 0.8824842414131094, 0.8796635417954755, 0.8761685957627613, 0.8771205235899691], [0.8848980620369797, 0.8828063884895657, 0.8749268901761081, 0.8902234856667701, 0.8865780686063622, 1, 0.9962205016436532, 0.9942345703677316, 0.9965150183243049, 0.9973599758680943], [0.8827414424202009, 0.8782015898946404, 0.8725433062387317, 0.8878268769346658, 0.8824842414131094, 0.9962205016436532, 1, 0.9963988049451151, 0.9967749660664652, 0.9962045806246657], [0.8792904769772004, 0.8744504243100345, 0.8694535115537816, 0.8844948021709822, 0.8796635417954755, 0.9942345703677316, 0.9963988049451151, 1, 0.995442531040999, 0.9938495382350682], [0.8750112785457479, 0.8719133616993983, 0.8646119974966177, 0.8806399462787734, 0.8761685957627613, 0.9965150183243049, 0.9967749660664652, 0.995442531040999, 1, 0.9963688147253094], [0.8769066795658736, 0.8730966785112346, 0.8658639259511711, 0.8834528779415479, 0.8771205235899691, 0.9973599758680943, 0.9962045806246657, 0.9938495382350682, 0.9963688147253094, 1]]
thresholdtopk: [[0.8750112785457479, 0.8769066795658736, 0.8792904769772004, 0.8827414424202009, 0.8848980620369797, 0.994772862217865, 0.9959639439466312, 0.9961033158615168, 0.9961824025147994, 1], [0.8719133616993983, 0.8730966785112346, 0.8744504243100345, 0.8782015898946404, 0.8828063884895657, 0.9921217003432562, 0.9930575993174315, 0.994772862217865, 0.9956050173429817, 1], [0.8646119974966177, 0.8658639259511711, 0.8694535115537816, 0.8725433062387317, 0.8749268901761081, 0.9907078735788926, 0.9934378722753232, 0.9956050173429817, 0.9959639439466312, 1], [0.8806399462787734, 0.8834528779415479, 0.8844948021709822, 0.8878268769346658, 0.8902234856667701, 0.9907078735788926, 0.9921217003432562, 0.9933423223128194, 0.9961824025147994, 1], [0.8761685957627613, 0.8771205235899691, 0.8796635417954755, 0.8824842414131094, 0.8865780686063622, 0.9930575993174315, 0.9933423223128194, 0.9934378722753232, 0.9961033158615168, 1], [0.8749268901761081, 0.8828063884895657, 0.8848980620369797, 0.8865780686063622, 0.8902234856667701, 0.9942345703677316, 0.9962205016436532, 0.9965150183243049, 0.9973599758680943, 1], [0.8725433062387317, 0.8782015898946404, 0.8824842414131094, 0.8827414424202009, 0.8878268769346658, 0.9962045806246657, 0.9962205016436532, 0.9963988049451151, 0.9967749660664652, 1], [0.8694535115537816, 0.8744504243100345, 0.8792904769772004, 0.8796635417954755, 0.8844948021709822, 0.9938495382350682, 0.9942345703677316, 0.995442531040999, 0.9963988049451151, 1], [0.8646119974966177, 0.8719133616993983, 0.8750112785457479, 0.8761685957627613, 0.8806399462787734, 0.995442531040999, 0.9963688147253094, 0.9965150183243049, 0.9967749660664652, 1], [0.8658639259511711, 0.8730966785112346, 0.8769066795658736, 0.8771205235899691, 0.8834528779415479, 0.9938495382350682, 0.9962045806246657, 0.9963688147253094, 0.9973599758680943, 1]]
index,index2,cosdist[index][index2],deepcopy_cosdist[index][0]: 0 0 1 0.8750112785457479
model_id_of_model0_used: 0
index,index2,cosdist[index][index2],deepcopy_cosdist[index][0]: 0 1 0.994772862217865 0.8750112785457479
model_id_of_model0_used: 1
index,index2,cosdist[index][index2],deepcopy_cosdist[index][0]: 0 2 0.9959639439466312 0.8750112785457479
model_id_of_model0_used: 2
index,index2,cosdist[index][index2],deepcopy_cosdist[index][0]: 0 3 0.9961824025147994 0.8750112785457479
model_id_of_model0_used: 3
index,index2,cosdist[index][index2],deepcopy_cosdist[index][0]: 0 4 0.9961033158615168 0.8750112785457479
model_id_of_model0_used: 4
index,index2,cosdist[index][index2],deepcopy_cosdist[index][0]: 0 5 0.8848980620369797 0.8750112785457479
model_id_of_model0_used: 5
index,index2,cosdist[index][index2],deepcopy_cosdist[index][0]: 0 6 0.8827414424202009 0.8750112785457479
model_id_of_model0_used: 6
index,index2,cosdist[index][index2],deepcopy_cosdist[index][0]: 0 7 0.8792904769772004 0.8750112785457479
model_id_of_model0_used: 7
index,index2,cosdist[index][index2],deepcopy_cosdist[index][0]: 0 9 0.8769066795658736 0.8750112785457479
model_id_of_model0_used: 9
model_num of model 0 used
-- 9 --
min_max_sun of model 0 used: 0.6317576786293361
index,index2,cosdist[index][index2],deepcopy_cosdist[index][0]: 1 0 0.994772862217865 0.8719133616993983
model_id_of_model1_used: 0
index,index2,cosdist[index][index2],deepcopy_cosdist[index][0]: 1 1 1 0.8719133616993983
model_id_of_model1_used: 1
index,index2,cosdist[index][index2],deepcopy_cosdist[index][0]: 1 2 0.9956050173429817 0.8719133616993983
model_id_of_model1_used: 2
index,index2,cosdist[index][index2],deepcopy_cosdist[index][0]: 1 3 0.9921217003432562 0.8719133616993983
model_id_of_model1_used: 3
index,index2,cosdist[index][index2],deepcopy_cosdist[index][0]: 1 4 0.9930575993174315 0.8719133616993983
model_id_of_model1_used: 4
index,index2,cosdist[index][index2],deepcopy_cosdist[index][0]: 1 5 0.8828063884895657 0.8719133616993983
model_id_of_model1_used: 5
index,index2,cosdist[index][index2],deepcopy_cosdist[index][0]: 1 6 0.8782015898946404 0.8719133616993983
model_id_of_model1_used: 6
index,index2,cosdist[index][index2],deepcopy_cosdist[index][0]: 1 7 0.8744504243100345 0.8719133616993983
model_id_of_model1_used: 7
index,index2,cosdist[index][index2],deepcopy_cosdist[index][0]: 1 9 0.8730966785112346 0.8719133616993983
model_id_of_model1_used: 9
model_num of model 1 used
-- 9 --
min_max_sun of model 1 used: 0.6368920051324253
index,index2,cosdist[index][index2],deepcopy_cosdist[index][0]: 2 0 0.9959639439466312 0.8646119974966177
model_id_of_model2_used: 0
index,index2,cosdist[index][index2],deepcopy_cosdist[index][0]: 2 1 0.9956050173429817 0.8646119974966177
model_id_of_model2_used: 1
index,index2,cosdist[index][index2],deepcopy_cosdist[index][0]: 2 2 1 0.8646119974966177
model_id_of_model2_used: 2
index,index2,cosdist[index][index2],deepcopy_cosdist[index][0]: 2 3 0.9907078735788926 0.8646119974966177
model_id_of_model2_used: 3
index,index2,cosdist[index][index2],deepcopy_cosdist[index][0]: 2 4 0.9934378722753232 0.8646119974966177
model_id_of_model2_used: 4
index,index2,cosdist[index][index2],deepcopy_cosdist[index][0]: 2 5 0.8749268901761081 0.8646119974966177
model_id_of_model2_used: 5
index,index2,cosdist[index][index2],deepcopy_cosdist[index][0]: 2 6 0.8725433062387317 0.8646119974966177
model_id_of_model2_used: 6
index,index2,cosdist[index][index2],deepcopy_cosdist[index][0]: 2 7 0.8694535115537816 0.8646119974966177
model_id_of_model2_used: 7
index,index2,cosdist[index][index2],deepcopy_cosdist[index][0]: 2 9 0.8658639259511711 0.8646119974966177
model_id_of_model2_used: 9
model_num of model 2 used
-- 9 --
min_max_sun of model 2 used: 0.6769943635940623
index,index2,cosdist[index][index2],deepcopy_cosdist[index][0]: 3 0 0.9961824025147994 0.8806399462787734
model_id_of_model3_used: 0
index,index2,cosdist[index][index2],deepcopy_cosdist[index][0]: 3 1 0.9921217003432562 0.8806399462787734
model_id_of_model3_used: 1
index,index2,cosdist[index][index2],deepcopy_cosdist[index][0]: 3 2 0.9907078735788926 0.8806399462787734
model_id_of_model3_used: 2
index,index2,cosdist[index][index2],deepcopy_cosdist[index][0]: 3 3 1 0.8806399462787734
model_id_of_model3_used: 3
index,index2,cosdist[index][index2],deepcopy_cosdist[index][0]: 3 4 0.9933423223128194 0.8806399462787734
model_id_of_model3_used: 4
index,index2,cosdist[index][index2],deepcopy_cosdist[index][0]: 3 5 0.8902234856667701 0.8806399462787734
model_id_of_model3_used: 5
index,index2,cosdist[index][index2],deepcopy_cosdist[index][0]: 3 6 0.8878268769346658 0.8806399462787734
model_id_of_model3_used: 6
index,index2,cosdist[index][index2],deepcopy_cosdist[index][0]: 3 7 0.8844948021709822 0.8806399462787734
model_id_of_model3_used: 7
index,index2,cosdist[index][index2],deepcopy_cosdist[index][0]: 3 9 0.8834528779415479 0.8806399462787734
model_id_of_model3_used: 9
model_num of model 3 used
-- 9 --
min_max_sun of model 3 used: 0.592592824954773
index,index2,cosdist[index][index2],deepcopy_cosdist[index][0]: 4 0 0.9961033158615168 0.8761685957627613
model_id_of_model4_used: 0
index,index2,cosdist[index][index2],deepcopy_cosdist[index][0]: 4 1 0.9930575993174315 0.8761685957627613
model_id_of_model4_used: 1
index,index2,cosdist[index][index2],deepcopy_cosdist[index][0]: 4 2 0.9934378722753232 0.8761685957627613
model_id_of_model4_used: 2
index,index2,cosdist[index][index2],deepcopy_cosdist[index][0]: 4 3 0.9933423223128194 0.8761685957627613
model_id_of_model4_used: 3
index,index2,cosdist[index][index2],deepcopy_cosdist[index][0]: 4 4 1 0.8761685957627613
model_id_of_model4_used: 4
index,index2,cosdist[index][index2],deepcopy_cosdist[index][0]: 4 5 0.8865780686063622 0.8761685957627613
model_id_of_model4_used: 5
index,index2,cosdist[index][index2],deepcopy_cosdist[index][0]: 4 6 0.8824842414131094 0.8761685957627613
model_id_of_model4_used: 6
index,index2,cosdist[index][index2],deepcopy_cosdist[index][0]: 4 7 0.8796635417954755 0.8761685957627613
model_id_of_model4_used: 7
index,index2,cosdist[index][index2],deepcopy_cosdist[index][0]: 4 9 0.8771205235899691 0.8761685957627613
model_id_of_model4_used: 9
model_num of model 4 used
-- 9 --
min_max_sun of model 4 used: 0.6162701233071555
index,index2,cosdist[index][index2],deepcopy_cosdist[index][0]: 5 0 0.8848980620369797 0.8749268901761081
model_id_of_model5_used: 0
index,index2,cosdist[index][index2],deepcopy_cosdist[index][0]: 5 1 0.8828063884895657 0.8749268901761081
model_id_of_model5_used: 1
index,index2,cosdist[index][index2],deepcopy_cosdist[index][0]: 5 3 0.8902234856667701 0.8749268901761081
model_id_of_model5_used: 3
index,index2,cosdist[index][index2],deepcopy_cosdist[index][0]: 5 4 0.8865780686063622 0.8749268901761081
model_id_of_model5_used: 4
index,index2,cosdist[index][index2],deepcopy_cosdist[index][0]: 5 5 1 0.8749268901761081
model_id_of_model5_used: 5
index,index2,cosdist[index][index2],deepcopy_cosdist[index][0]: 5 6 0.9962205016436532 0.8749268901761081
model_id_of_model5_used: 6
index,index2,cosdist[index][index2],deepcopy_cosdist[index][0]: 5 7 0.9942345703677316 0.8749268901761081
model_id_of_model5_used: 7
index,index2,cosdist[index][index2],deepcopy_cosdist[index][0]: 5 8 0.9965150183243049 0.8749268901761081
model_id_of_model5_used: 8
index,index2,cosdist[index][index2],deepcopy_cosdist[index][0]: 5 9 0.9973599758680943 0.8749268901761081
model_id_of_model5_used: 9
model_num of model 5 used
-- 9 --
min_max_sun of model 5 used: 0.6544940594184885
index,index2,cosdist[index][index2],deepcopy_cosdist[index][0]: 6 0 0.8827414424202009 0.8725433062387317
model_id_of_model6_used: 0
index,index2,cosdist[index][index2],deepcopy_cosdist[index][0]: 6 1 0.8782015898946404 0.8725433062387317
model_id_of_model6_used: 1
index,index2,cosdist[index][index2],deepcopy_cosdist[index][0]: 6 3 0.8878268769346658 0.8725433062387317
model_id_of_model6_used: 3
index,index2,cosdist[index][index2],deepcopy_cosdist[index][0]: 6 4 0.8824842414131094 0.8725433062387317
model_id_of_model6_used: 4
index,index2,cosdist[index][index2],deepcopy_cosdist[index][0]: 6 5 0.9962205016436532 0.8725433062387317
model_id_of_model6_used: 5
index,index2,cosdist[index][index2],deepcopy_cosdist[index][0]: 6 6 1 0.8725433062387317
model_id_of_model6_used: 6
index,index2,cosdist[index][index2],deepcopy_cosdist[index][0]: 6 7 0.9963988049451151 0.8725433062387317
model_id_of_model6_used: 7
index,index2,cosdist[index][index2],deepcopy_cosdist[index][0]: 6 8 0.9967749660664652 0.8725433062387317
model_id_of_model6_used: 8
index,index2,cosdist[index][index2],deepcopy_cosdist[index][0]: 6 9 0.9962045806246657 0.8725433062387317
model_id_of_model6_used: 9
model_num of model 6 used
-- 9 --
min_max_sun of model 6 used: 0.6639632477939307
index,index2,cosdist[index][index2],deepcopy_cosdist[index][0]: 7 0 0.8792904769772004 0.8694535115537816
model_id_of_model7_used: 0
index,index2,cosdist[index][index2],deepcopy_cosdist[index][0]: 7 1 0.8744504243100345 0.8694535115537816
model_id_of_model7_used: 1
index,index2,cosdist[index][index2],deepcopy_cosdist[index][0]: 7 3 0.8844948021709822 0.8694535115537816
model_id_of_model7_used: 3
index,index2,cosdist[index][index2],deepcopy_cosdist[index][0]: 7 4 0.8796635417954755 0.8694535115537816
model_id_of_model7_used: 4
index,index2,cosdist[index][index2],deepcopy_cosdist[index][0]: 7 5 0.9942345703677316 0.8694535115537816
model_id_of_model7_used: 5
index,index2,cosdist[index][index2],deepcopy_cosdist[index][0]: 7 6 0.9963988049451151 0.8694535115537816
model_id_of_model7_used: 6
index,index2,cosdist[index][index2],deepcopy_cosdist[index][0]: 7 7 1 0.8694535115537816
model_id_of_model7_used: 7
index,index2,cosdist[index][index2],deepcopy_cosdist[index][0]: 7 8 0.995442531040999 0.8694535115537816
model_id_of_model7_used: 8
index,index2,cosdist[index][index2],deepcopy_cosdist[index][0]: 7 9 0.9938495382350682 0.8694535115537816
model_id_of_model7_used: 9
model_num of model 7 used
-- 9 --
min_max_sun of model 7 used: 0.6727430858585721
index,index2,cosdist[index][index2],deepcopy_cosdist[index][0]: 8 0 0.8750112785457479 0.8646119974966177
model_id_of_model8_used: 0
index,index2,cosdist[index][index2],deepcopy_cosdist[index][0]: 8 1 0.8719133616993983 0.8646119974966177
model_id_of_model8_used: 1
index,index2,cosdist[index][index2],deepcopy_cosdist[index][0]: 8 3 0.8806399462787734 0.8646119974966177
model_id_of_model8_used: 3
index,index2,cosdist[index][index2],deepcopy_cosdist[index][0]: 8 4 0.8761685957627613 0.8646119974966177
model_id_of_model8_used: 4
index,index2,cosdist[index][index2],deepcopy_cosdist[index][0]: 8 5 0.9965150183243049 0.8646119974966177
model_id_of_model8_used: 5
index,index2,cosdist[index][index2],deepcopy_cosdist[index][0]: 8 6 0.9967749660664652 0.8646119974966177
model_id_of_model8_used: 6
index,index2,cosdist[index][index2],deepcopy_cosdist[index][0]: 8 7 0.995442531040999 0.8646119974966177
model_id_of_model8_used: 7
index,index2,cosdist[index][index2],deepcopy_cosdist[index][0]: 8 8 1 0.8646119974966177
model_id_of_model8_used: 8
index,index2,cosdist[index][index2],deepcopy_cosdist[index][0]: 8 9 0.9963688147253094 0.8646119974966177
model_id_of_model8_used: 9
model_num of model 8 used
-- 9 --
min_max_sun of model 8 used: 0.7073265349742004
index,index2,cosdist[index][index2],deepcopy_cosdist[index][0]: 9 0 0.8769066795658736 0.8658639259511711
model_id_of_model9_used: 0
index,index2,cosdist[index][index2],deepcopy_cosdist[index][0]: 9 1 0.8730966785112346 0.8658639259511711
model_id_of_model9_used: 1
index,index2,cosdist[index][index2],deepcopy_cosdist[index][0]: 9 3 0.8834528779415479 0.8658639259511711
model_id_of_model9_used: 3
index,index2,cosdist[index][index2],deepcopy_cosdist[index][0]: 9 4 0.8771205235899691 0.8658639259511711
model_id_of_model9_used: 4
index,index2,cosdist[index][index2],deepcopy_cosdist[index][0]: 9 5 0.9973599758680943 0.8658639259511711
model_id_of_model9_used: 5
index,index2,cosdist[index][index2],deepcopy_cosdist[index][0]: 9 6 0.9962045806246657 0.8658639259511711
model_id_of_model9_used: 6
index,index2,cosdist[index][index2],deepcopy_cosdist[index][0]: 9 7 0.9938495382350682 0.8658639259511711
model_id_of_model9_used: 7
index,index2,cosdist[index][index2],deepcopy_cosdist[index][0]: 9 8 0.9963688147253094 0.8658639259511711
model_id_of_model9_used: 8
index,index2,cosdist[index][index2],deepcopy_cosdist[index][0]: 9 9 1 0.8658639259511711
model_id_of_model9_used: 9
model_num of model 9 used
-- 9 --
min_max_sun of model 9 used: 0.7015843355012227
test performance ... 
model 0 use private_data_1 test
0.9082446808510638
model 1 use private_data_1 test
0.8183732273730826
model 2 use private_data_1 test
0.8136081562397328
model 3 use private_data_1 test
0.891511525245423
model 4 use private_data_1 test
0.8057402486496783
model 5 use private_data_2 test
0.9058067380113805
model 6 use private_data_2 test
0.9168882978723404
model 7 use private_data_2 test
0.8035239361702128
model 8 use private_data_2 test
0.9035904255319149
model 9 use private_data_2 test
0.8572695039688273
updates models ...
model 0 starting alignment with public logits... 
model 0 done alignment
model 0 starting training with private data... 
model 0 done private training. 

model 1 starting alignment with public logits... 
model 1 done alignment
model 1 starting training with private data... 
model 1 done private training. 

model 2 starting alignment with public logits... 
model 2 done alignment
model 2 starting training with private data... 
model 2 done private training. 

model 3 starting alignment with public logits... 
model 3 done alignment
model 3 starting training with private data... 
model 3 done private training. 

model 4 starting alignment with public logits... 
model 4 done alignment
model 4 starting training with private data... 
model 4 done private training. 

model 5 starting alignment with public logits... 
model 5 done alignment
model 5 starting training with private data... 
model 5 done private training. 

model 6 starting alignment with public logits... 
model 6 done alignment
model 6 starting training with private data... 
model 6 done private training. 

model 7 starting alignment with public logits... 
model 7 done alignment
model 7 starting training with private data... 
model 7 done private training. 

model 8 starting alignment with public logits... 
model 8 done alignment
model 8 starting training with private data... 
model 8 done private training. 

model 9 starting alignment with public logits... 
model 9 done alignment
model 9 starting training with private data... 
model 9 done private training. 

round  2
update logits ... 
cosdist:
