Namespace(conf='../conf/EMNIST_balance_conf.json', dataset='mnist', gpu=1.0, iid=True, use_pretrained_model=False)
X shape : (36000, 28, 28)
y shape : (36000,)
X shape : (6000, 28, 28)
y shape : (6000,)
15    6000
14    6000
13    6000
12    6000
11    6000
10    6000
dtype: int64
mod_private_class1: [10 11 12]
mod_private_class2: [13 14 15]
============================================================
============================================================
============================================================
X shape : (3000, 28, 28)
y shape : (3000,)
X shape : (3000, 28, 28)
y shape : (3000,)
model 0 : CNN_128_256
model 1 : CNN_128_384
model 2 : CNN_128_512
model 3 : CNN_256_256
model 4 : CNN_256_512
model 5 : CNN_64_128_256
model 6 : CNN_64_128_192
model 7 : CNN_128_192_256
model 8 : CNN_128_128_128
model 9 : CNN_128_128_192
Training model  0
Training model  1
Training model  2
Training model  3
Training model  4
Training model  5
Training model  6
Training model  7
Training model  8
Training model  9
pre-train accuracy: 
[0.9869462025316456, 0.9873417721518988, 0.9858583860759493, 0.9864517405063291, 0.9859572784810127, 0.9908030063291139, 0.9922863924050633, 0.9919897151898734, 0.9903085443037974, 0.9881329113924051]
publice_dataset[y]: [5 0 4 ... 5 6 8]
calculate the theoretical upper bounds for participants: 
the upper bounds are: [0.0, 0.0, 0.0, 0.0, 0.0, 0.0, 0.0, 0.0, 0.0, 0.0]
start model initialization: 
finish model initialization: 
round  0
update logits ... 
cosdist:
[[1, 0.9565798694796698, 0.9889054513766311, 0.9876528749353514, 0.9864942226496397, 0.7795087395741752, 0.7897132053299697, 0.7988499203661448, 0.7773329742891832, 0.7815510725519489], [0.9565798694796698, 1, 0.9499481863265634, 0.940958209133733, 0.9483632443278355, 0.8039314757685968, 0.8366165907160635, 0.8299192832941722, 0.8028985133364736, 0.7974192660850733], [0.9889054513766311, 0.9499481863265634, 1, 0.9890552827615909, 0.9914101282876138, 0.7579832903575681, 0.7578867611566459, 0.7737322361248596, 0.7515031342974835, 0.7592947410912967], [0.9876528749353514, 0.940958209133733, 0.9890552827615909, 1, 0.9859787397239784, 0.7688526544844732, 0.7623850741230704, 0.7860275208951928, 0.763814684592622, 0.7747517022834345], [0.9864942226496397, 0.9483632443278355, 0.9914101282876138, 0.9859787397239784, 1, 0.742729852642552, 0.7548574321920639, 0.7637326518421672, 0.7350610145491272, 0.7413208056680834], [0.7795087395741752, 0.8039314757685968, 0.7579832903575681, 0.7688526544844732, 0.742729852642552, 1, 0.9577505669483116, 0.9808921552047413, 0.9896481443587563, 0.9868139430847238], [0.7897132053299697, 0.8366165907160635, 0.7578867611566459, 0.7623850741230704, 0.7548574321920639, 0.9577505669483116, 1, 0.9682393584947985, 0.9585850424523693, 0.945840615475573], [0.7988499203661448, 0.8299192832941722, 0.7737322361248596, 0.7860275208951928, 0.7637326518421672, 0.9808921552047413, 0.9682393584947985, 1, 0.9794982536838917, 0.9720557248085593], [0.7773329742891832, 0.8028985133364736, 0.7515031342974835, 0.763814684592622, 0.7350610145491272, 0.9896481443587563, 0.9585850424523693, 0.9794982536838917, 1, 0.9914153281231242], [0.7815510725519489, 0.7974192660850733, 0.7592947410912967, 0.7747517022834345, 0.7413208056680834, 0.9868139430847238, 0.945840615475573, 0.9720557248085593, 0.9914153281231242, 1]]
thresholdtopk: [0.7988499203661448, 0.8366165907160635, 0.7737322361248596, 0.7860275208951928, 0.7637326518421672, 0.8039314757685968, 0.8366165907160635, 0.8299192832941722, 0.8028985133364736, 0.7974192660850733]
index,index2,cosdist[index][index2],thresholdtopk[index]: 0 0 1 0.7988499203661448
model_id_of_model0_used: 0
index,index2,cosdist[index][index2],thresholdtopk[index]: 0 1 0.9565798694796698 0.7988499203661448
model_id_of_model0_used: 1
index,index2,cosdist[index][index2],thresholdtopk[index]: 0 2 0.9889054513766311 0.7988499203661448
model_id_of_model0_used: 2
index,index2,cosdist[index][index2],thresholdtopk[index]: 0 3 0.9876528749353514 0.7988499203661448
model_id_of_model0_used: 3
index,index2,cosdist[index][index2],thresholdtopk[index]: 0 4 0.9864942226496397 0.7988499203661448
model_id_of_model0_used: 4
model_num of model 0 used
-- 5 --
index,index2,cosdist[index][index2],thresholdtopk[index]: 1 0 0.9565798694796698 0.8366165907160635
model_id_of_model1_used: 0
index,index2,cosdist[index][index2],thresholdtopk[index]: 1 1 1 0.8366165907160635
model_id_of_model1_used: 1
index,index2,cosdist[index][index2],thresholdtopk[index]: 1 2 0.9499481863265634 0.8366165907160635
model_id_of_model1_used: 2
index,index2,cosdist[index][index2],thresholdtopk[index]: 1 3 0.940958209133733 0.8366165907160635
model_id_of_model1_used: 3
index,index2,cosdist[index][index2],thresholdtopk[index]: 1 4 0.9483632443278355 0.8366165907160635
model_id_of_model1_used: 4
model_num of model 1 used
-- 5 --
index,index2,cosdist[index][index2],thresholdtopk[index]: 2 0 0.9889054513766311 0.7737322361248596
model_id_of_model2_used: 0
index,index2,cosdist[index][index2],thresholdtopk[index]: 2 1 0.9499481863265634 0.7737322361248596
model_id_of_model2_used: 1
index,index2,cosdist[index][index2],thresholdtopk[index]: 2 2 1 0.7737322361248596
model_id_of_model2_used: 2
index,index2,cosdist[index][index2],thresholdtopk[index]: 2 3 0.9890552827615909 0.7737322361248596
model_id_of_model2_used: 3
index,index2,cosdist[index][index2],thresholdtopk[index]: 2 4 0.9914101282876138 0.7737322361248596
model_id_of_model2_used: 4
model_num of model 2 used
-- 5 --
index,index2,cosdist[index][index2],thresholdtopk[index]: 3 0 0.9876528749353514 0.7860275208951928
model_id_of_model3_used: 0
index,index2,cosdist[index][index2],thresholdtopk[index]: 3 1 0.940958209133733 0.7860275208951928
model_id_of_model3_used: 1
index,index2,cosdist[index][index2],thresholdtopk[index]: 3 2 0.9890552827615909 0.7860275208951928
model_id_of_model3_used: 2
index,index2,cosdist[index][index2],thresholdtopk[index]: 3 3 1 0.7860275208951928
model_id_of_model3_used: 3
index,index2,cosdist[index][index2],thresholdtopk[index]: 3 4 0.9859787397239784 0.7860275208951928
model_id_of_model3_used: 4
model_num of model 3 used
-- 5 --
index,index2,cosdist[index][index2],thresholdtopk[index]: 4 0 0.9864942226496397 0.7637326518421672
model_id_of_model4_used: 0
index,index2,cosdist[index][index2],thresholdtopk[index]: 4 1 0.9483632443278355 0.7637326518421672
model_id_of_model4_used: 1
index,index2,cosdist[index][index2],thresholdtopk[index]: 4 2 0.9914101282876138 0.7637326518421672
model_id_of_model4_used: 2
index,index2,cosdist[index][index2],thresholdtopk[index]: 4 3 0.9859787397239784 0.7637326518421672
model_id_of_model4_used: 3
index,index2,cosdist[index][index2],thresholdtopk[index]: 4 4 1 0.7637326518421672
model_id_of_model4_used: 4
model_num of model 4 used
-- 5 --
index,index2,cosdist[index][index2],thresholdtopk[index]: 5 5 1 0.8039314757685968
model_id_of_model5_used: 5
index,index2,cosdist[index][index2],thresholdtopk[index]: 5 6 0.9577505669483116 0.8039314757685968
model_id_of_model5_used: 6
index,index2,cosdist[index][index2],thresholdtopk[index]: 5 7 0.9808921552047413 0.8039314757685968
model_id_of_model5_used: 7
index,index2,cosdist[index][index2],thresholdtopk[index]: 5 8 0.9896481443587563 0.8039314757685968
model_id_of_model5_used: 8
index,index2,cosdist[index][index2],thresholdtopk[index]: 5 9 0.9868139430847238 0.8039314757685968
model_id_of_model5_used: 9
model_num of model 5 used
-- 5 --
index,index2,cosdist[index][index2],thresholdtopk[index]: 6 5 0.9577505669483116 0.8366165907160635
model_id_of_model6_used: 5
index,index2,cosdist[index][index2],thresholdtopk[index]: 6 6 1 0.8366165907160635
model_id_of_model6_used: 6
index,index2,cosdist[index][index2],thresholdtopk[index]: 6 7 0.9682393584947985 0.8366165907160635
model_id_of_model6_used: 7
index,index2,cosdist[index][index2],thresholdtopk[index]: 6 8 0.9585850424523693 0.8366165907160635
model_id_of_model6_used: 8
index,index2,cosdist[index][index2],thresholdtopk[index]: 6 9 0.945840615475573 0.8366165907160635
model_id_of_model6_used: 9
model_num of model 6 used
-- 5 --
index,index2,cosdist[index][index2],thresholdtopk[index]: 7 5 0.9808921552047413 0.8299192832941722
model_id_of_model7_used: 5
index,index2,cosdist[index][index2],thresholdtopk[index]: 7 6 0.9682393584947985 0.8299192832941722
model_id_of_model7_used: 6
index,index2,cosdist[index][index2],thresholdtopk[index]: 7 7 1 0.8299192832941722
model_id_of_model7_used: 7
index,index2,cosdist[index][index2],thresholdtopk[index]: 7 8 0.9794982536838917 0.8299192832941722
model_id_of_model7_used: 8
index,index2,cosdist[index][index2],thresholdtopk[index]: 7 9 0.9720557248085593 0.8299192832941722
model_id_of_model7_used: 9
model_num of model 7 used
-- 5 --
index,index2,cosdist[index][index2],thresholdtopk[index]: 8 5 0.9896481443587563 0.8028985133364736
model_id_of_model8_used: 5
index,index2,cosdist[index][index2],thresholdtopk[index]: 8 6 0.9585850424523693 0.8028985133364736
model_id_of_model8_used: 6
index,index2,cosdist[index][index2],thresholdtopk[index]: 8 7 0.9794982536838917 0.8028985133364736
model_id_of_model8_used: 7
index,index2,cosdist[index][index2],thresholdtopk[index]: 8 8 1 0.8028985133364736
model_id_of_model8_used: 8
index,index2,cosdist[index][index2],thresholdtopk[index]: 8 9 0.9914153281231242 0.8028985133364736
model_id_of_model8_used: 9
model_num of model 8 used
-- 5 --
index,index2,cosdist[index][index2],thresholdtopk[index]: 9 5 0.9868139430847238 0.7974192660850733
model_id_of_model9_used: 5
index,index2,cosdist[index][index2],thresholdtopk[index]: 9 6 0.945840615475573 0.7974192660850733
model_id_of_model9_used: 6
index,index2,cosdist[index][index2],thresholdtopk[index]: 9 7 0.9720557248085593 0.7974192660850733
model_id_of_model9_used: 7
index,index2,cosdist[index][index2],thresholdtopk[index]: 9 8 0.9914153281231242 0.7974192660850733
model_id_of_model9_used: 8
index,index2,cosdist[index][index2],thresholdtopk[index]: 9 9 1 0.7974192660850733
model_id_of_model9_used: 9
model_num of model 9 used
-- 5 --
test performance ... 
model 0 use private_data_1 test
0.8927304966652647
model 1 use private_data_1 test
0.7939937945376051
model 2 use private_data_1 test
0.8377659574468085
model 3 use private_data_1 test
0.8968306741815932
model 4 use private_data_1 test
0.8920656030482434
model 5 use private_data_2 test
0.7819148936170213
model 6 use private_data_2 test
0.6025044328354775
model 7 use private_data_2 test
0.7360372340425532
model 8 use private_data_2 test
0.9205452127659575
model 9 use private_data_2 test
0.8644725179418604
updates models ...
model 0 starting alignment with public logits... 
model 0 done alignment
model 0 starting training with private data... 
model 0 done private training. 

model 1 starting alignment with public logits... 
model 1 done alignment
model 1 starting training with private data... 
model 1 done private training. 

model 2 starting alignment with public logits... 
model 2 done alignment
model 2 starting training with private data... 
model 2 done private training. 

model 3 starting alignment with public logits... 
model 3 done alignment
model 3 starting training with private data... 
model 3 done private training. 

model 4 starting alignment with public logits... 
model 4 done alignment
model 4 starting training with private data... 
model 4 done private training. 

model 5 starting alignment with public logits... 
model 5 done alignment
model 5 starting training with private data... 
model 5 done private training. 

model 6 starting alignment with public logits... 
model 6 done alignment
model 6 starting training with private data... 
model 6 done private training. 

model 7 starting alignment with public logits... 
model 7 done alignment
model 7 starting training with private data... 
model 7 done private training. 

model 8 starting alignment with public logits... 
model 8 done alignment
model 8 starting training with private data... 
model 8 done private training. 

model 9 starting alignment with public logits... 
model 9 done alignment
model 9 starting training with private data... 
model 9 done private training. 

round  1
update logits ... 
cosdist:
[[1, 0.9926860355843777, 0.9959111227797699, 0.9956265978785037, 0.9943334844425994, 0.791872017570617, 0.7902409710921804, 0.7899778287538934, 0.8101775732057729, 0.8078456905013631], [0.9926860355843777, 1, 0.9935104971775556, 0.9905538365407315, 0.9929581947714222, 0.796421410321687, 0.7958937102593007, 0.7955547470244461, 0.8139689060464176, 0.8099263917569818], [0.9959111227797699, 0.9935104971775556, 1, 0.9958296501273844, 0.9977029806755202, 0.7967095763350868, 0.7950826179935534, 0.7960193005284265, 0.8145103555012481, 0.8112652690505281], [0.9956265978785037, 0.9905538365407315, 0.9958296501273844, 1, 0.9937365948002781, 0.809759452116659, 0.8064856943452224, 0.8080259043426672, 0.8277343327854901, 0.8242353607171545], [0.9943334844425994, 0.9929581947714222, 0.9977029806755202, 0.9937365948002781, 1, 0.7994198910351072, 0.7983918086093469, 0.7986093558771621, 0.8161218834764944, 0.8129247996560932], [0.791872017570617, 0.796421410321687, 0.7967095763350868, 0.809759452116659, 0.7994198910351072, 1, 0.9950388646788393, 0.9965668296537727, 0.995479654651066, 0.9949648436894204], [0.7902409710921804, 0.7958937102593007, 0.7950826179935534, 0.8064856943452224, 0.7983918086093469, 0.9950388646788393, 1, 0.9955133662808543, 0.9936816000732724, 0.9934898427092937], [0.7899778287538934, 0.7955547470244461, 0.7960193005284265, 0.8080259043426672, 0.7986093558771621, 0.9965668296537727, 0.9955133662808543, 1, 0.9950999612203089, 0.9945843042464565], [0.8101775732057729, 0.8139689060464176, 0.8145103555012481, 0.8277343327854901, 0.8161218834764944, 0.995479654651066, 0.9936816000732724, 0.9950999612203089, 1, 0.9975311354076967], [0.8078456905013631, 0.8099263917569818, 0.8112652690505281, 0.8242353607171545, 0.8129247996560932, 0.9949648436894204, 0.9934898427092937, 0.9945843042464565, 0.9975311354076967, 1]]
thresholdtopk: [0.8101775732057729, 0.8139689060464176, 0.8145103555012481, 0.8277343327854901, 0.8161218834764944, 0.809759452116659, 0.8064856943452224, 0.8080259043426672, 0.8277343327854901, 0.8242353607171545]
index,index2,cosdist[index][index2],thresholdtopk[index]: 0 0 1 0.8101775732057729
model_id_of_model0_used: 0
index,index2,cosdist[index][index2],thresholdtopk[index]: 0 1 0.9926860355843777 0.8101775732057729
model_id_of_model0_used: 1
index,index2,cosdist[index][index2],thresholdtopk[index]: 0 2 0.9959111227797699 0.8101775732057729
model_id_of_model0_used: 2
index,index2,cosdist[index][index2],thresholdtopk[index]: 0 3 0.9956265978785037 0.8101775732057729
model_id_of_model0_used: 3
index,index2,cosdist[index][index2],thresholdtopk[index]: 0 4 0.9943334844425994 0.8101775732057729
model_id_of_model0_used: 4
model_num of model 0 used
-- 5 --
index,index2,cosdist[index][index2],thresholdtopk[index]: 1 0 0.9926860355843777 0.8139689060464176
model_id_of_model1_used: 0
index,index2,cosdist[index][index2],thresholdtopk[index]: 1 1 1 0.8139689060464176
model_id_of_model1_used: 1
index,index2,cosdist[index][index2],thresholdtopk[index]: 1 2 0.9935104971775556 0.8139689060464176
model_id_of_model1_used: 2
index,index2,cosdist[index][index2],thresholdtopk[index]: 1 3 0.9905538365407315 0.8139689060464176
model_id_of_model1_used: 3
index,index2,cosdist[index][index2],thresholdtopk[index]: 1 4 0.9929581947714222 0.8139689060464176
model_id_of_model1_used: 4
model_num of model 1 used
-- 5 --
index,index2,cosdist[index][index2],thresholdtopk[index]: 2 0 0.9959111227797699 0.8145103555012481
model_id_of_model2_used: 0
index,index2,cosdist[index][index2],thresholdtopk[index]: 2 1 0.9935104971775556 0.8145103555012481
model_id_of_model2_used: 1
index,index2,cosdist[index][index2],thresholdtopk[index]: 2 2 1 0.8145103555012481
model_id_of_model2_used: 2
index,index2,cosdist[index][index2],thresholdtopk[index]: 2 3 0.9958296501273844 0.8145103555012481
model_id_of_model2_used: 3
index,index2,cosdist[index][index2],thresholdtopk[index]: 2 4 0.9977029806755202 0.8145103555012481
model_id_of_model2_used: 4
model_num of model 2 used
-- 5 --
index,index2,cosdist[index][index2],thresholdtopk[index]: 3 0 0.9956265978785037 0.8277343327854901
model_id_of_model3_used: 0
index,index2,cosdist[index][index2],thresholdtopk[index]: 3 1 0.9905538365407315 0.8277343327854901
model_id_of_model3_used: 1
index,index2,cosdist[index][index2],thresholdtopk[index]: 3 2 0.9958296501273844 0.8277343327854901
model_id_of_model3_used: 2
index,index2,cosdist[index][index2],thresholdtopk[index]: 3 3 1 0.8277343327854901
model_id_of_model3_used: 3
index,index2,cosdist[index][index2],thresholdtopk[index]: 3 4 0.9937365948002781 0.8277343327854901
model_id_of_model3_used: 4
model_num of model 3 used
-- 5 --
index,index2,cosdist[index][index2],thresholdtopk[index]: 4 0 0.9943334844425994 0.8161218834764944
model_id_of_model4_used: 0
index,index2,cosdist[index][index2],thresholdtopk[index]: 4 1 0.9929581947714222 0.8161218834764944
model_id_of_model4_used: 1
index,index2,cosdist[index][index2],thresholdtopk[index]: 4 2 0.9977029806755202 0.8161218834764944
model_id_of_model4_used: 2
index,index2,cosdist[index][index2],thresholdtopk[index]: 4 3 0.9937365948002781 0.8161218834764944
model_id_of_model4_used: 3
index,index2,cosdist[index][index2],thresholdtopk[index]: 4 4 1 0.8161218834764944
model_id_of_model4_used: 4
model_num of model 4 used
-- 5 --
index,index2,cosdist[index][index2],thresholdtopk[index]: 5 5 1 0.809759452116659
model_id_of_model5_used: 5
index,index2,cosdist[index][index2],thresholdtopk[index]: 5 6 0.9950388646788393 0.809759452116659
model_id_of_model5_used: 6
index,index2,cosdist[index][index2],thresholdtopk[index]: 5 7 0.9965668296537727 0.809759452116659
model_id_of_model5_used: 7
index,index2,cosdist[index][index2],thresholdtopk[index]: 5 8 0.995479654651066 0.809759452116659
model_id_of_model5_used: 8
index,index2,cosdist[index][index2],thresholdtopk[index]: 5 9 0.9949648436894204 0.809759452116659
model_id_of_model5_used: 9
model_num of model 5 used
-- 5 --
index,index2,cosdist[index][index2],thresholdtopk[index]: 6 5 0.9950388646788393 0.8064856943452224
model_id_of_model6_used: 5
index,index2,cosdist[index][index2],thresholdtopk[index]: 6 6 1 0.8064856943452224
model_id_of_model6_used: 6
index,index2,cosdist[index][index2],thresholdtopk[index]: 6 7 0.9955133662808543 0.8064856943452224
model_id_of_model6_used: 7
index,index2,cosdist[index][index2],thresholdtopk[index]: 6 8 0.9936816000732724 0.8064856943452224
model_id_of_model6_used: 8
index,index2,cosdist[index][index2],thresholdtopk[index]: 6 9 0.9934898427092937 0.8064856943452224
model_id_of_model6_used: 9
model_num of model 6 used
-- 5 --
index,index2,cosdist[index][index2],thresholdtopk[index]: 7 5 0.9965668296537727 0.8080259043426672
model_id_of_model7_used: 5
index,index2,cosdist[index][index2],thresholdtopk[index]: 7 6 0.9955133662808543 0.8080259043426672
model_id_of_model7_used: 6
index,index2,cosdist[index][index2],thresholdtopk[index]: 7 7 1 0.8080259043426672
model_id_of_model7_used: 7
index,index2,cosdist[index][index2],thresholdtopk[index]: 7 8 0.9950999612203089 0.8080259043426672
model_id_of_model7_used: 8
index,index2,cosdist[index][index2],thresholdtopk[index]: 7 9 0.9945843042464565 0.8080259043426672
model_id_of_model7_used: 9
model_num of model 7 used
-- 5 --
index,index2,cosdist[index][index2],thresholdtopk[index]: 8 5 0.995479654651066 0.8277343327854901
model_id_of_model8_used: 5
index,index2,cosdist[index][index2],thresholdtopk[index]: 8 6 0.9936816000732724 0.8277343327854901
model_id_of_model8_used: 6
index,index2,cosdist[index][index2],thresholdtopk[index]: 8 7 0.9950999612203089 0.8277343327854901
model_id_of_model8_used: 7
index,index2,cosdist[index][index2],thresholdtopk[index]: 8 8 1 0.8277343327854901
model_id_of_model8_used: 8
index,index2,cosdist[index][index2],thresholdtopk[index]: 8 9 0.9975311354076967 0.8277343327854901
model_id_of_model8_used: 9
model_num of model 8 used
-- 5 --
index,index2,cosdist[index][index2],thresholdtopk[index]: 9 5 0.9949648436894204 0.8242353607171545
model_id_of_model9_used: 5
index,index2,cosdist[index][index2],thresholdtopk[index]: 9 6 0.9934898427092937 0.8242353607171545
model_id_of_model9_used: 6
index,index2,cosdist[index][index2],thresholdtopk[index]: 9 7 0.9945843042464565 0.8242353607171545
model_id_of_model9_used: 7
index,index2,cosdist[index][index2],thresholdtopk[index]: 9 8 0.9975311354076967 0.8242353607171545
model_id_of_model9_used: 8
index,index2,cosdist[index][index2],thresholdtopk[index]: 9 9 1 0.8242353607171545
model_id_of_model9_used: 9
model_num of model 9 used
-- 5 --
test performance ... 
model 0 use private_data_1 test
0.9054742912028698
model 1 use private_data_1 test
0.897052305175903
model 2 use private_data_1 test
0.8896276595744681
model 3 use private_data_1 test
0.8353280146071251
model 4 use private_data_1 test
0.886968085106383
model 5 use private_data_2 test
0.910904255319149
model 6 use private_data_2 test
0.788563829787234
model 7 use private_data_2 test
0.8948359933305294
model 8 use private_data_2 test
0.9010416668780307
model 9 use private_data_2 test
0.9343971635432954
updates models ...
model 0 starting alignment with public logits... 
model 0 done alignment
model 0 starting training with private data... 
model 0 done private training. 

model 1 starting alignment with public logits... 
model 1 done alignment
model 1 starting training with private data... 
model 1 done private training. 

model 2 starting alignment with public logits... 
model 2 done alignment
model 2 starting training with private data... 
model 2 done private training. 

model 3 starting alignment with public logits... 
model 3 done alignment
model 3 starting training with private data... 
model 3 done private training. 

model 4 starting alignment with public logits... 
model 4 done alignment
model 4 starting training with private data... 
model 4 done private training. 

model 5 starting alignment with public logits... 
model 5 done alignment
model 5 starting training with private data... 
model 5 done private training. 

model 6 starting alignment with public logits... 
model 6 done alignment
model 6 starting training with private data... 
model 6 done private training. 

model 7 starting alignment with public logits... 
model 7 done alignment
model 7 starting training with private data... 
model 7 done private training. 

model 8 starting alignment with public logits... 
model 8 done alignment
model 8 starting training with private data... 
model 8 done private training. 

model 9 starting alignment with public logits... 
model 9 done alignment
model 9 starting training with private data... 
model 9 done private training. 

round  2
update logits ... 
cosdist:
[[1, 0.9978745194969635, 0.9985568165493591, 0.9983974572010238, 0.9986392432826642, 0.8113452949248814, 0.8181949339510955, 0.8132818873140389, 0.8236936272590069, 0.8278288370570341], [0.9978745194969635, 1, 0.9980321329433386, 0.9972240399247098, 0.9981392014779047, 0.8042144513262172, 0.8111887917551349, 0.8060461008352822, 0.8160271461038446, 0.8202434399038314], [0.9985568165493591, 0.9980321329433386, 1, 0.9989190893832298, 0.9990611498706465, 0.8055780827006684, 0.8123503969701693, 0.807564253074938, 0.8177366597242204, 0.8220028189161431], [0.9983974572010238, 0.9972240399247098, 0.9989190893832298, 1, 0.9983206975543683, 0.8117232986374638, 0.8182553280360347, 0.8136303782390991, 0.8239492006647908, 0.828159567078109], [0.9986392432826642, 0.9981392014779047, 0.9990611498706465, 0.9983206975543683, 1, 0.8093627997572728, 0.8160262622860641, 0.8110927837836333, 0.8215544501952795, 0.825355417880471], [0.8113452949248814, 0.8042144513262172, 0.8055780827006684, 0.8117232986374638, 0.8093627997572728, 1, 0.9973212026870932, 0.9983861269014899, 0.9983249093339425, 0.9975488609243225], [0.8181949339510955, 0.8111887917551349, 0.8123503969701693, 0.8182553280360347, 0.8160262622860641, 0.9973212026870932, 1, 0.9983255069049305, 0.9973535338557935, 0.9971377933998158], [0.8132818873140389, 0.8060461008352822, 0.807564253074938, 0.8136303782390991, 0.8110927837836333, 0.9983861269014899, 0.9983255069049305, 1, 0.998079312067631, 0.9980744189395591], [0.8236936272590069, 0.8160271461038446, 0.8177366597242204, 0.8239492006647908, 0.8215544501952795, 0.9983249093339425, 0.9973535338557935, 0.998079312067631, 1, 0.9981831273463266], [0.8278288370570341, 0.8202434399038314, 0.8220028189161431, 0.828159567078109, 0.825355417880471, 0.9975488609243225, 0.9971377933998158, 0.9980744189395591, 0.9981831273463266, 1]]
thresholdtopk: [0.8278288370570341, 0.8202434399038314, 0.8220028189161431, 0.828159567078109, 0.825355417880471, 0.8117232986374638, 0.8182553280360347, 0.8136303782390991, 0.8239492006647908, 0.828159567078109]
index,index2,cosdist[index][index2],thresholdtopk[index]: 0 0 1 0.8278288370570341
model_id_of_model0_used: 0
index,index2,cosdist[index][index2],thresholdtopk[index]: 0 1 0.9978745194969635 0.8278288370570341
model_id_of_model0_used: 1
index,index2,cosdist[index][index2],thresholdtopk[index]: 0 2 0.9985568165493591 0.8278288370570341
model_id_of_model0_used: 2
index,index2,cosdist[index][index2],thresholdtopk[index]: 0 3 0.9983974572010238 0.8278288370570341
model_id_of_model0_used: 3
index,index2,cosdist[index][index2],thresholdtopk[index]: 0 4 0.9986392432826642 0.8278288370570341
model_id_of_model0_used: 4
model_num of model 0 used
-- 5 --
index,index2,cosdist[index][index2],thresholdtopk[index]: 1 0 0.9978745194969635 0.8202434399038314
model_id_of_model1_used: 0
index,index2,cosdist[index][index2],thresholdtopk[index]: 1 1 1 0.8202434399038314
model_id_of_model1_used: 1
index,index2,cosdist[index][index2],thresholdtopk[index]: 1 2 0.9980321329433386 0.8202434399038314
model_id_of_model1_used: 2
index,index2,cosdist[index][index2],thresholdtopk[index]: 1 3 0.9972240399247098 0.8202434399038314
model_id_of_model1_used: 3
index,index2,cosdist[index][index2],thresholdtopk[index]: 1 4 0.9981392014779047 0.8202434399038314
model_id_of_model1_used: 4
model_num of model 1 used
-- 5 --
index,index2,cosdist[index][index2],thresholdtopk[index]: 2 0 0.9985568165493591 0.8220028189161431
model_id_of_model2_used: 0
index,index2,cosdist[index][index2],thresholdtopk[index]: 2 1 0.9980321329433386 0.8220028189161431
model_id_of_model2_used: 1
index,index2,cosdist[index][index2],thresholdtopk[index]: 2 2 1 0.8220028189161431
model_id_of_model2_used: 2
index,index2,cosdist[index][index2],thresholdtopk[index]: 2 3 0.9989190893832298 0.8220028189161431
model_id_of_model2_used: 3
index,index2,cosdist[index][index2],thresholdtopk[index]: 2 4 0.9990611498706465 0.8220028189161431
model_id_of_model2_used: 4
model_num of model 2 used
-- 5 --
index,index2,cosdist[index][index2],thresholdtopk[index]: 3 0 0.9983974572010238 0.828159567078109
model_id_of_model3_used: 0
index,index2,cosdist[index][index2],thresholdtopk[index]: 3 1 0.9972240399247098 0.828159567078109
model_id_of_model3_used: 1
index,index2,cosdist[index][index2],thresholdtopk[index]: 3 2 0.9989190893832298 0.828159567078109
model_id_of_model3_used: 2
index,index2,cosdist[index][index2],thresholdtopk[index]: 3 3 1 0.828159567078109
model_id_of_model3_used: 3
index,index2,cosdist[index][index2],thresholdtopk[index]: 3 4 0.9983206975543683 0.828159567078109
model_id_of_model3_used: 4
model_num of model 3 used
-- 5 --
index,index2,cosdist[index][index2],thresholdtopk[index]: 4 0 0.9986392432826642 0.825355417880471
model_id_of_model4_used: 0
index,index2,cosdist[index][index2],thresholdtopk[index]: 4 1 0.9981392014779047 0.825355417880471
model_id_of_model4_used: 1
index,index2,cosdist[index][index2],thresholdtopk[index]: 4 2 0.9990611498706465 0.825355417880471
model_id_of_model4_used: 2
index,index2,cosdist[index][index2],thresholdtopk[index]: 4 3 0.9983206975543683 0.825355417880471
model_id_of_model4_used: 3
index,index2,cosdist[index][index2],thresholdtopk[index]: 4 4 1 0.825355417880471
model_id_of_model4_used: 4
model_num of model 4 used
-- 5 --
index,index2,cosdist[index][index2],thresholdtopk[index]: 5 5 1 0.8117232986374638
model_id_of_model5_used: 5
index,index2,cosdist[index][index2],thresholdtopk[index]: 5 6 0.9973212026870932 0.8117232986374638
model_id_of_model5_used: 6
index,index2,cosdist[index][index2],thresholdtopk[index]: 5 7 0.9983861269014899 0.8117232986374638
model_id_of_model5_used: 7
index,index2,cosdist[index][index2],thresholdtopk[index]: 5 8 0.9983249093339425 0.8117232986374638
model_id_of_model5_used: 8
index,index2,cosdist[index][index2],thresholdtopk[index]: 5 9 0.9975488609243225 0.8117232986374638
model_id_of_model5_used: 9
model_num of model 5 used
-- 5 --
index,index2,cosdist[index][index2],thresholdtopk[index]: 6 5 0.9973212026870932 0.8182553280360347
model_id_of_model6_used: 5
index,index2,cosdist[index][index2],thresholdtopk[index]: 6 6 1 0.8182553280360347
model_id_of_model6_used: 6
index,index2,cosdist[index][index2],thresholdtopk[index]: 6 7 0.9983255069049305 0.8182553280360347
model_id_of_model6_used: 7
index,index2,cosdist[index][index2],thresholdtopk[index]: 6 8 0.9973535338557935 0.8182553280360347
model_id_of_model6_used: 8
index,index2,cosdist[index][index2],thresholdtopk[index]: 6 9 0.9971377933998158 0.8182553280360347
model_id_of_model6_used: 9
model_num of model 6 used
-- 5 --
index,index2,cosdist[index][index2],thresholdtopk[index]: 7 5 0.9983861269014899 0.8136303782390991
model_id_of_model7_used: 5
index,index2,cosdist[index][index2],thresholdtopk[index]: 7 6 0.9983255069049305 0.8136303782390991
model_id_of_model7_used: 6
index,index2,cosdist[index][index2],thresholdtopk[index]: 7 7 1 0.8136303782390991
model_id_of_model7_used: 7
index,index2,cosdist[index][index2],thresholdtopk[index]: 7 8 0.998079312067631 0.8136303782390991
model_id_of_model7_used: 8
index,index2,cosdist[index][index2],thresholdtopk[index]: 7 9 0.9980744189395591 0.8136303782390991
model_id_of_model7_used: 9
model_num of model 7 used
-- 5 --
index,index2,cosdist[index][index2],thresholdtopk[index]: 8 5 0.9983249093339425 0.8239492006647908
model_id_of_model8_used: 5
index,index2,cosdist[index][index2],thresholdtopk[index]: 8 6 0.9973535338557935 0.8239492006647908
model_id_of_model8_used: 6
index,index2,cosdist[index][index2],thresholdtopk[index]: 8 7 0.998079312067631 0.8239492006647908
model_id_of_model8_used: 7
index,index2,cosdist[index][index2],thresholdtopk[index]: 8 8 1 0.8239492006647908
model_id_of_model8_used: 8
index,index2,cosdist[index][index2],thresholdtopk[index]: 8 9 0.9981831273463266 0.8239492006647908
model_id_of_model8_used: 9
model_num of model 8 used
-- 5 --
index,index2,cosdist[index][index2],thresholdtopk[index]: 9 5 0.9975488609243225 0.828159567078109
model_id_of_model9_used: 5
index,index2,cosdist[index][index2],thresholdtopk[index]: 9 6 0.9971377933998158 0.828159567078109
model_id_of_model9_used: 6
index,index2,cosdist[index][index2],thresholdtopk[index]: 9 7 0.9980744189395591 0.828159567078109
model_id_of_model9_used: 7
index,index2,cosdist[index][index2],thresholdtopk[index]: 9 8 0.9981831273463266 0.828159567078109
model_id_of_model9_used: 8
index,index2,cosdist[index][index2],thresholdtopk[index]: 9 9 1 0.828159567078109
model_id_of_model9_used: 9
model_num of model 9 used
-- 5 --
test performance ... 
model 0 use private_data_1 test
0.8430851063829787
model 1 use private_data_1 test
0.9277482273730826
model 2 use private_data_1 test
0.9250886529049975
model 3 use private_data_1 test
0.8855274826922315
model 4 use private_data_1 test
0.9257535465220188
model 5 use private_data_2 test
0.9236480498567541
model 6 use private_data_2 test
0.866688829787234
model 7 use private_data_2 test
0.8896276595744681
model 8 use private_data_2 test
0.9321808510638298
model 9 use private_data_2 test
0.9152260638297872
updates models ...
model 0 starting alignment with public logits... 
model 0 done alignment
model 0 starting training with private data... 
model 0 done private training. 

model 1 starting alignment with public logits... 
model 1 done alignment
model 1 starting training with private data... 
model 1 done private training. 

model 2 starting alignment with public logits... 
model 2 done alignment
model 2 starting training with private data... 
model 2 done private training. 

model 3 starting alignment with public logits... 
model 3 done alignment
model 3 starting training with private data... 
model 3 done private training. 

model 4 starting alignment with public logits... 
model 4 done alignment
model 4 starting training with private data... 
model 4 done private training. 

model 5 starting alignment with public logits... 
model 5 done alignment
model 5 starting training with private data... 
model 5 done private training. 

model 6 starting alignment with public logits... 
model 6 done alignment
model 6 starting training with private data... 
model 6 done private training. 

model 7 starting alignment with public logits... 
model 7 done alignment
model 7 starting training with private data... 
model 7 done private training. 

model 8 starting alignment with public logits... 
model 8 done alignment
model 8 starting training with private data... 
model 8 done private training. 

model 9 starting alignment with public logits... 
model 9 done alignment
model 9 starting training with private data... 
model 9 done private training. 

round  3
update logits ... 
cosdist:
[[1, 0.9989182276239912, 0.9990474755700516, 0.9993076858428666, 0.9992533390272508, 0.8195932421977719, 0.8194136513761031, 0.8207305595422242, 0.8202345313469497, 0.8230161974553989], [0.9989182276239912, 1, 0.998915236635594, 0.9982545508303605, 0.9989901554514145, 0.8137906705662229, 0.813667222044483, 0.8152191114555184, 0.814372061206129, 0.817054985432732], [0.9990474755700516, 0.998915236635594, 1, 0.9987829131791589, 0.9994745483413742, 0.8137225816436963, 0.8133387471733877, 0.8149868051569469, 0.8144931446699892, 0.8169355134020659], [0.9993076858428666, 0.9982545508303605, 0.9987829131791589, 1, 0.9990964939524754, 0.8274991468320364, 0.8272030890925333, 0.8284811844129089, 0.8282113053168128, 0.8308605850035742], [0.9992533390272508, 0.9989901554514145, 0.9994745483413742, 0.9990964939524754, 1, 0.8165827467899126, 0.8161632591344608, 0.8177074013354149, 0.8172697911850388, 0.8197228018357223], [0.8195932421977719, 0.8137906705662229, 0.8137225816436963, 0.8274991468320364, 0.8165827467899126, 1, 0.9978915955476719, 0.9984520461064261, 0.9988504596367455, 0.9985049030980592], [0.8194136513761031, 0.813667222044483, 0.8133387471733877, 0.8272030890925333, 0.8161632591344608, 0.9978915955476719, 1, 0.9988139214558597, 0.9984896537527583, 0.9983512298063765], [0.8207305595422242, 0.8152191114555184, 0.8149868051569469, 0.8284811844129089, 0.8177074013354149, 0.9984520461064261, 0.9988139214558597, 1, 0.9987027313826414, 0.9984666298551067], [0.8202345313469497, 0.814372061206129, 0.8144931446699892, 0.8282113053168128, 0.8172697911850388, 0.9988504596367455, 0.9984896537527583, 0.9987027313826414, 1, 0.9987546618596764], [0.8230161974553989, 0.817054985432732, 0.8169355134020659, 0.8308605850035742, 0.8197228018357223, 0.9985049030980592, 0.9983512298063765, 0.9984666298551067, 0.9987546618596764, 1]]
thresholdtopk: [0.8230161974553989, 0.817054985432732, 0.8169355134020659, 0.8308605850035742, 0.8197228018357223, 0.8274991468320364, 0.8272030890925333, 0.8284811844129089, 0.8282113053168128, 0.8308605850035742]
index,index2,cosdist[index][index2],thresholdtopk[index]: 0 0 1 0.8230161974553989
model_id_of_model0_used: 0
index,index2,cosdist[index][index2],thresholdtopk[index]: 0 1 0.9989182276239912 0.8230161974553989
model_id_of_model0_used: 1
index,index2,cosdist[index][index2],thresholdtopk[index]: 0 2 0.9990474755700516 0.8230161974553989
model_id_of_model0_used: 2
index,index2,cosdist[index][index2],thresholdtopk[index]: 0 3 0.9993076858428666 0.8230161974553989
model_id_of_model0_used: 3
index,index2,cosdist[index][index2],thresholdtopk[index]: 0 4 0.9992533390272508 0.8230161974553989
model_id_of_model0_used: 4
model_num of model 0 used
-- 5 --
index,index2,cosdist[index][index2],thresholdtopk[index]: 1 0 0.9989182276239912 0.817054985432732
model_id_of_model1_used: 0
index,index2,cosdist[index][index2],thresholdtopk[index]: 1 1 1 0.817054985432732
model_id_of_model1_used: 1
index,index2,cosdist[index][index2],thresholdtopk[index]: 1 2 0.998915236635594 0.817054985432732
model_id_of_model1_used: 2
index,index2,cosdist[index][index2],thresholdtopk[index]: 1 3 0.9982545508303605 0.817054985432732
model_id_of_model1_used: 3
index,index2,cosdist[index][index2],thresholdtopk[index]: 1 4 0.9989901554514145 0.817054985432732
model_id_of_model1_used: 4
model_num of model 1 used
-- 5 --
index,index2,cosdist[index][index2],thresholdtopk[index]: 2 0 0.9990474755700516 0.8169355134020659
model_id_of_model2_used: 0
index,index2,cosdist[index][index2],thresholdtopk[index]: 2 1 0.998915236635594 0.8169355134020659
model_id_of_model2_used: 1
index,index2,cosdist[index][index2],thresholdtopk[index]: 2 2 1 0.8169355134020659
model_id_of_model2_used: 2
index,index2,cosdist[index][index2],thresholdtopk[index]: 2 3 0.9987829131791589 0.8169355134020659
model_id_of_model2_used: 3
index,index2,cosdist[index][index2],thresholdtopk[index]: 2 4 0.9994745483413742 0.8169355134020659
model_id_of_model2_used: 4
model_num of model 2 used
-- 5 --
index,index2,cosdist[index][index2],thresholdtopk[index]: 3 0 0.9993076858428666 0.8308605850035742
model_id_of_model3_used: 0
index,index2,cosdist[index][index2],thresholdtopk[index]: 3 1 0.9982545508303605 0.8308605850035742
model_id_of_model3_used: 1
index,index2,cosdist[index][index2],thresholdtopk[index]: 3 2 0.9987829131791589 0.8308605850035742
model_id_of_model3_used: 2
index,index2,cosdist[index][index2],thresholdtopk[index]: 3 3 1 0.8308605850035742
model_id_of_model3_used: 3
index,index2,cosdist[index][index2],thresholdtopk[index]: 3 4 0.9990964939524754 0.8308605850035742
model_id_of_model3_used: 4
model_num of model 3 used
-- 5 --
index,index2,cosdist[index][index2],thresholdtopk[index]: 4 0 0.9992533390272508 0.8197228018357223
model_id_of_model4_used: 0
index,index2,cosdist[index][index2],thresholdtopk[index]: 4 1 0.9989901554514145 0.8197228018357223
model_id_of_model4_used: 1
index,index2,cosdist[index][index2],thresholdtopk[index]: 4 2 0.9994745483413742 0.8197228018357223
model_id_of_model4_used: 2
index,index2,cosdist[index][index2],thresholdtopk[index]: 4 3 0.9990964939524754 0.8197228018357223
model_id_of_model4_used: 3
index,index2,cosdist[index][index2],thresholdtopk[index]: 4 4 1 0.8197228018357223
model_id_of_model4_used: 4
model_num of model 4 used
-- 5 --
index,index2,cosdist[index][index2],thresholdtopk[index]: 5 5 1 0.8274991468320364
model_id_of_model5_used: 5
index,index2,cosdist[index][index2],thresholdtopk[index]: 5 6 0.9978915955476719 0.8274991468320364
model_id_of_model5_used: 6
index,index2,cosdist[index][index2],thresholdtopk[index]: 5 7 0.9984520461064261 0.8274991468320364
model_id_of_model5_used: 7
index,index2,cosdist[index][index2],thresholdtopk[index]: 5 8 0.9988504596367455 0.8274991468320364
model_id_of_model5_used: 8
index,index2,cosdist[index][index2],thresholdtopk[index]: 5 9 0.9985049030980592 0.8274991468320364
model_id_of_model5_used: 9
model_num of model 5 used
-- 5 --
index,index2,cosdist[index][index2],thresholdtopk[index]: 6 5 0.9978915955476719 0.8272030890925333
model_id_of_model6_used: 5
index,index2,cosdist[index][index2],thresholdtopk[index]: 6 6 1 0.8272030890925333
model_id_of_model6_used: 6
index,index2,cosdist[index][index2],thresholdtopk[index]: 6 7 0.9988139214558597 0.8272030890925333
model_id_of_model6_used: 7
