Namespace(conf='../conf/My_EMNIST_balance_conf.json', dataset='mnist', gpu=1.0, iid=True, use_pretrained_model=False)
X shape : (60000, 28, 28)
y shape : (60000,)
X shape : (10000, 28, 28)
y shape : (10000,)
19    6000
18    6000
17    6000
16    6000
15    6000
14    6000
13    6000
12    6000
11    6000
10    6000
dtype: int64
mod_private_classes: [10 11 12 13 14 15 16 17 18 19]
============================================================
============================================================
X shape : (10000, 28, 28)
y shape : (10000,)
X shape : (10000, 28, 28)
y shape : (10000,)
X shape : (10000, 28, 28)
y shape : (10000,)
X shape : (10000, 28, 28)
y shape : (10000,)
X shape : (10000, 28, 28)
y shape : (10000,)
X shape : (10000, 28, 28)
y shape : (10000,)
X shape : (10000, 28, 28)
y shape : (10000,)
X shape : (10000, 28, 28)
y shape : (10000,)
X shape : (10000, 28, 28)
y shape : (10000,)
X shape : (10000, 28, 28)
y shape : (10000,)
X shape : (10000, 28, 28)
y shape : (10000,)
X shape : (10000, 28, 28)
y shape : (10000,)
X shape : (10000, 28, 28)
y shape : (10000,)
X shape : (10000, 28, 28)
y shape : (10000,)
X shape : (10000, 28, 28)
y shape : (10000,)
X shape : (10000, 28, 28)
y shape : (10000,)
X shape : (10000, 28, 28)
y shape : (10000,)
X shape : (10000, 28, 28)
y shape : (10000,)
X shape : (10000, 28, 28)
y shape : (10000,)
X shape : (10000, 28, 28)
y shape : (10000,)
model 0 : ResNet18_1
model 1 : ResNet34_1
model 2 : mobilenet_1
model 3 : shufflenet_1
model 4 : ResNet18_2
model 5 : ResNet34_2
model 6 : mobilenet_2
model 7 : shufflenet_2
model 8 : ResNet18_3
model 9 : ResNet34_3
model 10 : mobilenet_3
model 11 : shufflenet_3
model 12 : ResNet18_4
model 13 : ResNet34_4
model 14 : mobilenet_4
model 15 : shufflenet_4
model 16 : ResNet18_5
model 17 : ResNet34_5
model 18 : mobilenet_5
model 19 : shufflenet_5
Training model  0
Training model  1
Training model  2
Training model  3
Training model  4
Training model  5
Training model  6
Training model  7
Training model  8
Training model  9
Training model  10
Training model  11
Training model  12
Training model  13
Training model  14
Training model  15
Training model  16
Training model  17
Training model  18
Training model  19
pre-train accuracy: 
[0.992879746835443, 0.9913963607594937, 0.9895174050632911, 0.9894185126582279, 0.9908030063291139, 0.991495253164557, 0.9878362341772152, 0.9916930379746836, 0.9922863924050633, 0.9931764240506329, 0.991495253164557, 0.9911985759493671, 0.9917919303797469, 0.9916930379746836, 0.987440664556962, 0.9910007911392406, 0.9926819620253164, 0.9932753164556962, 0.9906052215189873, 0.9877373417721519]
publice_dataset[y]: [5 0 4 ... 5 6 8]
calculate the theoretical upper bounds for participants: 
the upper bounds are: [0.8079073482428115, 0.7675718849840255, 0.7454073482428115, 0.7620806709265175, 0.7570886581469649, 0.7553913738019169, 0.7650758785942492, 0.77935303514377, 0.7705670926517572, 0.7302316293929713, 0.7513977635782748, 0.7556908945686901, 0.7846445686900958, 0.7748602236421726, 0.7196485623003195, 0.7515974440894568, 0.797823482428115, 0.7560902555910544, 0.7460063897763578, 0.7790535143769968]
start model initialization: 
finish model initialization: 
round  0
update logits ... 
cosdist:
[[1, 0.8654410661049082, 0.8613747947104938, 0.8808184037440018, 0.9308382653444397, 0.8264031773455403, 0.7626918658003184, 0.883517650735276, 0.9341243483065292, 0.8122516304365628, 0.8092716020820574, 0.9152460256673909, 0.9236870123051771, 0.8342143318301812, 0.8010667392364745, 0.9169431069635661, 0.9263458277598493, 0.7620886551533054, 0.8593865343514772, 0.8832372447976292], [0.8654410661049082, 1, 0.8478743245287508, 0.8120299832275938, 0.8378800109703789, 0.7968044012495598, 0.796923724435955, 0.8205117953507921, 0.8734747210302725, 0.7977820123891135, 0.8258291953941087, 0.8523386047316645, 0.8538373972785946, 0.7762430466602517, 0.8224732362336209, 0.8342532603581735, 0.8550724467777522, 0.8126401951232944, 0.8609737620578137, 0.7942010369939366], [0.8613747947104938, 0.8478743245287508, 1, 0.8404163884896562, 0.8273698657343846, 0.8259428561600981, 0.8626435509003831, 0.8477169581329376, 0.8501690176473827, 0.8311181729301166, 0.9040281800663746, 0.8698199763708161, 0.8482191930523182, 0.8301684767446937, 0.876048105209049, 0.8742706273734996, 0.8421883815289966, 0.7747109024131573, 0.9224178270777424, 0.8026714319153033], [0.8808184037440018, 0.8120299832275938, 0.8404163884896562, 1, 0.8703039437343641, 0.7877850147534131, 0.7729169451548633, 0.8811276346965051, 0.9117591299467566, 0.7605251918573436, 0.7818081502500338, 0.9118948286751172, 0.8955258420101854, 0.8064644769455397, 0.7600359301235023, 0.9236955398675775, 0.8894646340602361, 0.7259692708520142, 0.832305746135512, 0.8755670032346344], [0.9308382653444397, 0.8378800109703789, 0.8273698657343846, 0.8703039437343641, 1, 0.8199905098881828, 0.704241363870807, 0.8621693286450368, 0.9085352457606716, 0.7991506825063399, 0.7719814248339817, 0.8974740839956377, 0.9033056351613111, 0.7959508566172103, 0.7891778608001044, 0.9089858068351103, 0.9267822361356259, 0.7432214843916064, 0.8273319172249148, 0.8561718972134853], [0.8264031773455403, 0.7968044012495598, 0.8259428561600981, 0.7877850147534131, 0.8199905098881828, 1, 0.7481522456681236, 0.7579606015974865, 0.817924535896272, 0.8505469938738455, 0.8055143374266368, 0.808827072935759, 0.8426241714088282, 0.8417164483960884, 0.8134735289535688, 0.8123874408885563, 0.8150106633320449, 0.7554035475827555, 0.8395290639435177, 0.7432088142850716], [0.7626918658003184, 0.796923724435955, 0.8626435509003831, 0.7729169451548633, 0.704241363870807, 0.7481522456681236, 1, 0.7978277843170996, 0.7466692051265708, 0.7232040612554295, 0.8844474907511063, 0.7943728901409455, 0.781721123968492, 0.7932075871290003, 0.8056983872147803, 0.7963442616951383, 0.7640556936438244, 0.7037648251682549, 0.8488035364150033, 0.7075434733122985], [0.883517650735276, 0.8205117953507921, 0.8477169581329376, 0.8811276346965051, 0.8621693286450368, 0.7579606015974865, 0.7978277843170996, 1, 0.8856337070857868, 0.7745567541999002, 0.8101101285717842, 0.9255278260558056, 0.9101264329192537, 0.7956211498469077, 0.7285364295753332, 0.914855659529823, 0.8603064168010524, 0.7038336724545666, 0.8098267343395157, 0.8746910784629628], [0.9341243483065292, 0.8734747210302725, 0.8501690176473827, 0.9117591299467566, 0.9085352457606716, 0.817924535896272, 0.7466692051265708, 0.8856337070857868, 1, 0.8063333396242313, 0.7894748789216736, 0.9363468268681993, 0.930706246122186, 0.8103141984607876, 0.7660002680432988, 0.9297229101382802, 0.9218947622177782, 0.7793806536189355, 0.8501011292206139, 0.9089276992454592], [0.8122516304365628, 0.7977820123891135, 0.8311181729301166, 0.7605251918573436, 0.7991506825063399, 0.8505469938738455, 0.7232040612554295, 0.7745567541999002, 0.8063333396242313, 1, 0.8179581934274279, 0.7858363814973471, 0.8014238001732672, 0.8020944826424588, 0.8124222033849142, 0.788172952684215, 0.8020184956599145, 0.7989423894513512, 0.845281349318608, 0.7125334911806276], [0.8092716020820574, 0.8258291953941087, 0.9040281800663746, 0.7818081502500338, 0.7719814248339817, 0.8055143374266368, 0.8844474907511063, 0.8101101285717842, 0.7894748789216736, 0.8179581934274279, 1, 0.8234962303687446, 0.8035304070773204, 0.8076002296087952, 0.8877954972496, 0.8319530312653332, 0.8113653241202393, 0.7625899351147358, 0.8934672554480383, 0.7456392759229193], [0.9152460256673909, 0.8523386047316645, 0.8698199763708161, 0.9118948286751172, 0.8974740839956377, 0.808827072935759, 0.7943728901409455, 0.9255278260558056, 0.9363468268681993, 0.7858363814973471, 0.8234962303687446, 1, 0.9221484089514083, 0.8369590716822681, 0.7831388170650301, 0.9346300411645715, 0.8969624964918983, 0.7515877425410755, 0.876660076709919, 0.9142901630549537], [0.9236870123051771, 0.8538373972785946, 0.8482191930523182, 0.8955258420101854, 0.9033056351613111, 0.8426241714088282, 0.781721123968492, 0.9101264329192537, 0.930706246122186, 0.8014238001732672, 0.8035304070773204, 0.9221484089514083, 1, 0.8326802143251367, 0.7637961336824893, 0.9259881436464829, 0.9122093887814962, 0.7397757036600369, 0.8281256206903288, 0.8657015446157866], [0.8342143318301812, 0.7762430466602517, 0.8301684767446937, 0.8064644769455397, 0.7959508566172103, 0.8417164483960884, 0.7932075871290003, 0.7956211498469077, 0.8103141984607876, 0.8020944826424588, 0.8076002296087952, 0.8369590716822681, 0.8326802143251367, 1, 0.7632012466028454, 0.8299255188772056, 0.7883888599818951, 0.7101369347758391, 0.8516440982379613, 0.7960449930026986], [0.8010667392364745, 0.8224732362336209, 0.876048105209049, 0.7600359301235023, 0.7891778608001044, 0.8134735289535688, 0.8056983872147803, 0.7285364295753332, 0.7660002680432988, 0.8124222033849142, 0.8877954972496, 0.7831388170650301, 0.7637961336824893, 0.7632012466028454, 1, 0.8031989157142213, 0.8100943337121407, 0.8343981060661076, 0.903955899439688, 0.7034178465273198], [0.9169431069635661, 0.8342532603581735, 0.8742706273734996, 0.9236955398675775, 0.9089858068351103, 0.8123874408885563, 0.7963442616951383, 0.914855659529823, 0.9297229101382802, 0.788172952684215, 0.8319530312653332, 0.9346300411645715, 0.9259881436464829, 0.8299255188772056, 0.8031989157142213, 1, 0.9202783504094518, 0.7651810921001266, 0.853921773352828, 0.8816444723864769], [0.9263458277598493, 0.8550724467777522, 0.8421883815289966, 0.8894646340602361, 0.9267822361356259, 0.8150106633320449, 0.7640556936438244, 0.8603064168010524, 0.9218947622177782, 0.8020184956599145, 0.8113653241202393, 0.8969624964918983, 0.9122093887814962, 0.7883888599818951, 0.8100943337121407, 0.9202783504094518, 1, 0.7635518726920123, 0.8425343146095499, 0.8612986069288112], [0.7620886551533054, 0.8126401951232944, 0.7747109024131573, 0.7259692708520142, 0.7432214843916064, 0.7554035475827555, 0.7037648251682549, 0.7038336724545666, 0.7793806536189355, 0.7989423894513512, 0.7625899351147358, 0.7515877425410755, 0.7397757036600369, 0.7101369347758391, 0.8343981060661076, 0.7651810921001266, 0.7635518726920123, 1, 0.8070138885795647, 0.6701613061753194], [0.8593865343514772, 0.8609737620578137, 0.9224178270777424, 0.832305746135512, 0.8273319172249148, 0.8395290639435177, 0.8488035364150033, 0.8098267343395157, 0.8501011292206139, 0.845281349318608, 0.8934672554480383, 0.876660076709919, 0.8281256206903288, 0.8516440982379613, 0.903955899439688, 0.853921773352828, 0.8425343146095499, 0.8070138885795647, 1, 0.8079650153750255], [0.8832372447976292, 0.7942010369939366, 0.8026714319153033, 0.8755670032346344, 0.8561718972134853, 0.7432088142850716, 0.7075434733122985, 0.8746910784629628, 0.9089276992454592, 0.7125334911806276, 0.7456392759229193, 0.9142901630549537, 0.8657015446157866, 0.7960449930026986, 0.7034178465273198, 0.8816444723864769, 0.8612986069288112, 0.6701613061753194, 0.8079650153750255, 1]]
thresholdtopk: [[0.7620886551533054, 0.7626918658003184, 0.8010667392364745, 0.8092716020820574, 0.8122516304365628, 0.8264031773455403, 0.8342143318301812, 0.8593865343514772, 0.8613747947104938, 0.8654410661049082, 0.8808184037440018, 0.8832372447976292, 0.883517650735276, 0.9152460256673909, 0.9169431069635661, 0.9236870123051771, 0.9263458277598493, 0.9308382653444397, 0.9341243483065292, 1], [0.7762430466602517, 0.7942010369939366, 0.7968044012495598, 0.796923724435955, 0.7977820123891135, 0.8120299832275938, 0.8126401951232944, 0.8205117953507921, 0.8224732362336209, 0.8258291953941087, 0.8342532603581735, 0.8378800109703789, 0.8478743245287508, 0.8523386047316645, 0.8538373972785946, 0.8550724467777522, 0.8609737620578137, 0.8654410661049082, 0.8734747210302725, 1], [0.7747109024131573, 0.8026714319153033, 0.8259428561600981, 0.8273698657343846, 0.8301684767446937, 0.8311181729301166, 0.8404163884896562, 0.8421883815289966, 0.8477169581329376, 0.8478743245287508, 0.8482191930523182, 0.8501690176473827, 0.8613747947104938, 0.8626435509003831, 0.8698199763708161, 0.8742706273734996, 0.876048105209049, 0.9040281800663746, 0.9224178270777424, 1], [0.7259692708520142, 0.7600359301235023, 0.7605251918573436, 0.7729169451548633, 0.7818081502500338, 0.7877850147534131, 0.8064644769455397, 0.8120299832275938, 0.832305746135512, 0.8404163884896562, 0.8703039437343641, 0.8755670032346344, 0.8808184037440018, 0.8811276346965051, 0.8894646340602361, 0.8955258420101854, 0.9117591299467566, 0.9118948286751172, 0.9236955398675775, 1], [0.704241363870807, 0.7432214843916064, 0.7719814248339817, 0.7891778608001044, 0.7959508566172103, 0.7991506825063399, 0.8199905098881828, 0.8273319172249148, 0.8273698657343846, 0.8378800109703789, 0.8561718972134853, 0.8621693286450368, 0.8703039437343641, 0.8974740839956377, 0.9033056351613111, 0.9085352457606716, 0.9089858068351103, 0.9267822361356259, 0.9308382653444397, 1], [0.7432088142850716, 0.7481522456681236, 0.7554035475827555, 0.7579606015974865, 0.7877850147534131, 0.7968044012495598, 0.8055143374266368, 0.808827072935759, 0.8123874408885563, 0.8134735289535688, 0.8150106633320449, 0.817924535896272, 0.8199905098881828, 0.8259428561600981, 0.8264031773455403, 0.8395290639435177, 0.8417164483960884, 0.8426241714088282, 0.8505469938738455, 1], [0.7037648251682549, 0.704241363870807, 0.7075434733122985, 0.7232040612554295, 0.7466692051265708, 0.7481522456681236, 0.7626918658003184, 0.7640556936438244, 0.7729169451548633, 0.781721123968492, 0.7932075871290003, 0.7943728901409455, 0.7963442616951383, 0.796923724435955, 0.7978277843170996, 0.8056983872147803, 0.8488035364150033, 0.8626435509003831, 0.8844474907511063, 1], [0.7038336724545666, 0.7285364295753332, 0.7579606015974865, 0.7745567541999002, 0.7956211498469077, 0.7978277843170996, 0.8098267343395157, 0.8101101285717842, 0.8205117953507921, 0.8477169581329376, 0.8603064168010524, 0.8621693286450368, 0.8746910784629628, 0.8811276346965051, 0.883517650735276, 0.8856337070857868, 0.9101264329192537, 0.914855659529823, 0.9255278260558056, 1], [0.7466692051265708, 0.7660002680432988, 0.7793806536189355, 0.7894748789216736, 0.8063333396242313, 0.8103141984607876, 0.817924535896272, 0.8501011292206139, 0.8501690176473827, 0.8734747210302725, 0.8856337070857868, 0.9085352457606716, 0.9089276992454592, 0.9117591299467566, 0.9218947622177782, 0.9297229101382802, 0.930706246122186, 0.9341243483065292, 0.9363468268681993, 1], [0.7125334911806276, 0.7232040612554295, 0.7605251918573436, 0.7745567541999002, 0.7858363814973471, 0.788172952684215, 0.7977820123891135, 0.7989423894513512, 0.7991506825063399, 0.8014238001732672, 0.8020184956599145, 0.8020944826424588, 0.8063333396242313, 0.8122516304365628, 0.8124222033849142, 0.8179581934274279, 0.8311181729301166, 0.845281349318608, 0.8505469938738455, 1], [0.7456392759229193, 0.7625899351147358, 0.7719814248339817, 0.7818081502500338, 0.7894748789216736, 0.8035304070773204, 0.8055143374266368, 0.8076002296087952, 0.8092716020820574, 0.8101101285717842, 0.8113653241202393, 0.8179581934274279, 0.8234962303687446, 0.8258291953941087, 0.8319530312653332, 0.8844474907511063, 0.8877954972496, 0.8934672554480383, 0.9040281800663746, 1], [0.7515877425410755, 0.7831388170650301, 0.7858363814973471, 0.7943728901409455, 0.808827072935759, 0.8234962303687446, 0.8369590716822681, 0.8523386047316645, 0.8698199763708161, 0.876660076709919, 0.8969624964918983, 0.8974740839956377, 0.9118948286751172, 0.9142901630549537, 0.9152460256673909, 0.9221484089514083, 0.9255278260558056, 0.9346300411645715, 0.9363468268681993, 1], [0.7397757036600369, 0.7637961336824893, 0.781721123968492, 0.8014238001732672, 0.8035304070773204, 0.8281256206903288, 0.8326802143251367, 0.8426241714088282, 0.8482191930523182, 0.8538373972785946, 0.8657015446157866, 0.8955258420101854, 0.9033056351613111, 0.9101264329192537, 0.9122093887814962, 0.9221484089514083, 0.9236870123051771, 0.9259881436464829, 0.930706246122186, 1], [0.7101369347758391, 0.7632012466028454, 0.7762430466602517, 0.7883888599818951, 0.7932075871290003, 0.7956211498469077, 0.7959508566172103, 0.7960449930026986, 0.8020944826424588, 0.8064644769455397, 0.8076002296087952, 0.8103141984607876, 0.8299255188772056, 0.8301684767446937, 0.8326802143251367, 0.8342143318301812, 0.8369590716822681, 0.8417164483960884, 0.8516440982379613, 1], [0.7034178465273198, 0.7285364295753332, 0.7600359301235023, 0.7632012466028454, 0.7637961336824893, 0.7660002680432988, 0.7831388170650301, 0.7891778608001044, 0.8010667392364745, 0.8031989157142213, 0.8056983872147803, 0.8100943337121407, 0.8124222033849142, 0.8134735289535688, 0.8224732362336209, 0.8343981060661076, 0.876048105209049, 0.8877954972496, 0.903955899439688, 1], [0.7651810921001266, 0.788172952684215, 0.7963442616951383, 0.8031989157142213, 0.8123874408885563, 0.8299255188772056, 0.8319530312653332, 0.8342532603581735, 0.853921773352828, 0.8742706273734996, 0.8816444723864769, 0.9089858068351103, 0.914855659529823, 0.9169431069635661, 0.9202783504094518, 0.9236955398675775, 0.9259881436464829, 0.9297229101382802, 0.9346300411645715, 1], [0.7635518726920123, 0.7640556936438244, 0.7883888599818951, 0.8020184956599145, 0.8100943337121407, 0.8113653241202393, 0.8150106633320449, 0.8421883815289966, 0.8425343146095499, 0.8550724467777522, 0.8603064168010524, 0.8612986069288112, 0.8894646340602361, 0.8969624964918983, 0.9122093887814962, 0.9202783504094518, 0.9218947622177782, 0.9263458277598493, 0.9267822361356259, 1], [0.6701613061753194, 0.7037648251682549, 0.7038336724545666, 0.7101369347758391, 0.7259692708520142, 0.7397757036600369, 0.7432214843916064, 0.7515877425410755, 0.7554035475827555, 0.7620886551533054, 0.7625899351147358, 0.7635518726920123, 0.7651810921001266, 0.7747109024131573, 0.7793806536189355, 0.7989423894513512, 0.8070138885795647, 0.8126401951232944, 0.8343981060661076, 1], [0.8070138885795647, 0.8079650153750255, 0.8098267343395157, 0.8273319172249148, 0.8281256206903288, 0.832305746135512, 0.8395290639435177, 0.8425343146095499, 0.845281349318608, 0.8488035364150033, 0.8501011292206139, 0.8516440982379613, 0.853921773352828, 0.8593865343514772, 0.8609737620578137, 0.876660076709919, 0.8934672554480383, 0.903955899439688, 0.9224178270777424, 1], [0.6701613061753194, 0.7034178465273198, 0.7075434733122985, 0.7125334911806276, 0.7432088142850716, 0.7456392759229193, 0.7942010369939366, 0.7960449930026986, 0.8026714319153033, 0.8079650153750255, 0.8561718972134853, 0.8612986069288112, 0.8657015446157866, 0.8746910784629628, 0.8755670032346344, 0.8816444723864769, 0.8832372447976292, 0.9089276992454592, 0.9142901630549537, 1]]
index,index2,cosdist[index][index2],deepcopy_cosdist[index][0]: 0 0 1 0.7620886551533054
model_id_of_model0_used: 0
index,index2,cosdist[index][index2],deepcopy_cosdist[index][0]: 0 1 0.8654410661049082 0.7620886551533054
model_id_of_model0_used: 1
index,index2,cosdist[index][index2],deepcopy_cosdist[index][0]: 0 2 0.8613747947104938 0.7620886551533054
model_id_of_model0_used: 2
index,index2,cosdist[index][index2],deepcopy_cosdist[index][0]: 0 3 0.8808184037440018 0.7620886551533054
model_id_of_model0_used: 3
index,index2,cosdist[index][index2],deepcopy_cosdist[index][0]: 0 4 0.9308382653444397 0.7620886551533054
model_id_of_model0_used: 4
index,index2,cosdist[index][index2],deepcopy_cosdist[index][0]: 0 5 0.8264031773455403 0.7620886551533054
model_id_of_model0_used: 5
index,index2,cosdist[index][index2],deepcopy_cosdist[index][0]: 0 6 0.7626918658003184 0.7620886551533054
model_id_of_model0_used: 6
index,index2,cosdist[index][index2],deepcopy_cosdist[index][0]: 0 7 0.883517650735276 0.7620886551533054
model_id_of_model0_used: 7
index,index2,cosdist[index][index2],deepcopy_cosdist[index][0]: 0 8 0.9341243483065292 0.7620886551533054
model_id_of_model0_used: 8
index,index2,cosdist[index][index2],deepcopy_cosdist[index][0]: 0 9 0.8122516304365628 0.7620886551533054
model_id_of_model0_used: 9
index,index2,cosdist[index][index2],deepcopy_cosdist[index][0]: 0 10 0.8092716020820574 0.7620886551533054
model_id_of_model0_used: 10
index,index2,cosdist[index][index2],deepcopy_cosdist[index][0]: 0 11 0.9152460256673909 0.7620886551533054
model_id_of_model0_used: 11
index,index2,cosdist[index][index2],deepcopy_cosdist[index][0]: 0 12 0.9236870123051771 0.7620886551533054
model_id_of_model0_used: 12
index,index2,cosdist[index][index2],deepcopy_cosdist[index][0]: 0 13 0.8342143318301812 0.7620886551533054
model_id_of_model0_used: 13
index,index2,cosdist[index][index2],deepcopy_cosdist[index][0]: 0 14 0.8010667392364745 0.7620886551533054
model_id_of_model0_used: 14
index,index2,cosdist[index][index2],deepcopy_cosdist[index][0]: 0 15 0.9169431069635661 0.7620886551533054
model_id_of_model0_used: 15
index,index2,cosdist[index][index2],deepcopy_cosdist[index][0]: 0 16 0.9263458277598493 0.7620886551533054
model_id_of_model0_used: 16
index,index2,cosdist[index][index2],deepcopy_cosdist[index][0]: 0 18 0.8593865343514772 0.7620886551533054
model_id_of_model0_used: 18
index,index2,cosdist[index][index2],deepcopy_cosdist[index][0]: 0 19 0.8832372447976292 0.7620886551533054
model_id_of_model0_used: 19
model_num of model 0 used
-- 19 --
min_max_sun of model 0 used: 2.147175179609071
index,index2,cosdist[index][index2],deepcopy_cosdist[index][0]: 1 0 0.8654410661049082 0.7762430466602517
model_id_of_model1_used: 0
index,index2,cosdist[index][index2],deepcopy_cosdist[index][0]: 1 1 1 0.7762430466602517
model_id_of_model1_used: 1
index,index2,cosdist[index][index2],deepcopy_cosdist[index][0]: 1 2 0.8478743245287508 0.7762430466602517
model_id_of_model1_used: 2
index,index2,cosdist[index][index2],deepcopy_cosdist[index][0]: 1 3 0.8120299832275938 0.7762430466602517
model_id_of_model1_used: 3
index,index2,cosdist[index][index2],deepcopy_cosdist[index][0]: 1 4 0.8378800109703789 0.7762430466602517
model_id_of_model1_used: 4
index,index2,cosdist[index][index2],deepcopy_cosdist[index][0]: 1 5 0.7968044012495598 0.7762430466602517
model_id_of_model1_used: 5
index,index2,cosdist[index][index2],deepcopy_cosdist[index][0]: 1 6 0.796923724435955 0.7762430466602517
model_id_of_model1_used: 6
index,index2,cosdist[index][index2],deepcopy_cosdist[index][0]: 1 7 0.8205117953507921 0.7762430466602517
model_id_of_model1_used: 7
index,index2,cosdist[index][index2],deepcopy_cosdist[index][0]: 1 8 0.8734747210302725 0.7762430466602517
model_id_of_model1_used: 8
index,index2,cosdist[index][index2],deepcopy_cosdist[index][0]: 1 9 0.7977820123891135 0.7762430466602517
model_id_of_model1_used: 9
index,index2,cosdist[index][index2],deepcopy_cosdist[index][0]: 1 10 0.8258291953941087 0.7762430466602517
model_id_of_model1_used: 10
index,index2,cosdist[index][index2],deepcopy_cosdist[index][0]: 1 11 0.8523386047316645 0.7762430466602517
model_id_of_model1_used: 11
index,index2,cosdist[index][index2],deepcopy_cosdist[index][0]: 1 12 0.8538373972785946 0.7762430466602517
model_id_of_model1_used: 12
index,index2,cosdist[index][index2],deepcopy_cosdist[index][0]: 1 14 0.8224732362336209 0.7762430466602517
model_id_of_model1_used: 14
index,index2,cosdist[index][index2],deepcopy_cosdist[index][0]: 1 15 0.8342532603581735 0.7762430466602517
model_id_of_model1_used: 15
index,index2,cosdist[index][index2],deepcopy_cosdist[index][0]: 1 16 0.8550724467777522 0.7762430466602517
model_id_of_model1_used: 16
index,index2,cosdist[index][index2],deepcopy_cosdist[index][0]: 1 17 0.8126401951232944 0.7762430466602517
model_id_of_model1_used: 17
index,index2,cosdist[index][index2],deepcopy_cosdist[index][0]: 1 18 0.8609737620578137 0.7762430466602517
model_id_of_model1_used: 18
index,index2,cosdist[index][index2],deepcopy_cosdist[index][0]: 1 19 0.7942010369939366 0.7762430466602517
model_id_of_model1_used: 19
model_num of model 1 used
-- 19 --
min_max_sun of model 1 used: 1.2117232876915018
index,index2,cosdist[index][index2],deepcopy_cosdist[index][0]: 2 0 0.8613747947104938 0.7747109024131573
model_id_of_model2_used: 0
index,index2,cosdist[index][index2],deepcopy_cosdist[index][0]: 2 1 0.8478743245287508 0.7747109024131573
model_id_of_model2_used: 1
index,index2,cosdist[index][index2],deepcopy_cosdist[index][0]: 2 2 1 0.7747109024131573
model_id_of_model2_used: 2
index,index2,cosdist[index][index2],deepcopy_cosdist[index][0]: 2 3 0.8404163884896562 0.7747109024131573
model_id_of_model2_used: 3
index,index2,cosdist[index][index2],deepcopy_cosdist[index][0]: 2 4 0.8273698657343846 0.7747109024131573
model_id_of_model2_used: 4
index,index2,cosdist[index][index2],deepcopy_cosdist[index][0]: 2 5 0.8259428561600981 0.7747109024131573
model_id_of_model2_used: 5
index,index2,cosdist[index][index2],deepcopy_cosdist[index][0]: 2 6 0.8626435509003831 0.7747109024131573
model_id_of_model2_used: 6
index,index2,cosdist[index][index2],deepcopy_cosdist[index][0]: 2 7 0.8477169581329376 0.7747109024131573
model_id_of_model2_used: 7
index,index2,cosdist[index][index2],deepcopy_cosdist[index][0]: 2 8 0.8501690176473827 0.7747109024131573
model_id_of_model2_used: 8
index,index2,cosdist[index][index2],deepcopy_cosdist[index][0]: 2 9 0.8311181729301166 0.7747109024131573
model_id_of_model2_used: 9
index,index2,cosdist[index][index2],deepcopy_cosdist[index][0]: 2 10 0.9040281800663746 0.7747109024131573
model_id_of_model2_used: 10
index,index2,cosdist[index][index2],deepcopy_cosdist[index][0]: 2 11 0.8698199763708161 0.7747109024131573
model_id_of_model2_used: 11
index,index2,cosdist[index][index2],deepcopy_cosdist[index][0]: 2 12 0.8482191930523182 0.7747109024131573
model_id_of_model2_used: 12
index,index2,cosdist[index][index2],deepcopy_cosdist[index][0]: 2 13 0.8301684767446937 0.7747109024131573
model_id_of_model2_used: 13
index,index2,cosdist[index][index2],deepcopy_cosdist[index][0]: 2 14 0.876048105209049 0.7747109024131573
model_id_of_model2_used: 14
index,index2,cosdist[index][index2],deepcopy_cosdist[index][0]: 2 15 0.8742706273734996 0.7747109024131573
model_id_of_model2_used: 15
index,index2,cosdist[index][index2],deepcopy_cosdist[index][0]: 2 16 0.8421883815289966 0.7747109024131573
model_id_of_model2_used: 16
index,index2,cosdist[index][index2],deepcopy_cosdist[index][0]: 2 18 0.9224178270777424 0.7747109024131573
model_id_of_model2_used: 18
index,index2,cosdist[index][index2],deepcopy_cosdist[index][0]: 2 19 0.8026714319153033 0.7747109024131573
model_id_of_model2_used: 19
model_num of model 2 used
-- 19 --
min_max_sun of model 2 used: 1.644950982723008
index,index2,cosdist[index][index2],deepcopy_cosdist[index][0]: 3 0 0.8808184037440018 0.7259692708520142
model_id_of_model3_used: 0
index,index2,cosdist[index][index2],deepcopy_cosdist[index][0]: 3 1 0.8120299832275938 0.7259692708520142
model_id_of_model3_used: 1
index,index2,cosdist[index][index2],deepcopy_cosdist[index][0]: 3 2 0.8404163884896562 0.7259692708520142
model_id_of_model3_used: 2
index,index2,cosdist[index][index2],deepcopy_cosdist[index][0]: 3 3 1 0.7259692708520142
model_id_of_model3_used: 3
index,index2,cosdist[index][index2],deepcopy_cosdist[index][0]: 3 4 0.8703039437343641 0.7259692708520142
model_id_of_model3_used: 4
index,index2,cosdist[index][index2],deepcopy_cosdist[index][0]: 3 5 0.7877850147534131 0.7259692708520142
model_id_of_model3_used: 5
index,index2,cosdist[index][index2],deepcopy_cosdist[index][0]: 3 6 0.7729169451548633 0.7259692708520142
model_id_of_model3_used: 6
index,index2,cosdist[index][index2],deepcopy_cosdist[index][0]: 3 7 0.8811276346965051 0.7259692708520142
model_id_of_model3_used: 7
index,index2,cosdist[index][index2],deepcopy_cosdist[index][0]: 3 8 0.9117591299467566 0.7259692708520142
model_id_of_model3_used: 8
index,index2,cosdist[index][index2],deepcopy_cosdist[index][0]: 3 9 0.7605251918573436 0.7259692708520142
model_id_of_model3_used: 9
index,index2,cosdist[index][index2],deepcopy_cosdist[index][0]: 3 10 0.7818081502500338 0.7259692708520142
model_id_of_model3_used: 10
index,index2,cosdist[index][index2],deepcopy_cosdist[index][0]: 3 11 0.9118948286751172 0.7259692708520142
model_id_of_model3_used: 11
index,index2,cosdist[index][index2],deepcopy_cosdist[index][0]: 3 12 0.8955258420101854 0.7259692708520142
model_id_of_model3_used: 12
index,index2,cosdist[index][index2],deepcopy_cosdist[index][0]: 3 13 0.8064644769455397 0.7259692708520142
model_id_of_model3_used: 13
index,index2,cosdist[index][index2],deepcopy_cosdist[index][0]: 3 14 0.7600359301235023 0.7259692708520142
model_id_of_model3_used: 14
index,index2,cosdist[index][index2],deepcopy_cosdist[index][0]: 3 15 0.9236955398675775 0.7259692708520142
model_id_of_model3_used: 15
index,index2,cosdist[index][index2],deepcopy_cosdist[index][0]: 3 16 0.8894646340602361 0.7259692708520142
model_id_of_model3_used: 16
index,index2,cosdist[index][index2],deepcopy_cosdist[index][0]: 3 18 0.832305746135512 0.7259692708520142
model_id_of_model3_used: 18
index,index2,cosdist[index][index2],deepcopy_cosdist[index][0]: 3 19 0.8755670032346344 0.7259692708520142
model_id_of_model3_used: 19
model_num of model 3 used
-- 19 --
min_max_sun of model 3 used: 2.4010286407185655
index,index2,cosdist[index][index2],deepcopy_cosdist[index][0]: 4 0 0.9308382653444397 0.704241363870807
model_id_of_model4_used: 0
index,index2,cosdist[index][index2],deepcopy_cosdist[index][0]: 4 1 0.8378800109703789 0.704241363870807
model_id_of_model4_used: 1
index,index2,cosdist[index][index2],deepcopy_cosdist[index][0]: 4 2 0.8273698657343846 0.704241363870807
model_id_of_model4_used: 2
index,index2,cosdist[index][index2],deepcopy_cosdist[index][0]: 4 3 0.8703039437343641 0.704241363870807
model_id_of_model4_used: 3
index,index2,cosdist[index][index2],deepcopy_cosdist[index][0]: 4 4 1 0.704241363870807
model_id_of_model4_used: 4
index,index2,cosdist[index][index2],deepcopy_cosdist[index][0]: 4 5 0.8199905098881828 0.704241363870807
model_id_of_model4_used: 5
index,index2,cosdist[index][index2],deepcopy_cosdist[index][0]: 4 7 0.8621693286450368 0.704241363870807
model_id_of_model4_used: 7
index,index2,cosdist[index][index2],deepcopy_cosdist[index][0]: 4 8 0.9085352457606716 0.704241363870807
model_id_of_model4_used: 8
index,index2,cosdist[index][index2],deepcopy_cosdist[index][0]: 4 9 0.7991506825063399 0.704241363870807
model_id_of_model4_used: 9
index,index2,cosdist[index][index2],deepcopy_cosdist[index][0]: 4 10 0.7719814248339817 0.704241363870807
model_id_of_model4_used: 10
index,index2,cosdist[index][index2],deepcopy_cosdist[index][0]: 4 11 0.8974740839956377 0.704241363870807
model_id_of_model4_used: 11
index,index2,cosdist[index][index2],deepcopy_cosdist[index][0]: 4 12 0.9033056351613111 0.704241363870807
model_id_of_model4_used: 12
index,index2,cosdist[index][index2],deepcopy_cosdist[index][0]: 4 13 0.7959508566172103 0.704241363870807
model_id_of_model4_used: 13
index,index2,cosdist[index][index2],deepcopy_cosdist[index][0]: 4 14 0.7891778608001044 0.704241363870807
model_id_of_model4_used: 14
index,index2,cosdist[index][index2],deepcopy_cosdist[index][0]: 4 15 0.9089858068351103 0.704241363870807
model_id_of_model4_used: 15
index,index2,cosdist[index][index2],deepcopy_cosdist[index][0]: 4 16 0.9267822361356259 0.704241363870807
model_id_of_model4_used: 16
index,index2,cosdist[index][index2],deepcopy_cosdist[index][0]: 4 17 0.7432214843916064 0.704241363870807
model_id_of_model4_used: 17
index,index2,cosdist[index][index2],deepcopy_cosdist[index][0]: 4 18 0.8273319172249148 0.704241363870807
model_id_of_model4_used: 18
index,index2,cosdist[index][index2],deepcopy_cosdist[index][0]: 4 19 0.8561718972134853 0.704241363870807
model_id_of_model4_used: 19
model_num of model 4 used
-- 19 --
min_max_sun of model 4 used: 2.896035142247453
index,index2,cosdist[index][index2],deepcopy_cosdist[index][0]: 5 0 0.8264031773455403 0.7432088142850716
model_id_of_model5_used: 0
index,index2,cosdist[index][index2],deepcopy_cosdist[index][0]: 5 1 0.7968044012495598 0.7432088142850716
model_id_of_model5_used: 1
index,index2,cosdist[index][index2],deepcopy_cosdist[index][0]: 5 2 0.8259428561600981 0.7432088142850716
model_id_of_model5_used: 2
index,index2,cosdist[index][index2],deepcopy_cosdist[index][0]: 5 3 0.7877850147534131 0.7432088142850716
model_id_of_model5_used: 3
index,index2,cosdist[index][index2],deepcopy_cosdist[index][0]: 5 4 0.8199905098881828 0.7432088142850716
model_id_of_model5_used: 4
index,index2,cosdist[index][index2],deepcopy_cosdist[index][0]: 5 5 1 0.7432088142850716
model_id_of_model5_used: 5
index,index2,cosdist[index][index2],deepcopy_cosdist[index][0]: 5 6 0.7481522456681236 0.7432088142850716
model_id_of_model5_used: 6
index,index2,cosdist[index][index2],deepcopy_cosdist[index][0]: 5 7 0.7579606015974865 0.7432088142850716
model_id_of_model5_used: 7
index,index2,cosdist[index][index2],deepcopy_cosdist[index][0]: 5 8 0.817924535896272 0.7432088142850716
model_id_of_model5_used: 8
index,index2,cosdist[index][index2],deepcopy_cosdist[index][0]: 5 9 0.8505469938738455 0.7432088142850716
model_id_of_model5_used: 9
index,index2,cosdist[index][index2],deepcopy_cosdist[index][0]: 5 10 0.8055143374266368 0.7432088142850716
model_id_of_model5_used: 10
index,index2,cosdist[index][index2],deepcopy_cosdist[index][0]: 5 11 0.808827072935759 0.7432088142850716
model_id_of_model5_used: 11
index,index2,cosdist[index][index2],deepcopy_cosdist[index][0]: 5 12 0.8426241714088282 0.7432088142850716
model_id_of_model5_used: 12
index,index2,cosdist[index][index2],deepcopy_cosdist[index][0]: 5 13 0.8417164483960884 0.7432088142850716
model_id_of_model5_used: 13
index,index2,cosdist[index][index2],deepcopy_cosdist[index][0]: 5 14 0.8134735289535688 0.7432088142850716
model_id_of_model5_used: 14
index,index2,cosdist[index][index2],deepcopy_cosdist[index][0]: 5 15 0.8123874408885563 0.7432088142850716
model_id_of_model5_used: 15
index,index2,cosdist[index][index2],deepcopy_cosdist[index][0]: 5 16 0.8150106633320449 0.7432088142850716
model_id_of_model5_used: 16
index,index2,cosdist[index][index2],deepcopy_cosdist[index][0]: 5 17 0.7554035475827555 0.7432088142850716
model_id_of_model5_used: 17
index,index2,cosdist[index][index2],deepcopy_cosdist[index][0]: 5 18 0.8395290639435177 0.7432088142850716
model_id_of_model5_used: 18
model_num of model 5 used
-- 19 --
min_max_sun of model 5 used: 1.445029139883917
index,index2,cosdist[index][index2],deepcopy_cosdist[index][0]: 6 0 0.7626918658003184 0.7037648251682549
model_id_of_model6_used: 0
index,index2,cosdist[index][index2],deepcopy_cosdist[index][0]: 6 1 0.796923724435955 0.7037648251682549
model_id_of_model6_used: 1
index,index2,cosdist[index][index2],deepcopy_cosdist[index][0]: 6 2 0.8626435509003831 0.7037648251682549
model_id_of_model6_used: 2
index,index2,cosdist[index][index2],deepcopy_cosdist[index][0]: 6 3 0.7729169451548633 0.7037648251682549
model_id_of_model6_used: 3
index,index2,cosdist[index][index2],deepcopy_cosdist[index][0]: 6 4 0.704241363870807 0.7037648251682549
model_id_of_model6_used: 4
index,index2,cosdist[index][index2],deepcopy_cosdist[index][0]: 6 5 0.7481522456681236 0.7037648251682549
model_id_of_model6_used: 5
index,index2,cosdist[index][index2],deepcopy_cosdist[index][0]: 6 6 1 0.7037648251682549
model_id_of_model6_used: 6
index,index2,cosdist[index][index2],deepcopy_cosdist[index][0]: 6 7 0.7978277843170996 0.7037648251682549
model_id_of_model6_used: 7
index,index2,cosdist[index][index2],deepcopy_cosdist[index][0]: 6 8 0.7466692051265708 0.7037648251682549
model_id_of_model6_used: 8
index,index2,cosdist[index][index2],deepcopy_cosdist[index][0]: 6 9 0.7232040612554295 0.7037648251682549
model_id_of_model6_used: 9
index,index2,cosdist[index][index2],deepcopy_cosdist[index][0]: 6 10 0.8844474907511063 0.7037648251682549
model_id_of_model6_used: 10
index,index2,cosdist[index][index2],deepcopy_cosdist[index][0]: 6 11 0.7943728901409455 0.7037648251682549
model_id_of_model6_used: 11
index,index2,cosdist[index][index2],deepcopy_cosdist[index][0]: 6 12 0.781721123968492 0.7037648251682549
model_id_of_model6_used: 12
index,index2,cosdist[index][index2],deepcopy_cosdist[index][0]: 6 13 0.7932075871290003 0.7037648251682549
model_id_of_model6_used: 13
index,index2,cosdist[index][index2],deepcopy_cosdist[index][0]: 6 14 0.8056983872147803 0.7037648251682549
model_id_of_model6_used: 14
index,index2,cosdist[index][index2],deepcopy_cosdist[index][0]: 6 15 0.7963442616951383 0.7037648251682549
model_id_of_model6_used: 15
index,index2,cosdist[index][index2],deepcopy_cosdist[index][0]: 6 16 0.7640556936438244 0.7037648251682549
model_id_of_model6_used: 16
index,index2,cosdist[index][index2],deepcopy_cosdist[index][0]: 6 18 0.8488035364150033 0.7037648251682549
model_id_of_model6_used: 18
index,index2,cosdist[index][index2],deepcopy_cosdist[index][0]: 6 19 0.7075434733122985 0.7037648251682549
model_id_of_model6_used: 19
model_num of model 6 used
-- 19 --
min_max_sun of model 6 used: 1.719933512603296
index,index2,cosdist[index][index2],deepcopy_cosdist[index][0]: 7 0 0.883517650735276 0.7038336724545666
model_id_of_model7_used: 0
index,index2,cosdist[index][index2],deepcopy_cosdist[index][0]: 7 1 0.8205117953507921 0.7038336724545666
model_id_of_model7_used: 1
index,index2,cosdist[index][index2],deepcopy_cosdist[index][0]: 7 2 0.8477169581329376 0.7038336724545666
model_id_of_model7_used: 2
index,index2,cosdist[index][index2],deepcopy_cosdist[index][0]: 7 3 0.8811276346965051 0.7038336724545666
model_id_of_model7_used: 3
index,index2,cosdist[index][index2],deepcopy_cosdist[index][0]: 7 4 0.8621693286450368 0.7038336724545666
model_id_of_model7_used: 4
index,index2,cosdist[index][index2],deepcopy_cosdist[index][0]: 7 5 0.7579606015974865 0.7038336724545666
model_id_of_model7_used: 5
index,index2,cosdist[index][index2],deepcopy_cosdist[index][0]: 7 6 0.7978277843170996 0.7038336724545666
model_id_of_model7_used: 6
index,index2,cosdist[index][index2],deepcopy_cosdist[index][0]: 7 7 1 0.7038336724545666
model_id_of_model7_used: 7
index,index2,cosdist[index][index2],deepcopy_cosdist[index][0]: 7 8 0.8856337070857868 0.7038336724545666
model_id_of_model7_used: 8
index,index2,cosdist[index][index2],deepcopy_cosdist[index][0]: 7 9 0.7745567541999002 0.7038336724545666
model_id_of_model7_used: 9
index,index2,cosdist[index][index2],deepcopy_cosdist[index][0]: 7 10 0.8101101285717842 0.7038336724545666
model_id_of_model7_used: 10
index,index2,cosdist[index][index2],deepcopy_cosdist[index][0]: 7 11 0.9255278260558056 0.7038336724545666
model_id_of_model7_used: 11
index,index2,cosdist[index][index2],deepcopy_cosdist[index][0]: 7 12 0.9101264329192537 0.7038336724545666
model_id_of_model7_used: 12
index,index2,cosdist[index][index2],deepcopy_cosdist[index][0]: 7 13 0.7956211498469077 0.7038336724545666
model_id_of_model7_used: 13
index,index2,cosdist[index][index2],deepcopy_cosdist[index][0]: 7 14 0.7285364295753332 0.7038336724545666
model_id_of_model7_used: 14
index,index2,cosdist[index][index2],deepcopy_cosdist[index][0]: 7 15 0.914855659529823 0.7038336724545666
model_id_of_model7_used: 15
index,index2,cosdist[index][index2],deepcopy_cosdist[index][0]: 7 16 0.8603064168010524 0.7038336724545666
model_id_of_model7_used: 16
index,index2,cosdist[index][index2],deepcopy_cosdist[index][0]: 7 18 0.8098267343395157 0.7038336724545666
model_id_of_model7_used: 18
index,index2,cosdist[index][index2],deepcopy_cosdist[index][0]: 7 19 0.8746910784629628 0.7038336724545666
model_id_of_model7_used: 19
model_num of model 7 used
-- 19 --
min_max_sun of model 7 used: 2.767784294226493
index,index2,cosdist[index][index2],deepcopy_cosdist[index][0]: 8 0 0.9341243483065292 0.7466692051265708
model_id_of_model8_used: 0
index,index2,cosdist[index][index2],deepcopy_cosdist[index][0]: 8 1 0.8734747210302725 0.7466692051265708
model_id_of_model8_used: 1
index,index2,cosdist[index][index2],deepcopy_cosdist[index][0]: 8 2 0.8501690176473827 0.7466692051265708
model_id_of_model8_used: 2
index,index2,cosdist[index][index2],deepcopy_cosdist[index][0]: 8 3 0.9117591299467566 0.7466692051265708
model_id_of_model8_used: 3
