Namespace(conf='../conf/My_EMNIST_balance_conf.json', dataset='mnist', gpu=1.0, iid=True, use_pretrained_model=False)
X shape : (60000, 28, 28)
y shape : (60000,)
X shape : (10000, 28, 28)
y shape : (10000,)
19    6000
18    6000
17    6000
16    6000
15    6000
14    6000
13    6000
12    6000
11    6000
10    6000
dtype: int64
mod_private_classes: [array([17, 15]), array([10, 15]), array([13, 10]), array([10, 11]), array([11, 13]), array([10, 13]), array([17, 14]), array([16, 14]), array([19, 13]), array([15, 18]), array([11, 10]), array([12, 15]), array([10, 16]), array([18, 17]), array([14, 13]), array([12, 16]), array([11, 12]), array([17, 15]), array([13, 19]), array([13, 16])]
============================================================
============================================================
X shape : (2000, 28, 28)
y shape : (2000,)
X shape : (2000, 28, 28)
y shape : (2000,)
X shape : (2000, 28, 28)
y shape : (2000,)
X shape : (2000, 28, 28)
y shape : (2000,)
X shape : (2000, 28, 28)
y shape : (2000,)
X shape : (2000, 28, 28)
y shape : (2000,)
X shape : (2000, 28, 28)
y shape : (2000,)
X shape : (2000, 28, 28)
y shape : (2000,)
X shape : (2000, 28, 28)
y shape : (2000,)
X shape : (2000, 28, 28)
y shape : (2000,)
X shape : (2000, 28, 28)
y shape : (2000,)
X shape : (2000, 28, 28)
y shape : (2000,)
X shape : (2000, 28, 28)
y shape : (2000,)
X shape : (2000, 28, 28)
y shape : (2000,)
X shape : (2000, 28, 28)
y shape : (2000,)
X shape : (2000, 28, 28)
y shape : (2000,)
X shape : (2000, 28, 28)
y shape : (2000,)
X shape : (2000, 28, 28)
y shape : (2000,)
X shape : (2000, 28, 28)
y shape : (2000,)
X shape : (2000, 28, 28)
y shape : (2000,)
model 0 : ResNet18_1
model 1 : ResNet34_1
model 2 : mobilenet_1
model 3 : shufflenet_1
model 4 : ResNet18_2
model 5 : ResNet34_2
model 6 : mobilenet_2
model 7 : shufflenet_2
model 8 : ResNet18_3
model 9 : ResNet34_3
model 10 : mobilenet_3
model 11 : shufflenet_3
model 12 : ResNet18_4
model 13 : ResNet34_4
model 14 : mobilenet_4
model 15 : shufflenet_4
model 16 : ResNet18_5
model 17 : ResNet34_5
model 18 : mobilenet_5
model 19 : shufflenet_5
Training model  0
Training model  1
Training model  2
Training model  3
Training model  4
Training model  5
Training model  6
Training model  7
Training model  8
Training model  9
Training model  10
Training model  11
Training model  12
Training model  13
Training model  14
Training model  15
Training model  16
Training model  17
Training model  18
Training model  19
pre-train accuracy: 
[0.9919897151898734, 0.9931764240506329, 0.9879351265822784, 0.9862539556962026, 0.9903085443037974, 0.9911985759493671, 0.9889240506329114, 0.9906052215189873, 0.9890229430379747, 0.9923852848101266, 0.991495253164557, 0.9934731012658228, 0.9923852848101266, 0.9917919303797469, 0.9885284810126582, 0.9882318037974683, 0.9937697784810127, 0.9930775316455697, 0.9893196202531646, 0.991495253164557]
publice_dataset[y]: [5 0 4 ... 5 6 8]
calculate the theoretical upper bounds for participants: 
the upper bounds are: [0.7609126984126984, 0.8487103174603174, 0.6830357142857143, 0.8125, 0.9077380952380952, 0.7906746031746031, 0.2926587301587302, 0.22718253968253968, 0.8556547619047619, 0.6443452380952381, 0.2693452380952381, 0.5803571428571429, 0.5535714285714286, 0.6875, 0.3586309523809524, 0.18551587301587302, 0.5947420634920635, 0.6974206349206349, 0.7400793650793651, 0.5406746031746031]
start model initialization: 
finish model initialization: 
round  0
update logits ... 
cosdist:
[[1, 0.8324437652763892, 0.7932200117428254, 0.7990938785623245, 0.8118033625590606, 0.8062312495537803, 0.8474939260590951, 0.8478941111886295, 0.8609307549625657, 0.794716340266862, 0.8000241392524571, 0.9163292801892813, 0.8322229166033835, 0.7842437278102001, 0.8394506256936957, 0.8410071244845956, 0.8412336735847837, 0.8920091161503633, 0.8326573110033596, 0.8459261831225461], [0.8324437652763892, 1, 0.808414748977487, 0.7808644101873541, 0.7690477572603507, 0.8356557357217608, 0.8255311931989094, 0.7503596604931306, 0.809850061834936, 0.841056876523535, 0.752405433454014, 0.8050624061645489, 0.8529044356696642, 0.8209388350813878, 0.8171158899975256, 0.7445081552926532, 0.8024453330826146, 0.7623760548945453, 0.8219356969291304, 0.7383709289057876], [0.7932200117428254, 0.808414748977487, 1, 0.8319536857645912, 0.8648735438782658, 0.8807915419781094, 0.8611388543096391, 0.7769044694585578, 0.8340899855984294, 0.7419121300344597, 0.828751791067941, 0.7816957938920603, 0.8405398659461405, 0.759873277524048, 0.8838265957133703, 0.7898059301210542, 0.79329838619043, 0.7922374796606154, 0.8831356617367242, 0.8296197664258266], [0.7990938785623245, 0.7808644101873541, 0.8319536857645912, 1, 0.870277063000392, 0.8164110384838643, 0.794343901763736, 0.8694434265812515, 0.8397221679928273, 0.6877207582255231, 0.8866833374159641, 0.8470038660508957, 0.8776252674352523, 0.7162762327140938, 0.8195491260558165, 0.8647582837091727, 0.8767485916745348, 0.7458040275958225, 0.7894381813956399, 0.8348170888131659], [0.8118033625590606, 0.7690477572603507, 0.8648735438782658, 0.870277063000392, 1, 0.8592269409458716, 0.8000020114356181, 0.8168705780415819, 0.8756239138381889, 0.7071649050680971, 0.8359918225143617, 0.8089507859993063, 0.821217540782106, 0.6994736137884338, 0.8634650156960815, 0.8189175762395895, 0.8730890889542343, 0.7332841945459473, 0.8395992532487064, 0.871554884671998], [0.8062312495537803, 0.8356557357217608, 0.8807915419781094, 0.8164110384838643, 0.8592269409458716, 1, 0.7998387100545064, 0.7830330290885187, 0.8679066141865872, 0.7723858290015975, 0.8425679819437094, 0.8002661786300728, 0.8667216768553109, 0.7520188805416721, 0.8875423019757532, 0.798126963657916, 0.8099575371490709, 0.786215636021399, 0.8680048146829727, 0.8571519111009865], [0.8474939260590951, 0.8255311931989094, 0.8611388543096391, 0.794343901763736, 0.8000020114356181, 0.7998387100545064, 1, 0.8316322706447156, 0.8113051021355332, 0.7777698290833545, 0.8013294004085765, 0.822244762465317, 0.8331535213369682, 0.8460186166280941, 0.8817060192421688, 0.8176017142337386, 0.8311851234762689, 0.8094536252676414, 0.8630371507182836, 0.8007493357832586], [0.8478941111886295, 0.7503596604931306, 0.7769044694585578, 0.8694434265812515, 0.8168705780415819, 0.7830330290885187, 0.8316322706447156, 1, 0.8459784879292809, 0.7035209867920861, 0.8168404165951716, 0.8852098172622302, 0.8521583537186789, 0.7499329231150605, 0.8468445333178108, 0.922046168391557, 0.8407741060165282, 0.7536139285040181, 0.8245206097593282, 0.8914873117201744], [0.8609307549625657, 0.809850061834936, 0.8340899855984294, 0.8397221679928273, 0.8756239138381889, 0.8679066141865872, 0.8113051021355332, 0.8459784879292809, 1, 0.7719775474041113, 0.8359709921973555, 0.858894855618441, 0.8772133208324269, 0.7813576486698117, 0.8691195937173285, 0.8556494422435645, 0.8674882023248027, 0.7807191166171553, 0.9116230027044693, 0.8951094597115512], [0.794716340266862, 0.841056876523535, 0.7419121300344597, 0.6877207582255231, 0.7071649050680971, 0.7723858290015975, 0.7777698290833545, 0.7035209867920861, 0.7719775474041113, 1, 0.7176294051661509, 0.767147227462597, 0.7768295943898339, 0.8831094529736675, 0.7881482086883265, 0.7097462193808303, 0.7350881545819735, 0.7827689626118124, 0.8024525844686106, 0.7211403590216887], [0.8000241392524571, 0.752405433454014, 0.828751791067941, 0.8866833374159641, 0.8359918225143617, 0.8425679819437094, 0.8013294004085765, 0.8168404165951716, 0.8359709921973555, 0.7176294051661509, 1, 0.8091161460410045, 0.8704818364133432, 0.7125898949622054, 0.8319426833821637, 0.8358636682317663, 0.8353224169954986, 0.8220036300814122, 0.8149065323060978, 0.8393286047578107], [0.9163292801892813, 0.8050624061645489, 0.7816957938920603, 0.8470038660508957, 0.8089507859993063, 0.8002661786300728, 0.822244762465317, 0.8852098172622302, 0.858894855618441, 0.767147227462597, 0.8091161460410045, 1, 0.8436779756651874, 0.7728385336805444, 0.8233613763428577, 0.910183782280084, 0.8974542020143661, 0.8260994723895425, 0.8246738547666254, 0.8660725975452617], [0.8322229166033835, 0.8529044356696642, 0.8405398659461405, 0.8776252674352523, 0.821217540782106, 0.8667216768553109, 0.8331535213369682, 0.8521583537186789, 0.8772133208324269, 0.7768295943898339, 0.8704818364133432, 0.8436779756651874, 1, 0.7883678161432359, 0.8390401454323911, 0.8791025434736269, 0.8709846739277448, 0.7953834518246559, 0.8263712200498721, 0.8777631078940598], [0.7842437278102001, 0.8209388350813878, 0.759873277524048, 0.7162762327140938, 0.6994736137884338, 0.7520188805416721, 0.8460186166280941, 0.7499329231150605, 0.7813576486698117, 0.8831094529736675, 0.7125898949622054, 0.7728385336805444, 0.7883678161432359, 1, 0.7779471631829658, 0.7562140825461274, 0.7727244401868082, 0.7368037302328261, 0.8288552145479015, 0.7045657393730235], [0.8394506256936957, 0.8171158899975256, 0.8838265957133703, 0.8195491260558165, 0.8634650156960815, 0.8875423019757532, 0.8817060192421688, 0.8468445333178108, 0.8691195937173285, 0.7881482086883265, 0.8319426833821637, 0.8233613763428577, 0.8390401454323911, 0.7779471631829658, 1, 0.8309080890800725, 0.8338318873805579, 0.8253779316620448, 0.8839020424908368, 0.8537725336093075], [0.8410071244845956, 0.7445081552926532, 0.7898059301210542, 0.8647582837091727, 0.8189175762395895, 0.798126963657916, 0.8176017142337386, 0.922046168391557, 0.8556494422435645, 0.7097462193808303, 0.8358636682317663, 0.910183782280084, 0.8791025434736269, 0.7562140825461274, 0.8309080890800725, 1, 0.8994919715062117, 0.7866249689490844, 0.8210072918434815, 0.9173720129981698], [0.8412336735847837, 0.8024453330826146, 0.79329838619043, 0.8767485916745348, 0.8730890889542343, 0.8099575371490709, 0.8311851234762689, 0.8407741060165282, 0.8674882023248027, 0.7350881545819735, 0.8353224169954986, 0.8974542020143661, 0.8709846739277448, 0.7727244401868082, 0.8338318873805579, 0.8994919715062117, 1, 0.7607735526355112, 0.8182845983393687, 0.8470934432928205], [0.8920091161503633, 0.7623760548945453, 0.7922374796606154, 0.7458040275958225, 0.7332841945459473, 0.786215636021399, 0.8094536252676414, 0.7536139285040181, 0.7807191166171553, 0.7827689626118124, 0.8220036300814122, 0.8260994723895425, 0.7953834518246559, 0.7368037302328261, 0.8253779316620448, 0.7866249689490844, 0.7607735526355112, 1, 0.7919834451790615, 0.7800803396223295], [0.8326573110033596, 0.8219356969291304, 0.8831356617367242, 0.7894381813956399, 0.8395992532487064, 0.8680048146829727, 0.8630371507182836, 0.8245206097593282, 0.9116230027044693, 0.8024525844686106, 0.8149065323060978, 0.8246738547666254, 0.8263712200498721, 0.8288552145479015, 0.8839020424908368, 0.8210072918434815, 0.8182845983393687, 0.7919834451790615, 1, 0.8462564718418455], [0.8459261831225461, 0.7383709289057876, 0.8296197664258266, 0.8348170888131659, 0.871554884671998, 0.8571519111009865, 0.8007493357832586, 0.8914873117201744, 0.8951094597115512, 0.7211403590216887, 0.8393286047578107, 0.8660725975452617, 0.8777631078940598, 0.7045657393730235, 0.8537725336093075, 0.9173720129981698, 0.8470934432928205, 0.7800803396223295, 0.8462564718418455, 1]]
thresholdtopk: [0.8326573110033596, 0.808414748977487, 0.828751791067941, 0.8319536857645912, 0.821217540782106, 0.8164110384838643, 0.822244762465317, 0.8316322706447156, 0.8556494422435645, 0.7719775474041113, 0.828751791067941, 0.8246738547666254, 0.8436779756651874, 0.7727244401868082, 0.8390401454323911, 0.8309080890800725, 0.8353224169954986, 0.786215636021399, 0.8263712200498721, 0.8462564718418455]
index,index2,cosdist[index][index2],thresholdtopk[index]: 0 0 1 0.8326573110033596
model_id_of_model0_used: 0
index,index2,cosdist[index][index2],thresholdtopk[index]: 0 6 0.8474939260590951 0.8326573110033596
model_id_of_model0_used: 6
index,index2,cosdist[index][index2],thresholdtopk[index]: 0 7 0.8478941111886295 0.8326573110033596
model_id_of_model0_used: 7
index,index2,cosdist[index][index2],thresholdtopk[index]: 0 8 0.8609307549625657 0.8326573110033596
model_id_of_model0_used: 8
index,index2,cosdist[index][index2],thresholdtopk[index]: 0 11 0.9163292801892813 0.8326573110033596
model_id_of_model0_used: 11
index,index2,cosdist[index][index2],thresholdtopk[index]: 0 14 0.8394506256936957 0.8326573110033596
model_id_of_model0_used: 14
index,index2,cosdist[index][index2],thresholdtopk[index]: 0 15 0.8410071244845956 0.8326573110033596
model_id_of_model0_used: 15
index,index2,cosdist[index][index2],thresholdtopk[index]: 0 16 0.8412336735847837 0.8326573110033596
model_id_of_model0_used: 16
index,index2,cosdist[index][index2],thresholdtopk[index]: 0 17 0.8920091161503633 0.8326573110033596
model_id_of_model0_used: 17
index,index2,cosdist[index][index2],thresholdtopk[index]: 0 19 0.8459261831225461 0.8326573110033596
model_id_of_model0_used: 19
model_num of model 0 used
-- 10 --
index,index2,cosdist[index][index2],thresholdtopk[index]: 1 0 0.8324437652763892 0.808414748977487
model_id_of_model1_used: 0
index,index2,cosdist[index][index2],thresholdtopk[index]: 1 1 1 0.808414748977487
model_id_of_model1_used: 1
index,index2,cosdist[index][index2],thresholdtopk[index]: 1 5 0.8356557357217608 0.808414748977487
model_id_of_model1_used: 5
index,index2,cosdist[index][index2],thresholdtopk[index]: 1 6 0.8255311931989094 0.808414748977487
model_id_of_model1_used: 6
index,index2,cosdist[index][index2],thresholdtopk[index]: 1 8 0.809850061834936 0.808414748977487
model_id_of_model1_used: 8
index,index2,cosdist[index][index2],thresholdtopk[index]: 1 9 0.841056876523535 0.808414748977487
model_id_of_model1_used: 9
index,index2,cosdist[index][index2],thresholdtopk[index]: 1 12 0.8529044356696642 0.808414748977487
model_id_of_model1_used: 12
index,index2,cosdist[index][index2],thresholdtopk[index]: 1 13 0.8209388350813878 0.808414748977487
model_id_of_model1_used: 13
index,index2,cosdist[index][index2],thresholdtopk[index]: 1 14 0.8171158899975256 0.808414748977487
model_id_of_model1_used: 14
index,index2,cosdist[index][index2],thresholdtopk[index]: 1 18 0.8219356969291304 0.808414748977487
model_id_of_model1_used: 18
model_num of model 1 used
-- 10 --
index,index2,cosdist[index][index2],thresholdtopk[index]: 2 2 1 0.828751791067941
model_id_of_model2_used: 2
index,index2,cosdist[index][index2],thresholdtopk[index]: 2 3 0.8319536857645912 0.828751791067941
model_id_of_model2_used: 3
index,index2,cosdist[index][index2],thresholdtopk[index]: 2 4 0.8648735438782658 0.828751791067941
model_id_of_model2_used: 4
index,index2,cosdist[index][index2],thresholdtopk[index]: 2 5 0.8807915419781094 0.828751791067941
model_id_of_model2_used: 5
index,index2,cosdist[index][index2],thresholdtopk[index]: 2 6 0.8611388543096391 0.828751791067941
model_id_of_model2_used: 6
index,index2,cosdist[index][index2],thresholdtopk[index]: 2 8 0.8340899855984294 0.828751791067941
model_id_of_model2_used: 8
index,index2,cosdist[index][index2],thresholdtopk[index]: 2 12 0.8405398659461405 0.828751791067941
model_id_of_model2_used: 12
index,index2,cosdist[index][index2],thresholdtopk[index]: 2 14 0.8838265957133703 0.828751791067941
model_id_of_model2_used: 14
index,index2,cosdist[index][index2],thresholdtopk[index]: 2 18 0.8831356617367242 0.828751791067941
model_id_of_model2_used: 18
index,index2,cosdist[index][index2],thresholdtopk[index]: 2 19 0.8296197664258266 0.828751791067941
model_id_of_model2_used: 19
model_num of model 2 used
-- 10 --
index,index2,cosdist[index][index2],thresholdtopk[index]: 3 3 1 0.8319536857645912
model_id_of_model3_used: 3
index,index2,cosdist[index][index2],thresholdtopk[index]: 3 4 0.870277063000392 0.8319536857645912
model_id_of_model3_used: 4
index,index2,cosdist[index][index2],thresholdtopk[index]: 3 7 0.8694434265812515 0.8319536857645912
model_id_of_model3_used: 7
index,index2,cosdist[index][index2],thresholdtopk[index]: 3 8 0.8397221679928273 0.8319536857645912
model_id_of_model3_used: 8
index,index2,cosdist[index][index2],thresholdtopk[index]: 3 10 0.8866833374159641 0.8319536857645912
model_id_of_model3_used: 10
index,index2,cosdist[index][index2],thresholdtopk[index]: 3 11 0.8470038660508957 0.8319536857645912
model_id_of_model3_used: 11
index,index2,cosdist[index][index2],thresholdtopk[index]: 3 12 0.8776252674352523 0.8319536857645912
model_id_of_model3_used: 12
index,index2,cosdist[index][index2],thresholdtopk[index]: 3 15 0.8647582837091727 0.8319536857645912
model_id_of_model3_used: 15
index,index2,cosdist[index][index2],thresholdtopk[index]: 3 16 0.8767485916745348 0.8319536857645912
model_id_of_model3_used: 16
index,index2,cosdist[index][index2],thresholdtopk[index]: 3 19 0.8348170888131659 0.8319536857645912
model_id_of_model3_used: 19
model_num of model 3 used
-- 10 --
index,index2,cosdist[index][index2],thresholdtopk[index]: 4 2 0.8648735438782658 0.821217540782106
model_id_of_model4_used: 2
index,index2,cosdist[index][index2],thresholdtopk[index]: 4 3 0.870277063000392 0.821217540782106
model_id_of_model4_used: 3
index,index2,cosdist[index][index2],thresholdtopk[index]: 4 4 1 0.821217540782106
model_id_of_model4_used: 4
index,index2,cosdist[index][index2],thresholdtopk[index]: 4 5 0.8592269409458716 0.821217540782106
model_id_of_model4_used: 5
index,index2,cosdist[index][index2],thresholdtopk[index]: 4 8 0.8756239138381889 0.821217540782106
model_id_of_model4_used: 8
index,index2,cosdist[index][index2],thresholdtopk[index]: 4 10 0.8359918225143617 0.821217540782106
model_id_of_model4_used: 10
index,index2,cosdist[index][index2],thresholdtopk[index]: 4 14 0.8634650156960815 0.821217540782106
model_id_of_model4_used: 14
index,index2,cosdist[index][index2],thresholdtopk[index]: 4 16 0.8730890889542343 0.821217540782106
model_id_of_model4_used: 16
index,index2,cosdist[index][index2],thresholdtopk[index]: 4 18 0.8395992532487064 0.821217540782106
model_id_of_model4_used: 18
index,index2,cosdist[index][index2],thresholdtopk[index]: 4 19 0.871554884671998 0.821217540782106
model_id_of_model4_used: 19
model_num of model 4 used
-- 10 --
index,index2,cosdist[index][index2],thresholdtopk[index]: 5 1 0.8356557357217608 0.8164110384838643
model_id_of_model5_used: 1
index,index2,cosdist[index][index2],thresholdtopk[index]: 5 2 0.8807915419781094 0.8164110384838643
model_id_of_model5_used: 2
index,index2,cosdist[index][index2],thresholdtopk[index]: 5 4 0.8592269409458716 0.8164110384838643
model_id_of_model5_used: 4
index,index2,cosdist[index][index2],thresholdtopk[index]: 5 5 1 0.8164110384838643
model_id_of_model5_used: 5
index,index2,cosdist[index][index2],thresholdtopk[index]: 5 8 0.8679066141865872 0.8164110384838643
model_id_of_model5_used: 8
index,index2,cosdist[index][index2],thresholdtopk[index]: 5 10 0.8425679819437094 0.8164110384838643
model_id_of_model5_used: 10
index,index2,cosdist[index][index2],thresholdtopk[index]: 5 12 0.8667216768553109 0.8164110384838643
model_id_of_model5_used: 12
index,index2,cosdist[index][index2],thresholdtopk[index]: 5 14 0.8875423019757532 0.8164110384838643
model_id_of_model5_used: 14
index,index2,cosdist[index][index2],thresholdtopk[index]: 5 18 0.8680048146829727 0.8164110384838643
model_id_of_model5_used: 18
index,index2,cosdist[index][index2],thresholdtopk[index]: 5 19 0.8571519111009865 0.8164110384838643
model_id_of_model5_used: 19
model_num of model 5 used
-- 10 --
index,index2,cosdist[index][index2],thresholdtopk[index]: 6 0 0.8474939260590951 0.822244762465317
model_id_of_model6_used: 0
index,index2,cosdist[index][index2],thresholdtopk[index]: 6 1 0.8255311931989094 0.822244762465317
model_id_of_model6_used: 1
index,index2,cosdist[index][index2],thresholdtopk[index]: 6 2 0.8611388543096391 0.822244762465317
model_id_of_model6_used: 2
index,index2,cosdist[index][index2],thresholdtopk[index]: 6 6 1 0.822244762465317
model_id_of_model6_used: 6
index,index2,cosdist[index][index2],thresholdtopk[index]: 6 7 0.8316322706447156 0.822244762465317
model_id_of_model6_used: 7
index,index2,cosdist[index][index2],thresholdtopk[index]: 6 12 0.8331535213369682 0.822244762465317
model_id_of_model6_used: 12
index,index2,cosdist[index][index2],thresholdtopk[index]: 6 13 0.8460186166280941 0.822244762465317
model_id_of_model6_used: 13
index,index2,cosdist[index][index2],thresholdtopk[index]: 6 14 0.8817060192421688 0.822244762465317
model_id_of_model6_used: 14
index,index2,cosdist[index][index2],thresholdtopk[index]: 6 16 0.8311851234762689 0.822244762465317
model_id_of_model6_used: 16
index,index2,cosdist[index][index2],thresholdtopk[index]: 6 18 0.8630371507182836 0.822244762465317
model_id_of_model6_used: 18
model_num of model 6 used
-- 10 --
index,index2,cosdist[index][index2],thresholdtopk[index]: 7 0 0.8478941111886295 0.8316322706447156
model_id_of_model7_used: 0
index,index2,cosdist[index][index2],thresholdtopk[index]: 7 3 0.8694434265812515 0.8316322706447156
model_id_of_model7_used: 3
index,index2,cosdist[index][index2],thresholdtopk[index]: 7 7 1 0.8316322706447156
model_id_of_model7_used: 7
index,index2,cosdist[index][index2],thresholdtopk[index]: 7 8 0.8459784879292809 0.8316322706447156
model_id_of_model7_used: 8
index,index2,cosdist[index][index2],thresholdtopk[index]: 7 11 0.8852098172622302 0.8316322706447156
model_id_of_model7_used: 11
index,index2,cosdist[index][index2],thresholdtopk[index]: 7 12 0.8521583537186789 0.8316322706447156
model_id_of_model7_used: 12
index,index2,cosdist[index][index2],thresholdtopk[index]: 7 14 0.8468445333178108 0.8316322706447156
model_id_of_model7_used: 14
index,index2,cosdist[index][index2],thresholdtopk[index]: 7 15 0.922046168391557 0.8316322706447156
model_id_of_model7_used: 15
index,index2,cosdist[index][index2],thresholdtopk[index]: 7 16 0.8407741060165282 0.8316322706447156
model_id_of_model7_used: 16
index,index2,cosdist[index][index2],thresholdtopk[index]: 7 19 0.8914873117201744 0.8316322706447156
model_id_of_model7_used: 19
model_num of model 7 used
-- 10 --
index,index2,cosdist[index][index2],thresholdtopk[index]: 8 0 0.8609307549625657 0.8556494422435645
model_id_of_model8_used: 0
index,index2,cosdist[index][index2],thresholdtopk[index]: 8 4 0.8756239138381889 0.8556494422435645
model_id_of_model8_used: 4
index,index2,cosdist[index][index2],thresholdtopk[index]: 8 5 0.8679066141865872 0.8556494422435645
model_id_of_model8_used: 5
index,index2,cosdist[index][index2],thresholdtopk[index]: 8 8 1 0.8556494422435645
model_id_of_model8_used: 8
index,index2,cosdist[index][index2],thresholdtopk[index]: 8 11 0.858894855618441 0.8556494422435645
model_id_of_model8_used: 11
index,index2,cosdist[index][index2],thresholdtopk[index]: 8 12 0.8772133208324269 0.8556494422435645
model_id_of_model8_used: 12
index,index2,cosdist[index][index2],thresholdtopk[index]: 8 14 0.8691195937173285 0.8556494422435645
model_id_of_model8_used: 14
index,index2,cosdist[index][index2],thresholdtopk[index]: 8 16 0.8674882023248027 0.8556494422435645
model_id_of_model8_used: 16
index,index2,cosdist[index][index2],thresholdtopk[index]: 8 18 0.9116230027044693 0.8556494422435645
model_id_of_model8_used: 18
index,index2,cosdist[index][index2],thresholdtopk[index]: 8 19 0.8951094597115512 0.8556494422435645
model_id_of_model8_used: 19
model_num of model 8 used
-- 10 --
index,index2,cosdist[index][index2],thresholdtopk[index]: 9 0 0.794716340266862 0.7719775474041113
model_id_of_model9_used: 0
index,index2,cosdist[index][index2],thresholdtopk[index]: 9 1 0.841056876523535 0.7719775474041113
model_id_of_model9_used: 1
index,index2,cosdist[index][index2],thresholdtopk[index]: 9 5 0.7723858290015975 0.7719775474041113
model_id_of_model9_used: 5
index,index2,cosdist[index][index2],thresholdtopk[index]: 9 6 0.7777698290833545 0.7719775474041113
model_id_of_model9_used: 6
index,index2,cosdist[index][index2],thresholdtopk[index]: 9 9 1 0.7719775474041113
model_id_of_model9_used: 9
index,index2,cosdist[index][index2],thresholdtopk[index]: 9 12 0.7768295943898339 0.7719775474041113
model_id_of_model9_used: 12
index,index2,cosdist[index][index2],thresholdtopk[index]: 9 13 0.8831094529736675 0.7719775474041113
model_id_of_model9_used: 13
index,index2,cosdist[index][index2],thresholdtopk[index]: 9 14 0.7881482086883265 0.7719775474041113
model_id_of_model9_used: 14
index,index2,cosdist[index][index2],thresholdtopk[index]: 9 17 0.7827689626118124 0.7719775474041113
model_id_of_model9_used: 17
index,index2,cosdist[index][index2],thresholdtopk[index]: 9 18 0.8024525844686106 0.7719775474041113
model_id_of_model9_used: 18
model_num of model 9 used
-- 10 --
index,index2,cosdist[index][index2],thresholdtopk[index]: 10 3 0.8866833374159641 0.828751791067941
model_id_of_model10_used: 3
index,index2,cosdist[index][index2],thresholdtopk[index]: 10 4 0.8359918225143617 0.828751791067941
model_id_of_model10_used: 4
index,index2,cosdist[index][index2],thresholdtopk[index]: 10 5 0.8425679819437094 0.828751791067941
model_id_of_model10_used: 5
index,index2,cosdist[index][index2],thresholdtopk[index]: 10 8 0.8359709921973555 0.828751791067941
model_id_of_model10_used: 8
index,index2,cosdist[index][index2],thresholdtopk[index]: 10 10 1 0.828751791067941
model_id_of_model10_used: 10
index,index2,cosdist[index][index2],thresholdtopk[index]: 10 12 0.8704818364133432 0.828751791067941
model_id_of_model10_used: 12
index,index2,cosdist[index][index2],thresholdtopk[index]: 10 14 0.8319426833821637 0.828751791067941
model_id_of_model10_used: 14
index,index2,cosdist[index][index2],thresholdtopk[index]: 10 15 0.8358636682317663 0.828751791067941
model_id_of_model10_used: 15
index,index2,cosdist[index][index2],thresholdtopk[index]: 10 16 0.8353224169954986 0.828751791067941
model_id_of_model10_used: 16
index,index2,cosdist[index][index2],thresholdtopk[index]: 10 19 0.8393286047578107 0.828751791067941
model_id_of_model10_used: 19
model_num of model 10 used
-- 10 --
index,index2,cosdist[index][index2],thresholdtopk[index]: 11 0 0.9163292801892813 0.8246738547666254
model_id_of_model11_used: 0
index,index2,cosdist[index][index2],thresholdtopk[index]: 11 3 0.8470038660508957 0.8246738547666254
model_id_of_model11_used: 3
index,index2,cosdist[index][index2],thresholdtopk[index]: 11 7 0.8852098172622302 0.8246738547666254
model_id_of_model11_used: 7
index,index2,cosdist[index][index2],thresholdtopk[index]: 11 8 0.858894855618441 0.8246738547666254
model_id_of_model11_used: 8
index,index2,cosdist[index][index2],thresholdtopk[index]: 11 11 1 0.8246738547666254
model_id_of_model11_used: 11
index,index2,cosdist[index][index2],thresholdtopk[index]: 11 12 0.8436779756651874 0.8246738547666254
model_id_of_model11_used: 12
index,index2,cosdist[index][index2],thresholdtopk[index]: 11 15 0.910183782280084 0.8246738547666254
model_id_of_model11_used: 15
index,index2,cosdist[index][index2],thresholdtopk[index]: 11 16 0.8974542020143661 0.8246738547666254
model_id_of_model11_used: 16
index,index2,cosdist[index][index2],thresholdtopk[index]: 11 17 0.8260994723895425 0.8246738547666254
model_id_of_model11_used: 17
index,index2,cosdist[index][index2],thresholdtopk[index]: 11 19 0.8660725975452617 0.8246738547666254
model_id_of_model11_used: 19
model_num of model 11 used
-- 10 --
index,index2,cosdist[index][index2],thresholdtopk[index]: 12 1 0.8529044356696642 0.8436779756651874
model_id_of_model12_used: 1
index,index2,cosdist[index][index2],thresholdtopk[index]: 12 3 0.8776252674352523 0.8436779756651874
model_id_of_model12_used: 3
index,index2,cosdist[index][index2],thresholdtopk[index]: 12 5 0.8667216768553109 0.8436779756651874
model_id_of_model12_used: 5
index,index2,cosdist[index][index2],thresholdtopk[index]: 12 7 0.8521583537186789 0.8436779756651874
model_id_of_model12_used: 7
index,index2,cosdist[index][index2],thresholdtopk[index]: 12 8 0.8772133208324269 0.8436779756651874
model_id_of_model12_used: 8
index,index2,cosdist[index][index2],thresholdtopk[index]: 12 10 0.8704818364133432 0.8436779756651874
model_id_of_model12_used: 10
index,index2,cosdist[index][index2],thresholdtopk[index]: 12 12 1 0.8436779756651874
model_id_of_model12_used: 12
index,index2,cosdist[index][index2],thresholdtopk[index]: 12 15 0.8791025434736269 0.8436779756651874
model_id_of_model12_used: 15
index,index2,cosdist[index][index2],thresholdtopk[index]: 12 16 0.8709846739277448 0.8436779756651874
model_id_of_model12_used: 16
index,index2,cosdist[index][index2],thresholdtopk[index]: 12 19 0.8777631078940598 0.8436779756651874
model_id_of_model12_used: 19
model_num of model 12 used
-- 10 --
index,index2,cosdist[index][index2],thresholdtopk[index]: 13 0 0.7842437278102001 0.7727244401868082
model_id_of_model13_used: 0
index,index2,cosdist[index][index2],thresholdtopk[index]: 13 1 0.8209388350813878 0.7727244401868082
model_id_of_model13_used: 1
index,index2,cosdist[index][index2],thresholdtopk[index]: 13 6 0.8460186166280941 0.7727244401868082
model_id_of_model13_used: 6
index,index2,cosdist[index][index2],thresholdtopk[index]: 13 8 0.7813576486698117 0.7727244401868082
model_id_of_model13_used: 8
index,index2,cosdist[index][index2],thresholdtopk[index]: 13 9 0.8831094529736675 0.7727244401868082
model_id_of_model13_used: 9
index,index2,cosdist[index][index2],thresholdtopk[index]: 13 11 0.7728385336805444 0.7727244401868082
model_id_of_model13_used: 11
index,index2,cosdist[index][index2],thresholdtopk[index]: 13 12 0.7883678161432359 0.7727244401868082
model_id_of_model13_used: 12
index,index2,cosdist[index][index2],thresholdtopk[index]: 13 13 1 0.7727244401868082
model_id_of_model13_used: 13
index,index2,cosdist[index][index2],thresholdtopk[index]: 13 14 0.7779471631829658 0.7727244401868082
model_id_of_model13_used: 14
index,index2,cosdist[index][index2],thresholdtopk[index]: 13 18 0.8288552145479015 0.7727244401868082
model_id_of_model13_used: 18
model_num of model 13 used
-- 10 --
index,index2,cosdist[index][index2],thresholdtopk[index]: 14 0 0.8394506256936957 0.8390401454323911
model_id_of_model14_used: 0
index,index2,cosdist[index][index2],thresholdtopk[index]: 14 2 0.8838265957133703 0.8390401454323911
model_id_of_model14_used: 2
index,index2,cosdist[index][index2],thresholdtopk[index]: 14 4 0.8634650156960815 0.8390401454323911
model_id_of_model14_used: 4
index,index2,cosdist[index][index2],thresholdtopk[index]: 14 5 0.8875423019757532 0.8390401454323911
model_id_of_model14_used: 5
index,index2,cosdist[index][index2],thresholdtopk[index]: 14 6 0.8817060192421688 0.8390401454323911
model_id_of_model14_used: 6
index,index2,cosdist[index][index2],thresholdtopk[index]: 14 7 0.8468445333178108 0.8390401454323911
model_id_of_model14_used: 7
index,index2,cosdist[index][index2],thresholdtopk[index]: 14 8 0.8691195937173285 0.8390401454323911
model_id_of_model14_used: 8
index,index2,cosdist[index][index2],thresholdtopk[index]: 14 14 1 0.8390401454323911
model_id_of_model14_used: 14
index,index2,cosdist[index][index2],thresholdtopk[index]: 14 18 0.8839020424908368 0.8390401454323911
model_id_of_model14_used: 18
index,index2,cosdist[index][index2],thresholdtopk[index]: 14 19 0.8537725336093075 0.8390401454323911
model_id_of_model14_used: 19
model_num of model 14 used
-- 10 --
index,index2,cosdist[index][index2],thresholdtopk[index]: 15 0 0.8410071244845956 0.8309080890800725
model_id_of_model15_used: 0
index,index2,cosdist[index][index2],thresholdtopk[index]: 15 3 0.8647582837091727 0.8309080890800725
model_id_of_model15_used: 3
index,index2,cosdist[index][index2],thresholdtopk[index]: 15 7 0.922046168391557 0.8309080890800725
model_id_of_model15_used: 7
index,index2,cosdist[index][index2],thresholdtopk[index]: 15 8 0.8556494422435645 0.8309080890800725
model_id_of_model15_used: 8
index,index2,cosdist[index][index2],thresholdtopk[index]: 15 10 0.8358636682317663 0.8309080890800725
model_id_of_model15_used: 10
index,index2,cosdist[index][index2],thresholdtopk[index]: 15 11 0.910183782280084 0.8309080890800725
model_id_of_model15_used: 11
index,index2,cosdist[index][index2],thresholdtopk[index]: 15 12 0.8791025434736269 0.8309080890800725
model_id_of_model15_used: 12
index,index2,cosdist[index][index2],thresholdtopk[index]: 15 15 1 0.8309080890800725
model_id_of_model15_used: 15
index,index2,cosdist[index][index2],thresholdtopk[index]: 15 16 0.8994919715062117 0.8309080890800725
model_id_of_model15_used: 16
index,index2,cosdist[index][index2],thresholdtopk[index]: 15 19 0.9173720129981698 0.8309080890800725
model_id_of_model15_used: 19
model_num of model 15 used
-- 10 --
index,index2,cosdist[index][index2],thresholdtopk[index]: 16 0 0.8412336735847837 0.8353224169954986
model_id_of_model16_used: 0
index,index2,cosdist[index][index2],thresholdtopk[index]: 16 3 0.8767485916745348 0.8353224169954986
model_id_of_model16_used: 3
index,index2,cosdist[index][index2],thresholdtopk[index]: 16 4 0.8730890889542343 0.8353224169954986
model_id_of_model16_used: 4
index,index2,cosdist[index][index2],thresholdtopk[index]: 16 7 0.8407741060165282 0.8353224169954986
model_id_of_model16_used: 7
index,index2,cosdist[index][index2],thresholdtopk[index]: 16 8 0.8674882023248027 0.8353224169954986
model_id_of_model16_used: 8
index,index2,cosdist[index][index2],thresholdtopk[index]: 16 11 0.8974542020143661 0.8353224169954986
model_id_of_model16_used: 11
index,index2,cosdist[index][index2],thresholdtopk[index]: 16 12 0.8709846739277448 0.8353224169954986
model_id_of_model16_used: 12
index,index2,cosdist[index][index2],thresholdtopk[index]: 16 15 0.8994919715062117 0.8353224169954986
model_id_of_model16_used: 15
index,index2,cosdist[index][index2],thresholdtopk[index]: 16 16 1 0.8353224169954986
model_id_of_model16_used: 16
index,index2,cosdist[index][index2],thresholdtopk[index]: 16 19 0.8470934432928205 0.8353224169954986
model_id_of_model16_used: 19
model_num of model 16 used
-- 10 --
index,index2,cosdist[index][index2],thresholdtopk[index]: 17 0 0.8920091161503633 0.786215636021399
model_id_of_model17_used: 0
index,index2,cosdist[index][index2],thresholdtopk[index]: 17 2 0.7922374796606154 0.786215636021399
model_id_of_model17_used: 2
index,index2,cosdist[index][index2],thresholdtopk[index]: 17 6 0.8094536252676414 0.786215636021399
model_id_of_model17_used: 6
index,index2,cosdist[index][index2],thresholdtopk[index]: 17 10 0.8220036300814122 0.786215636021399
model_id_of_model17_used: 10
index,index2,cosdist[index][index2],thresholdtopk[index]: 17 11 0.8260994723895425 0.786215636021399
model_id_of_model17_used: 11
index,index2,cosdist[index][index2],thresholdtopk[index]: 17 12 0.7953834518246559 0.786215636021399
model_id_of_model17_used: 12
index,index2,cosdist[index][index2],thresholdtopk[index]: 17 14 0.8253779316620448 0.786215636021399
model_id_of_model17_used: 14
index,index2,cosdist[index][index2],thresholdtopk[index]: 17 15 0.7866249689490844 0.786215636021399
model_id_of_model17_used: 15
index,index2,cosdist[index][index2],thresholdtopk[index]: 17 17 1 0.786215636021399
model_id_of_model17_used: 17
index,index2,cosdist[index][index2],thresholdtopk[index]: 17 18 0.7919834451790615 0.786215636021399
model_id_of_model17_used: 18
model_num of model 17 used
-- 10 --
index,index2,cosdist[index][index2],thresholdtopk[index]: 18 0 0.8326573110033596 0.8263712200498721
model_id_of_model18_used: 0
index,index2,cosdist[index][index2],thresholdtopk[index]: 18 2 0.8831356617367242 0.8263712200498721
model_id_of_model18_used: 2
index,index2,cosdist[index][index2],thresholdtopk[index]: 18 4 0.8395992532487064 0.8263712200498721
model_id_of_model18_used: 4
index,index2,cosdist[index][index2],thresholdtopk[index]: 18 5 0.8680048146829727 0.8263712200498721
model_id_of_model18_used: 5
index,index2,cosdist[index][index2],thresholdtopk[index]: 18 6 0.8630371507182836 0.8263712200498721
model_id_of_model18_used: 6
index,index2,cosdist[index][index2],thresholdtopk[index]: 18 8 0.9116230027044693 0.8263712200498721
model_id_of_model18_used: 8
index,index2,cosdist[index][index2],thresholdtopk[index]: 18 13 0.8288552145479015 0.8263712200498721
model_id_of_model18_used: 13
index,index2,cosdist[index][index2],thresholdtopk[index]: 18 14 0.8839020424908368 0.8263712200498721
model_id_of_model18_used: 14
index,index2,cosdist[index][index2],thresholdtopk[index]: 18 18 1 0.8263712200498721
model_id_of_model18_used: 18
index,index2,cosdist[index][index2],thresholdtopk[index]: 18 19 0.8462564718418455 0.8263712200498721
model_id_of_model18_used: 19
model_num of model 18 used
-- 10 --
index,index2,cosdist[index][index2],thresholdtopk[index]: 19 4 0.871554884671998 0.8462564718418455
model_id_of_model19_used: 4
index,index2,cosdist[index][index2],thresholdtopk[index]: 19 5 0.8571519111009865 0.8462564718418455
model_id_of_model19_used: 5
index,index2,cosdist[index][index2],thresholdtopk[index]: 19 7 0.8914873117201744 0.8462564718418455
model_id_of_model19_used: 7
index,index2,cosdist[index][index2],thresholdtopk[index]: 19 8 0.8951094597115512 0.8462564718418455
model_id_of_model19_used: 8
index,index2,cosdist[index][index2],thresholdtopk[index]: 19 11 0.8660725975452617 0.8462564718418455
model_id_of_model19_used: 11
index,index2,cosdist[index][index2],thresholdtopk[index]: 19 12 0.8777631078940598 0.8462564718418455
model_id_of_model19_used: 12
index,index2,cosdist[index][index2],thresholdtopk[index]: 19 14 0.8537725336093075 0.8462564718418455
model_id_of_model19_used: 14
index,index2,cosdist[index][index2],thresholdtopk[index]: 19 15 0.9173720129981698 0.8462564718418455
model_id_of_model19_used: 15
index,index2,cosdist[index][index2],thresholdtopk[index]: 19 16 0.8470934432928205 0.8462564718418455
model_id_of_model19_used: 16
index,index2,cosdist[index][index2],thresholdtopk[index]: 19 19 1 0.8462564718418455
model_id_of_model19_used: 19
model_num of model 19 used
-- 10 --
test performance ... 
0.03720238095238095
0.29563492063492064
0.0
0.12549603174603174
0.21428571428571427
0.23958333333333334
0.0
0.0
0.042162698412698416
0.7127976190476191
0.0
0.0
0.022817460317460316
0.10168650793650794
0.0
0.000496031746031746
0.3725198412698413
0.21726190476190477
0.0
0.000496031746031746
updates models ...
model 0 starting alignment with public logits... 
model 0 done alignment
model 0 starting training with private data... 
model 0 done private training. 

model 1 starting alignment with public logits... 
model 1 done alignment
model 1 starting training with private data... 
model 1 done private training. 

model 2 starting alignment with public logits... 
model 2 done alignment
model 2 starting training with private data... 
model 2 done private training. 

model 3 starting alignment with public logits... 
model 3 done alignment
model 3 starting training with private data... 
model 3 done private training. 

model 4 starting alignment with public logits... 
model 4 done alignment
model 4 starting training with private data... 
model 4 done private training. 

model 5 starting alignment with public logits... 
model 5 done alignment
model 5 starting training with private data... 
model 5 done private training. 

model 6 starting alignment with public logits... 
model 6 done alignment
model 6 starting training with private data... 
model 6 done private training. 

model 7 starting alignment with public logits... 
model 7 done alignment
model 7 starting training with private data... 
model 7 done private training. 

model 8 starting alignment with public logits... 
model 8 done alignment
model 8 starting training with private data... 
model 8 done private training. 

model 9 starting alignment with public logits... 
model 9 done alignment
model 9 starting training with private data... 
model 9 done private training. 

model 10 starting alignment with public logits... 
model 10 done alignment
model 10 starting training with private data... 
model 10 done private training. 

model 11 starting alignment with public logits... 
model 11 done alignment
model 11 starting training with private data... 
model 11 done private training. 

model 12 starting alignment with public logits... 
model 12 done alignment
model 12 starting training with private data... 
