Namespace(conf='../conf/EMNIST_balance_conf.json', dataset='mnist', gpu=1.0, iid=True, use_pretrained_model=False)
X shape : (36000, 28, 28)
y shape : (36000,)
X shape : (6000, 28, 28)
y shape : (6000,)
15    6000
14    6000
13    6000
12    6000
11    6000
10    6000
dtype: int64
mod_private_class1: [10 11 12]
mod_private_class2: [13 14 15]
============================================================
============================================================
============================================================
X shape : (3000, 28, 28)
y shape : (3000,)
X shape : (3000, 28, 28)
y shape : (3000,)
model 0 : CNN_128_256
model 1 : CNN_128_384
model 2 : CNN_128_512
model 3 : CNN_256_256
model 4 : CNN_256_512
model 5 : CNN_64_128_256
model 6 : CNN_64_128_192
model 7 : CNN_128_192_256
model 8 : CNN_128_128_128
model 9 : CNN_128_128_192
Training model  0
Training model  1
Training model  2
Training model  3
Training model  4
Training model  5
Training model  6
Training model  7
Training model  8
Training model  9
pre-train accuracy: 
[0.9863528481012658, 0.9864517405063291, 0.9857594936708861, 0.9881329113924051, 0.9854628164556962, 0.9924841772151899, 0.9875395569620253, 0.9895174050632911, 0.9903085443037974, 0.9906052215189873]
publice_dataset[y]: [5 0 4 ... 5 6 8]
calculate the theoretical upper bounds for participants: 
the upper bounds are: [0.0, 0.0, 0.0, 0.0, 0.0, 0.0, 0.0, 0.0, 0.0, 0.0]
start model initialization: 
finish model initialization: 
round  0
update logits ... 
cosdist:
[[1, 0.9369726448679363, 0.9337158062133047, 0.9657554016839898, 0.9692012548121741, 0.8357944220130311, 0.7809753708183986, 0.7898632215201586, 0.7821532040045265, 0.7938482414513496], [0.9369726448679363, 1, 0.9887683264993049, 0.9784555015927129, 0.9786673943461762, 0.7504637948122466, 0.7522609364767531, 0.7408879307441739, 0.7143339797095716, 0.7265656710719277], [0.9337158062133047, 0.9887683264993049, 1, 0.9716126757722953, 0.9811967029905704, 0.7229739023340834, 0.7190562103732332, 0.706685923037051, 0.6792189743984992, 0.6934354101399749], [0.9657554016839898, 0.9784555015927129, 0.9716126757722953, 1, 0.9767156727889638, 0.8211460026987144, 0.8058387427250155, 0.8035073989117923, 0.7842107385417646, 0.7971825657507781], [0.9692012548121741, 0.9786673943461762, 0.9811967029905704, 0.9767156727889638, 1, 0.7834783757598054, 0.7591426665984317, 0.7582038277892232, 0.736325508103606, 0.748530910349018], [0.8357944220130311, 0.7504637948122466, 0.7229739023340834, 0.8211460026987144, 0.7834783757598054, 1, 0.9643691760572651, 0.9774359872244904, 0.9796170461497963, 0.9814605631452163], [0.7809753708183986, 0.7522609364767531, 0.7190562103732332, 0.8058387427250155, 0.7591426665984317, 0.9643691760572651, 1, 0.9871845684768794, 0.9803770077821972, 0.9830129855067193], [0.7898632215201586, 0.7408879307441739, 0.706685923037051, 0.8035073989117923, 0.7582038277892232, 0.9774359872244904, 0.9871845684768794, 1, 0.9848365805831513, 0.9876918626864686], [0.7821532040045265, 0.7143339797095716, 0.6792189743984992, 0.7842107385417646, 0.736325508103606, 0.9796170461497963, 0.9803770077821972, 0.9848365805831513, 1, 0.9892654868892727], [0.7938482414513496, 0.7265656710719277, 0.6934354101399749, 0.7971825657507781, 0.748530910349018, 0.9814605631452163, 0.9830129855067193, 0.9876918626864686, 0.9892654868892727, 1]]
thresholdtopk: [0.8357944220130311, 0.7522609364767531, 0.7229739023340834, 0.8211460026987144, 0.7834783757598054, 0.8357944220130311, 0.8058387427250155, 0.8035073989117923, 0.7842107385417646, 0.7971825657507781]
index,index2,cosdist[index][index2],thresholdtopk[index]: 0 0 1 0.8357944220130311
model_id_of_model0_used: 0
index,index2,cosdist[index][index2],thresholdtopk[index]: 0 1 0.9369726448679363 0.8357944220130311
model_id_of_model0_used: 1
index,index2,cosdist[index][index2],thresholdtopk[index]: 0 2 0.9337158062133047 0.8357944220130311
model_id_of_model0_used: 2
index,index2,cosdist[index][index2],thresholdtopk[index]: 0 3 0.9657554016839898 0.8357944220130311
model_id_of_model0_used: 3
index,index2,cosdist[index][index2],thresholdtopk[index]: 0 4 0.9692012548121741 0.8357944220130311
model_id_of_model0_used: 4
model_num of model 0 used
-- 5 --
index,index2,cosdist[index][index2],thresholdtopk[index]: 1 0 0.9369726448679363 0.7522609364767531
model_id_of_model1_used: 0
index,index2,cosdist[index][index2],thresholdtopk[index]: 1 1 1 0.7522609364767531
model_id_of_model1_used: 1
index,index2,cosdist[index][index2],thresholdtopk[index]: 1 2 0.9887683264993049 0.7522609364767531
model_id_of_model1_used: 2
index,index2,cosdist[index][index2],thresholdtopk[index]: 1 3 0.9784555015927129 0.7522609364767531
model_id_of_model1_used: 3
index,index2,cosdist[index][index2],thresholdtopk[index]: 1 4 0.9786673943461762 0.7522609364767531
model_id_of_model1_used: 4
model_num of model 1 used
-- 5 --
index,index2,cosdist[index][index2],thresholdtopk[index]: 2 0 0.9337158062133047 0.7229739023340834
model_id_of_model2_used: 0
index,index2,cosdist[index][index2],thresholdtopk[index]: 2 1 0.9887683264993049 0.7229739023340834
model_id_of_model2_used: 1
index,index2,cosdist[index][index2],thresholdtopk[index]: 2 2 1 0.7229739023340834
model_id_of_model2_used: 2
index,index2,cosdist[index][index2],thresholdtopk[index]: 2 3 0.9716126757722953 0.7229739023340834
model_id_of_model2_used: 3
index,index2,cosdist[index][index2],thresholdtopk[index]: 2 4 0.9811967029905704 0.7229739023340834
model_id_of_model2_used: 4
model_num of model 2 used
-- 5 --
index,index2,cosdist[index][index2],thresholdtopk[index]: 3 0 0.9657554016839898 0.8211460026987144
model_id_of_model3_used: 0
index,index2,cosdist[index][index2],thresholdtopk[index]: 3 1 0.9784555015927129 0.8211460026987144
model_id_of_model3_used: 1
index,index2,cosdist[index][index2],thresholdtopk[index]: 3 2 0.9716126757722953 0.8211460026987144
model_id_of_model3_used: 2
index,index2,cosdist[index][index2],thresholdtopk[index]: 3 3 1 0.8211460026987144
model_id_of_model3_used: 3
index,index2,cosdist[index][index2],thresholdtopk[index]: 3 4 0.9767156727889638 0.8211460026987144
model_id_of_model3_used: 4
model_num of model 3 used
-- 5 --
index,index2,cosdist[index][index2],thresholdtopk[index]: 4 0 0.9692012548121741 0.7834783757598054
model_id_of_model4_used: 0
index,index2,cosdist[index][index2],thresholdtopk[index]: 4 1 0.9786673943461762 0.7834783757598054
model_id_of_model4_used: 1
index,index2,cosdist[index][index2],thresholdtopk[index]: 4 2 0.9811967029905704 0.7834783757598054
model_id_of_model4_used: 2
index,index2,cosdist[index][index2],thresholdtopk[index]: 4 3 0.9767156727889638 0.7834783757598054
model_id_of_model4_used: 3
index,index2,cosdist[index][index2],thresholdtopk[index]: 4 4 1 0.7834783757598054
model_id_of_model4_used: 4
model_num of model 4 used
-- 5 --
index,index2,cosdist[index][index2],thresholdtopk[index]: 5 5 1 0.8357944220130311
model_id_of_model5_used: 5
index,index2,cosdist[index][index2],thresholdtopk[index]: 5 6 0.9643691760572651 0.8357944220130311
model_id_of_model5_used: 6
index,index2,cosdist[index][index2],thresholdtopk[index]: 5 7 0.9774359872244904 0.8357944220130311
model_id_of_model5_used: 7
index,index2,cosdist[index][index2],thresholdtopk[index]: 5 8 0.9796170461497963 0.8357944220130311
model_id_of_model5_used: 8
index,index2,cosdist[index][index2],thresholdtopk[index]: 5 9 0.9814605631452163 0.8357944220130311
model_id_of_model5_used: 9
model_num of model 5 used
-- 5 --
index,index2,cosdist[index][index2],thresholdtopk[index]: 6 5 0.9643691760572651 0.8058387427250155
model_id_of_model6_used: 5
index,index2,cosdist[index][index2],thresholdtopk[index]: 6 6 1 0.8058387427250155
model_id_of_model6_used: 6
index,index2,cosdist[index][index2],thresholdtopk[index]: 6 7 0.9871845684768794 0.8058387427250155
model_id_of_model6_used: 7
index,index2,cosdist[index][index2],thresholdtopk[index]: 6 8 0.9803770077821972 0.8058387427250155
model_id_of_model6_used: 8
index,index2,cosdist[index][index2],thresholdtopk[index]: 6 9 0.9830129855067193 0.8058387427250155
model_id_of_model6_used: 9
model_num of model 6 used
-- 5 --
index,index2,cosdist[index][index2],thresholdtopk[index]: 7 5 0.9774359872244904 0.8035073989117923
model_id_of_model7_used: 5
index,index2,cosdist[index][index2],thresholdtopk[index]: 7 6 0.9871845684768794 0.8035073989117923
model_id_of_model7_used: 6
index,index2,cosdist[index][index2],thresholdtopk[index]: 7 7 1 0.8035073989117923
model_id_of_model7_used: 7
index,index2,cosdist[index][index2],thresholdtopk[index]: 7 8 0.9848365805831513 0.8035073989117923
model_id_of_model7_used: 8
index,index2,cosdist[index][index2],thresholdtopk[index]: 7 9 0.9876918626864686 0.8035073989117923
model_id_of_model7_used: 9
model_num of model 7 used
-- 5 --
index,index2,cosdist[index][index2],thresholdtopk[index]: 8 5 0.9796170461497963 0.7842107385417646
model_id_of_model8_used: 5
index,index2,cosdist[index][index2],thresholdtopk[index]: 8 6 0.9803770077821972 0.7842107385417646
model_id_of_model8_used: 6
index,index2,cosdist[index][index2],thresholdtopk[index]: 8 7 0.9848365805831513 0.7842107385417646
model_id_of_model8_used: 7
index,index2,cosdist[index][index2],thresholdtopk[index]: 8 8 1 0.7842107385417646
model_id_of_model8_used: 8
index,index2,cosdist[index][index2],thresholdtopk[index]: 8 9 0.9892654868892727 0.7842107385417646
model_id_of_model8_used: 9
model_num of model 8 used
-- 5 --
index,index2,cosdist[index][index2],thresholdtopk[index]: 9 5 0.9814605631452163 0.7971825657507781
model_id_of_model9_used: 5
index,index2,cosdist[index][index2],thresholdtopk[index]: 9 6 0.9830129855067193 0.7971825657507781
model_id_of_model9_used: 6
index,index2,cosdist[index][index2],thresholdtopk[index]: 9 7 0.9876918626864686 0.7971825657507781
model_id_of_model9_used: 7
index,index2,cosdist[index][index2],thresholdtopk[index]: 9 8 0.9892654868892727 0.7971825657507781
model_id_of_model9_used: 8
index,index2,cosdist[index][index2],thresholdtopk[index]: 9 9 1 0.7971825657507781
model_id_of_model9_used: 9
model_num of model 9 used
-- 5 --
test performance ... 
model 0 use private_data_1 test
0.93195922006952
model 1 use private_data_1 test
0.8692375890752102
model 2 use private_data_1 test
0.875886525245423
model 3 use private_data_1 test
0.8429742912028698
model 4 use private_data_1 test
0.8982712765957447
model 5 use private_data_2 test
0.9048093975858486
model 6 use private_data_2 test
0.9240913124794655
model 7 use private_data_2 test
0.8829787234042553
model 8 use private_data_2 test
0.8392065604950519
model 9 use private_data_2 test
0.911790780564572
updates models ...
model 0 starting alignment with public logits... 
model 0 done alignment
model 0 starting training with private data... 
model 0 done private training. 

model 1 starting alignment with public logits... 
model 1 done alignment
model 1 starting training with private data... 
model 1 done private training. 

model 2 starting alignment with public logits... 
model 2 done alignment
model 2 starting training with private data... 
model 2 done private training. 

model 3 starting alignment with public logits... 
model 3 done alignment
model 3 starting training with private data... 
model 3 done private training. 

model 4 starting alignment with public logits... 
model 4 done alignment
model 4 starting training with private data... 
model 4 done private training. 

model 5 starting alignment with public logits... 
model 5 done alignment
model 5 starting training with private data... 
model 5 done private training. 

model 6 starting alignment with public logits... 
model 6 done alignment
model 6 starting training with private data... 
model 6 done private training. 

model 7 starting alignment with public logits... 
model 7 done alignment
model 7 starting training with private data... 
model 7 done private training. 

model 8 starting alignment with public logits... 
model 8 done alignment
model 8 starting training with private data... 
model 8 done private training. 

model 9 starting alignment with public logits... 
model 9 done alignment
model 9 starting training with private data... 
model 9 done private training. 

round  1
update logits ... 
cosdist:
[[1, 0.9914216602881919, 0.9913318395877513, 0.9931534557896131, 0.9896052924796338, 0.7790190525562393, 0.7964509639662521, 0.7840161943376889, 0.7976353905979415, 0.7859442158057984], [0.9914216602881919, 1, 0.9972253837575772, 0.9960470314875429, 0.9957465032298181, 0.780506752622053, 0.7953304476508468, 0.7817897341228564, 0.7962488114007347, 0.7847181380099659], [0.9913318395877513, 0.9972253837575772, 1, 0.9971181900588717, 0.9960595474256081, 0.7677996623461413, 0.7824873500973631, 0.770779376281375, 0.7854670688020151, 0.7736300874032007], [0.9931534557896131, 0.9960470314875429, 0.9971181900588717, 1, 0.9946267893547416, 0.7637409127452973, 0.778597321857204, 0.7661266755469845, 0.7814800552962344, 0.7691113749216776], [0.9896052924796338, 0.9957465032298181, 0.9960595474256081, 0.9946267893547416, 1, 0.7714536022084086, 0.7846993392635742, 0.7699863513442823, 0.7851501896904911, 0.7733249014244093], [0.7790190525562393, 0.780506752622053, 0.7677996623461413, 0.7637409127452973, 0.7714536022084086, 1, 0.9935207629134357, 0.9940077812347473, 0.9931109507913978, 0.9945991035281455], [0.7964509639662521, 0.7953304476508468, 0.7824873500973631, 0.778597321857204, 0.7846993392635742, 0.9935207629134357, 1, 0.9953895596941863, 0.9957551434649441, 0.995583867891068], [0.7840161943376889, 0.7817897341228564, 0.770779376281375, 0.7661266755469845, 0.7699863513442823, 0.9940077812347473, 0.9953895596941863, 1, 0.9967509390171184, 0.9975355448328146], [0.7976353905979415, 0.7962488114007347, 0.7854670688020151, 0.7814800552962344, 0.7851501896904911, 0.9931109507913978, 0.9957551434649441, 0.9967509390171184, 1, 0.9975526017685835], [0.7859442158057984, 0.7847181380099659, 0.7736300874032007, 0.7691113749216776, 0.7733249014244093, 0.9945991035281455, 0.995583867891068, 0.9975355448328146, 0.9975526017685835, 1]]
thresholdtopk: [0.7976353905979415, 0.7962488114007347, 0.7854670688020151, 0.7814800552962344, 0.7851501896904911, 0.780506752622053, 0.7964509639662521, 0.7840161943376889, 0.7976353905979415, 0.7859442158057984]
index,index2,cosdist[index][index2],thresholdtopk[index]: 0 0 1 0.7976353905979415
model_id_of_model0_used: 0
index,index2,cosdist[index][index2],thresholdtopk[index]: 0 1 0.9914216602881919 0.7976353905979415
model_id_of_model0_used: 1
index,index2,cosdist[index][index2],thresholdtopk[index]: 0 2 0.9913318395877513 0.7976353905979415
model_id_of_model0_used: 2
index,index2,cosdist[index][index2],thresholdtopk[index]: 0 3 0.9931534557896131 0.7976353905979415
model_id_of_model0_used: 3
index,index2,cosdist[index][index2],thresholdtopk[index]: 0 4 0.9896052924796338 0.7976353905979415
model_id_of_model0_used: 4
model_num of model 0 used
-- 5 --
index,index2,cosdist[index][index2],thresholdtopk[index]: 1 0 0.9914216602881919 0.7962488114007347
model_id_of_model1_used: 0
index,index2,cosdist[index][index2],thresholdtopk[index]: 1 1 1 0.7962488114007347
model_id_of_model1_used: 1
index,index2,cosdist[index][index2],thresholdtopk[index]: 1 2 0.9972253837575772 0.7962488114007347
model_id_of_model1_used: 2
index,index2,cosdist[index][index2],thresholdtopk[index]: 1 3 0.9960470314875429 0.7962488114007347
model_id_of_model1_used: 3
index,index2,cosdist[index][index2],thresholdtopk[index]: 1 4 0.9957465032298181 0.7962488114007347
model_id_of_model1_used: 4
model_num of model 1 used
-- 5 --
index,index2,cosdist[index][index2],thresholdtopk[index]: 2 0 0.9913318395877513 0.7854670688020151
model_id_of_model2_used: 0
index,index2,cosdist[index][index2],thresholdtopk[index]: 2 1 0.9972253837575772 0.7854670688020151
model_id_of_model2_used: 1
index,index2,cosdist[index][index2],thresholdtopk[index]: 2 2 1 0.7854670688020151
model_id_of_model2_used: 2
index,index2,cosdist[index][index2],thresholdtopk[index]: 2 3 0.9971181900588717 0.7854670688020151
model_id_of_model2_used: 3
index,index2,cosdist[index][index2],thresholdtopk[index]: 2 4 0.9960595474256081 0.7854670688020151
model_id_of_model2_used: 4
model_num of model 2 used
-- 5 --
index,index2,cosdist[index][index2],thresholdtopk[index]: 3 0 0.9931534557896131 0.7814800552962344
model_id_of_model3_used: 0
index,index2,cosdist[index][index2],thresholdtopk[index]: 3 1 0.9960470314875429 0.7814800552962344
model_id_of_model3_used: 1
index,index2,cosdist[index][index2],thresholdtopk[index]: 3 2 0.9971181900588717 0.7814800552962344
model_id_of_model3_used: 2
index,index2,cosdist[index][index2],thresholdtopk[index]: 3 3 1 0.7814800552962344
model_id_of_model3_used: 3
index,index2,cosdist[index][index2],thresholdtopk[index]: 3 4 0.9946267893547416 0.7814800552962344
model_id_of_model3_used: 4
model_num of model 3 used
-- 5 --
index,index2,cosdist[index][index2],thresholdtopk[index]: 4 0 0.9896052924796338 0.7851501896904911
model_id_of_model4_used: 0
index,index2,cosdist[index][index2],thresholdtopk[index]: 4 1 0.9957465032298181 0.7851501896904911
model_id_of_model4_used: 1
index,index2,cosdist[index][index2],thresholdtopk[index]: 4 2 0.9960595474256081 0.7851501896904911
model_id_of_model4_used: 2
index,index2,cosdist[index][index2],thresholdtopk[index]: 4 3 0.9946267893547416 0.7851501896904911
model_id_of_model4_used: 3
index,index2,cosdist[index][index2],thresholdtopk[index]: 4 4 1 0.7851501896904911
model_id_of_model4_used: 4
model_num of model 4 used
-- 5 --
index,index2,cosdist[index][index2],thresholdtopk[index]: 5 5 1 0.780506752622053
model_id_of_model5_used: 5
index,index2,cosdist[index][index2],thresholdtopk[index]: 5 6 0.9935207629134357 0.780506752622053
model_id_of_model5_used: 6
index,index2,cosdist[index][index2],thresholdtopk[index]: 5 7 0.9940077812347473 0.780506752622053
model_id_of_model5_used: 7
index,index2,cosdist[index][index2],thresholdtopk[index]: 5 8 0.9931109507913978 0.780506752622053
model_id_of_model5_used: 8
index,index2,cosdist[index][index2],thresholdtopk[index]: 5 9 0.9945991035281455 0.780506752622053
model_id_of_model5_used: 9
model_num of model 5 used
-- 5 --
index,index2,cosdist[index][index2],thresholdtopk[index]: 6 5 0.9935207629134357 0.7964509639662521
model_id_of_model6_used: 5
index,index2,cosdist[index][index2],thresholdtopk[index]: 6 6 1 0.7964509639662521
model_id_of_model6_used: 6
index,index2,cosdist[index][index2],thresholdtopk[index]: 6 7 0.9953895596941863 0.7964509639662521
model_id_of_model6_used: 7
index,index2,cosdist[index][index2],thresholdtopk[index]: 6 8 0.9957551434649441 0.7964509639662521
model_id_of_model6_used: 8
index,index2,cosdist[index][index2],thresholdtopk[index]: 6 9 0.995583867891068 0.7964509639662521
model_id_of_model6_used: 9
model_num of model 6 used
-- 5 --
index,index2,cosdist[index][index2],thresholdtopk[index]: 7 5 0.9940077812347473 0.7840161943376889
model_id_of_model7_used: 5
index,index2,cosdist[index][index2],thresholdtopk[index]: 7 6 0.9953895596941863 0.7840161943376889
model_id_of_model7_used: 6
index,index2,cosdist[index][index2],thresholdtopk[index]: 7 7 1 0.7840161943376889
model_id_of_model7_used: 7
index,index2,cosdist[index][index2],thresholdtopk[index]: 7 8 0.9967509390171184 0.7840161943376889
model_id_of_model7_used: 8
index,index2,cosdist[index][index2],thresholdtopk[index]: 7 9 0.9975355448328146 0.7840161943376889
model_id_of_model7_used: 9
model_num of model 7 used
-- 5 --
index,index2,cosdist[index][index2],thresholdtopk[index]: 8 5 0.9931109507913978 0.7976353905979415
model_id_of_model8_used: 5
index,index2,cosdist[index][index2],thresholdtopk[index]: 8 6 0.9957551434649441 0.7976353905979415
model_id_of_model8_used: 6
index,index2,cosdist[index][index2],thresholdtopk[index]: 8 7 0.9967509390171184 0.7976353905979415
model_id_of_model8_used: 7
index,index2,cosdist[index][index2],thresholdtopk[index]: 8 8 1 0.7976353905979415
model_id_of_model8_used: 8
index,index2,cosdist[index][index2],thresholdtopk[index]: 8 9 0.9975526017685835 0.7976353905979415
model_id_of_model8_used: 9
model_num of model 8 used
-- 5 --
index,index2,cosdist[index][index2],thresholdtopk[index]: 9 5 0.9945991035281455 0.7859442158057984
model_id_of_model9_used: 5
index,index2,cosdist[index][index2],thresholdtopk[index]: 9 6 0.995583867891068 0.7859442158057984
model_id_of_model9_used: 6
index,index2,cosdist[index][index2],thresholdtopk[index]: 9 7 0.9975355448328146 0.7859442158057984
model_id_of_model9_used: 7
index,index2,cosdist[index][index2],thresholdtopk[index]: 9 8 0.9975526017685835 0.7859442158057984
model_id_of_model9_used: 8
index,index2,cosdist[index][index2],thresholdtopk[index]: 9 9 1 0.7859442158057984
model_id_of_model9_used: 9
model_num of model 9 used
-- 5 --
test performance ... 
model 0 use private_data_1 test
0.925531914893617
model 1 use private_data_1 test
0.8700132978723404
model 2 use private_data_1 test
0.8472960997135082
model 3 use private_data_1 test
0.9087987592879762
model 4 use private_data_1 test
0.9450354614156358
model 5 use private_data_2 test
0.9298537234042553
model 6 use private_data_2 test
0.8949468085106383
model 7 use private_data_2 test
0.9307402486496783
model 8 use private_data_2 test
0.8447473404255319
model 9 use private_data_2 test
0.9280806741815932
updates models ...
model 0 starting alignment with public logits... 
model 0 done alignment
model 0 starting training with private data... 
model 0 done private training. 

model 1 starting alignment with public logits... 
model 1 done alignment
model 1 starting training with private data... 
model 1 done private training. 

model 2 starting alignment with public logits... 
model 2 done alignment
model 2 starting training with private data... 
model 2 done private training. 

model 3 starting alignment with public logits... 
model 3 done alignment
model 3 starting training with private data... 
model 3 done private training. 

model 4 starting alignment with public logits... 
model 4 done alignment
model 4 starting training with private data... 
model 4 done private training. 

model 5 starting alignment with public logits... 
model 5 done alignment
model 5 starting training with private data... 
model 5 done private training. 

model 6 starting alignment with public logits... 
model 6 done alignment
model 6 starting training with private data... 
model 6 done private training. 

model 7 starting alignment with public logits... 
model 7 done alignment
model 7 starting training with private data... 
model 7 done private training. 

model 8 starting alignment with public logits... 
model 8 done alignment
model 8 starting training with private data... 
model 8 done private training. 

model 9 starting alignment with public logits... 
model 9 done alignment
model 9 starting training with private data... 
model 9 done private training. 

round  2
update logits ... 
cosdist:
[[1, 0.997671455273217, 0.9976894886755447, 0.9980961356052779, 0.9980001403823988, 0.7852929262958588, 0.788507425107647, 0.7900386145605618, 0.7847323943614353, 0.7831900365259127], [0.997671455273217, 1, 0.999065327917687, 0.998863894513785, 0.9991808163533877, 0.7874300978610842, 0.7906253039196955, 0.7918735303341902, 0.7872099035615754, 0.7857557244909315], [0.9976894886755447, 0.999065327917687, 1, 0.9990212720869565, 0.9984774387281351, 0.7790061120752441, 0.7824140580524134, 0.783290648222228, 0.7786912371269709, 0.7770953057091277], [0.9980961356052779, 0.998863894513785, 0.9990212720869565, 1, 0.9983914210425731, 0.7836430735993097, 0.7872940976990758, 0.7882559333371444, 0.783651630096716, 0.7818936415514434], [0.9980001403823988, 0.9991808163533877, 0.9984774387281351, 0.9983914210425731, 1, 0.7835153860340076, 0.786561183877301, 0.7882827411954769, 0.783065625333175, 0.7817921051582728], [0.7852929262958588, 0.7874300978610842, 0.7790061120752441, 0.7836430735993097, 0.7835153860340076, 1, 0.9973326761288105, 0.9975848933555707, 0.9975485652951706, 0.9981815479878802], [0.788507425107647, 0.7906253039196955, 0.7824140580524134, 0.7872940976990758, 0.786561183877301, 0.9973326761288105, 1, 0.9976851063634957, 0.9963758132245701, 0.9982694702451425], [0.7900386145605618, 0.7918735303341902, 0.783290648222228, 0.7882559333371444, 0.7882827411954769, 0.9975848933555707, 0.9976851063634957, 1, 0.9961117021097371, 0.9985156705098247], [0.7847323943614353, 0.7872099035615754, 0.7786912371269709, 0.783651630096716, 0.783065625333175, 0.9975485652951706, 0.9963758132245701, 0.9961117021097371, 1, 0.9966376811314964], [0.7831900365259127, 0.7857557244909315, 0.7770953057091277, 0.7818936415514434, 0.7817921051582728, 0.9981815479878802, 0.9982694702451425, 0.9985156705098247, 0.9966376811314964, 1]]
thresholdtopk: [0.7900386145605618, 0.7918735303341902, 0.783290648222228, 0.7882559333371444, 0.7882827411954769, 0.7874300978610842, 0.7906253039196955, 0.7918735303341902, 0.7872099035615754, 0.7857557244909315]
index,index2,cosdist[index][index2],thresholdtopk[index]: 0 0 1 0.7900386145605618
model_id_of_model0_used: 0
index,index2,cosdist[index][index2],thresholdtopk[index]: 0 1 0.997671455273217 0.7900386145605618
model_id_of_model0_used: 1
index,index2,cosdist[index][index2],thresholdtopk[index]: 0 2 0.9976894886755447 0.7900386145605618
model_id_of_model0_used: 2
index,index2,cosdist[index][index2],thresholdtopk[index]: 0 3 0.9980961356052779 0.7900386145605618
model_id_of_model0_used: 3
index,index2,cosdist[index][index2],thresholdtopk[index]: 0 4 0.9980001403823988 0.7900386145605618
model_id_of_model0_used: 4
model_num of model 0 used
-- 5 --
index,index2,cosdist[index][index2],thresholdtopk[index]: 1 0 0.997671455273217 0.7918735303341902
model_id_of_model1_used: 0
index,index2,cosdist[index][index2],thresholdtopk[index]: 1 1 1 0.7918735303341902
model_id_of_model1_used: 1
index,index2,cosdist[index][index2],thresholdtopk[index]: 1 2 0.999065327917687 0.7918735303341902
model_id_of_model1_used: 2
index,index2,cosdist[index][index2],thresholdtopk[index]: 1 3 0.998863894513785 0.7918735303341902
model_id_of_model1_used: 3
index,index2,cosdist[index][index2],thresholdtopk[index]: 1 4 0.9991808163533877 0.7918735303341902
model_id_of_model1_used: 4
model_num of model 1 used
-- 5 --
index,index2,cosdist[index][index2],thresholdtopk[index]: 2 0 0.9976894886755447 0.783290648222228
model_id_of_model2_used: 0
index,index2,cosdist[index][index2],thresholdtopk[index]: 2 1 0.999065327917687 0.783290648222228
model_id_of_model2_used: 1
index,index2,cosdist[index][index2],thresholdtopk[index]: 2 2 1 0.783290648222228
model_id_of_model2_used: 2
index,index2,cosdist[index][index2],thresholdtopk[index]: 2 3 0.9990212720869565 0.783290648222228
model_id_of_model2_used: 3
index,index2,cosdist[index][index2],thresholdtopk[index]: 2 4 0.9984774387281351 0.783290648222228
model_id_of_model2_used: 4
model_num of model 2 used
-- 5 --
index,index2,cosdist[index][index2],thresholdtopk[index]: 3 0 0.9980961356052779 0.7882559333371444
model_id_of_model3_used: 0
index,index2,cosdist[index][index2],thresholdtopk[index]: 3 1 0.998863894513785 0.7882559333371444
model_id_of_model3_used: 1
index,index2,cosdist[index][index2],thresholdtopk[index]: 3 2 0.9990212720869565 0.7882559333371444
model_id_of_model3_used: 2
index,index2,cosdist[index][index2],thresholdtopk[index]: 3 3 1 0.7882559333371444
model_id_of_model3_used: 3
index,index2,cosdist[index][index2],thresholdtopk[index]: 3 4 0.9983914210425731 0.7882559333371444
model_id_of_model3_used: 4
model_num of model 3 used
-- 5 --
index,index2,cosdist[index][index2],thresholdtopk[index]: 4 0 0.9980001403823988 0.7882827411954769
model_id_of_model4_used: 0
index,index2,cosdist[index][index2],thresholdtopk[index]: 4 1 0.9991808163533877 0.7882827411954769
model_id_of_model4_used: 1
index,index2,cosdist[index][index2],thresholdtopk[index]: 4 2 0.9984774387281351 0.7882827411954769
model_id_of_model4_used: 2
index,index2,cosdist[index][index2],thresholdtopk[index]: 4 3 0.9983914210425731 0.7882827411954769
model_id_of_model4_used: 3
index,index2,cosdist[index][index2],thresholdtopk[index]: 4 4 1 0.7882827411954769
model_id_of_model4_used: 4
model_num of model 4 used
-- 5 --
index,index2,cosdist[index][index2],thresholdtopk[index]: 5 5 1 0.7874300978610842
model_id_of_model5_used: 5
index,index2,cosdist[index][index2],thresholdtopk[index]: 5 6 0.9973326761288105 0.7874300978610842
model_id_of_model5_used: 6
index,index2,cosdist[index][index2],thresholdtopk[index]: 5 7 0.9975848933555707 0.7874300978610842
model_id_of_model5_used: 7
index,index2,cosdist[index][index2],thresholdtopk[index]: 5 8 0.9975485652951706 0.7874300978610842
model_id_of_model5_used: 8
index,index2,cosdist[index][index2],thresholdtopk[index]: 5 9 0.9981815479878802 0.7874300978610842
model_id_of_model5_used: 9
model_num of model 5 used
-- 5 --
index,index2,cosdist[index][index2],thresholdtopk[index]: 6 5 0.9973326761288105 0.7906253039196955
model_id_of_model6_used: 5
index,index2,cosdist[index][index2],thresholdtopk[index]: 6 6 1 0.7906253039196955
model_id_of_model6_used: 6
index,index2,cosdist[index][index2],thresholdtopk[index]: 6 7 0.9976851063634957 0.7906253039196955
model_id_of_model6_used: 7
index,index2,cosdist[index][index2],thresholdtopk[index]: 6 8 0.9963758132245701 0.7906253039196955
model_id_of_model6_used: 8
index,index2,cosdist[index][index2],thresholdtopk[index]: 6 9 0.9982694702451425 0.7906253039196955
model_id_of_model6_used: 9
model_num of model 6 used
-- 5 --
index,index2,cosdist[index][index2],thresholdtopk[index]: 7 5 0.9975848933555707 0.7918735303341902
model_id_of_model7_used: 5
index,index2,cosdist[index][index2],thresholdtopk[index]: 7 6 0.9976851063634957 0.7918735303341902
model_id_of_model7_used: 6
index,index2,cosdist[index][index2],thresholdtopk[index]: 7 7 1 0.7918735303341902
model_id_of_model7_used: 7
index,index2,cosdist[index][index2],thresholdtopk[index]: 7 8 0.9961117021097371 0.7918735303341902
model_id_of_model7_used: 8
index,index2,cosdist[index][index2],thresholdtopk[index]: 7 9 0.9985156705098247 0.7918735303341902
model_id_of_model7_used: 9
model_num of model 7 used
-- 5 --
index,index2,cosdist[index][index2],thresholdtopk[index]: 8 5 0.9975485652951706 0.7872099035615754
model_id_of_model8_used: 5
index,index2,cosdist[index][index2],thresholdtopk[index]: 8 6 0.9963758132245701 0.7872099035615754
model_id_of_model8_used: 6
index,index2,cosdist[index][index2],thresholdtopk[index]: 8 7 0.9961117021097371 0.7872099035615754
model_id_of_model8_used: 7
index,index2,cosdist[index][index2],thresholdtopk[index]: 8 8 1 0.7872099035615754
model_id_of_model8_used: 8
index,index2,cosdist[index][index2],thresholdtopk[index]: 8 9 0.9966376811314964 0.7872099035615754
model_id_of_model8_used: 9
model_num of model 8 used
-- 5 --
index,index2,cosdist[index][index2],thresholdtopk[index]: 9 5 0.9981815479878802 0.7857557244909315
model_id_of_model9_used: 5
index,index2,cosdist[index][index2],thresholdtopk[index]: 9 6 0.9982694702451425 0.7857557244909315
model_id_of_model9_used: 6
index,index2,cosdist[index][index2],thresholdtopk[index]: 9 7 0.9985156705098247 0.7857557244909315
model_id_of_model9_used: 7
index,index2,cosdist[index][index2],thresholdtopk[index]: 9 8 0.9966376811314964 0.7857557244909315
model_id_of_model9_used: 8
index,index2,cosdist[index][index2],thresholdtopk[index]: 9 9 1 0.7857557244909315
model_id_of_model9_used: 9
model_num of model 9 used
-- 5 --
test performance ... 
model 0 use private_data_1 test
0.9234264188624443
model 1 use private_data_1 test
0.8996010638297872
model 2 use private_data_1 test
0.8697916668780307
model 3 use private_data_1 test
0.8779920212765957
model 4 use private_data_1 test
0.9243129434737754
model 5 use private_data_2 test
0.9285239361702128
model 6 use private_data_2 test
0.9309618796439881
model 7 use private_data_2 test
0.9178856382978723
model 8 use private_data_2 test
0.8487367021276596
model 9 use private_data_2 test
0.9327349295007422
updates models ...
model 0 starting alignment with public logits... 
model 0 done alignment
model 0 starting training with private data... 
model 0 done private training. 

model 1 starting alignment with public logits... 
model 1 done alignment
model 1 starting training with private data... 
model 1 done private training. 

model 2 starting alignment with public logits... 
model 2 done alignment
model 2 starting training with private data... 
model 2 done private training. 

model 3 starting alignment with public logits... 
model 3 done alignment
model 3 starting training with private data... 
model 3 done private training. 

model 4 starting alignment with public logits... 
model 4 done alignment
model 4 starting training with private data... 
model 4 done private training. 

model 5 starting alignment with public logits... 
model 5 done alignment
model 5 starting training with private data... 
model 5 done private training. 

model 6 starting alignment with public logits... 
model 6 done alignment
model 6 starting training with private data... 
model 6 done private training. 

model 7 starting alignment with public logits... 
model 7 done alignment
model 7 starting training with private data... 
model 7 done private training. 

model 8 starting alignment with public logits... 
model 8 done alignment
model 8 starting training with private data... 
model 8 done private training. 

model 9 starting alignment with public logits... 
model 9 done alignment
model 9 starting training with private data... 
model 9 done private training. 

round  3
update logits ... 
cosdist:
[[1, 0.9987690758973234, 0.998719707017376, 0.9988011918018798, 0.9989125943933033, 0.7852412043706164, 0.7874079459966461, 0.7853215723382504, 0.7879124848253228, 0.7859483462988481], [0.9987690758973234, 1, 0.9996695800868377, 0.9990744879662676, 0.999141999744868, 0.7872478703273863, 0.7897242924064319, 0.7875382805881773, 0.7901337135125327, 0.7881562786883997], [0.998719707017376, 0.9996695800868377, 1, 0.9987975954593877, 0.9992596135446508, 0.7827354026604891, 0.7849958712077295, 0.7828644914335471, 0.7854100340273004, 0.7834224668845279], [0.9988011918018798, 0.9990744879662676, 0.9987975954593877, 1, 0.9987556758841846, 0.7865373607695505, 0.7896701998100586, 0.7871129297217532, 0.7903448115193469, 0.787908729594393], [0.9989125943933033, 0.999141999744868, 0.9992596135446508, 0.9987556758841846, 1, 0.783856250665709, 0.7862286841296287, 0.7839505113640876, 0.7866827820351954, 0.7845943023393203], [0.7852412043706164, 0.7872478703273863, 0.7827354026604891, 0.7865373607695505, 0.783856250665709, 1, 0.9976630648273616, 0.9990277285463216, 0.9979980933823436, 0.998810251779237], [0.7874079459966461, 0.7897242924064319, 0.7849958712077295, 0.7896701998100586, 0.7862286841296287, 0.9976630648273616, 1, 0.9976412877509402, 0.9974709845722168, 0.9974445608274043], [0.7853215723382504, 0.7875382805881773, 0.7828644914335471, 0.7871129297217532, 0.7839505113640876, 0.9990277285463216, 0.9976412877509402, 1, 0.9990388146249471, 0.9994040126182455], [0.7879124848253228, 0.7901337135125327, 0.7854100340273004, 0.7903448115193469, 0.7866827820351954, 0.9979980933823436, 0.9974709845722168, 0.9990388146249471, 1, 0.9989951142976664], [0.7859483462988481, 0.7881562786883997, 0.7834224668845279, 0.787908729594393, 0.7845943023393203, 0.998810251779237, 0.9974445608274043, 0.9994040126182455, 0.9989951142976664, 1]]
thresholdtopk: [0.7879124848253228, 0.7901337135125327, 0.7854100340273004, 0.7903448115193469, 0.7866827820351954, 0.7872478703273863, 0.7897242924064319, 0.7875382805881773, 0.7903448115193469, 0.7881562786883997]
index,index2,cosdist[index][index2],thresholdtopk[index]: 0 0 1 0.7879124848253228
model_id_of_model0_used: 0
index,index2,cosdist[index][index2],thresholdtopk[index]: 0 1 0.9987690758973234 0.7879124848253228
model_id_of_model0_used: 1
index,index2,cosdist[index][index2],thresholdtopk[index]: 0 2 0.998719707017376 0.7879124848253228
model_id_of_model0_used: 2
index,index2,cosdist[index][index2],thresholdtopk[index]: 0 3 0.9988011918018798 0.7879124848253228
model_id_of_model0_used: 3
index,index2,cosdist[index][index2],thresholdtopk[index]: 0 4 0.9989125943933033 0.7879124848253228
model_id_of_model0_used: 4
model_num of model 0 used
-- 5 --
index,index2,cosdist[index][index2],thresholdtopk[index]: 1 0 0.9987690758973234 0.7901337135125327
model_id_of_model1_used: 0
index,index2,cosdist[index][index2],thresholdtopk[index]: 1 1 1 0.7901337135125327
model_id_of_model1_used: 1
index,index2,cosdist[index][index2],thresholdtopk[index]: 1 2 0.9996695800868377 0.7901337135125327
model_id_of_model1_used: 2
index,index2,cosdist[index][index2],thresholdtopk[index]: 1 3 0.9990744879662676 0.7901337135125327
model_id_of_model1_used: 3
index,index2,cosdist[index][index2],thresholdtopk[index]: 1 4 0.999141999744868 0.7901337135125327
model_id_of_model1_used: 4
model_num of model 1 used
-- 5 --
index,index2,cosdist[index][index2],thresholdtopk[index]: 2 0 0.998719707017376 0.7854100340273004
model_id_of_model2_used: 0
index,index2,cosdist[index][index2],thresholdtopk[index]: 2 1 0.9996695800868377 0.7854100340273004
model_id_of_model2_used: 1
index,index2,cosdist[index][index2],thresholdtopk[index]: 2 2 1 0.7854100340273004
model_id_of_model2_used: 2
index,index2,cosdist[index][index2],thresholdtopk[index]: 2 3 0.9987975954593877 0.7854100340273004
model_id_of_model2_used: 3
index,index2,cosdist[index][index2],thresholdtopk[index]: 2 4 0.9992596135446508 0.7854100340273004
model_id_of_model2_used: 4
model_num of model 2 used
-- 5 --
index,index2,cosdist[index][index2],thresholdtopk[index]: 3 0 0.9988011918018798 0.7903448115193469
model_id_of_model3_used: 0
index,index2,cosdist[index][index2],thresholdtopk[index]: 3 1 0.9990744879662676 0.7903448115193469
model_id_of_model3_used: 1
index,index2,cosdist[index][index2],thresholdtopk[index]: 3 2 0.9987975954593877 0.7903448115193469
model_id_of_model3_used: 2
index,index2,cosdist[index][index2],thresholdtopk[index]: 3 3 1 0.7903448115193469
model_id_of_model3_used: 3
index,index2,cosdist[index][index2],thresholdtopk[index]: 3 4 0.9987556758841846 0.7903448115193469
model_id_of_model3_used: 4
model_num of model 3 used
-- 5 --
index,index2,cosdist[index][index2],thresholdtopk[index]: 4 0 0.9989125943933033 0.7866827820351954
model_id_of_model4_used: 0
index,index2,cosdist[index][index2],thresholdtopk[index]: 4 1 0.999141999744868 0.7866827820351954
model_id_of_model4_used: 1
index,index2,cosdist[index][index2],thresholdtopk[index]: 4 2 0.9992596135446508 0.7866827820351954
model_id_of_model4_used: 2
index,index2,cosdist[index][index2],thresholdtopk[index]: 4 3 0.9987556758841846 0.7866827820351954
model_id_of_model4_used: 3
index,index2,cosdist[index][index2],thresholdtopk[index]: 4 4 1 0.7866827820351954
model_id_of_model4_used: 4
model_num of model 4 used
-- 5 --
index,index2,cosdist[index][index2],thresholdtopk[index]: 5 5 1 0.7872478703273863
model_id_of_model5_used: 5
index,index2,cosdist[index][index2],thresholdtopk[index]: 5 6 0.9976630648273616 0.7872478703273863
model_id_of_model5_used: 6
index,index2,cosdist[index][index2],thresholdtopk[index]: 5 7 0.9990277285463216 0.7872478703273863
model_id_of_model5_used: 7
index,index2,cosdist[index][index2],thresholdtopk[index]: 5 8 0.9979980933823436 0.7872478703273863
model_id_of_model5_used: 8
index,index2,cosdist[index][index2],thresholdtopk[index]: 5 9 0.998810251779237 0.7872478703273863
model_id_of_model5_used: 9
model_num of model 5 used
-- 5 --
index,index2,cosdist[index][index2],thresholdtopk[index]: 6 5 0.9976630648273616 0.7897242924064319
model_id_of_model6_used: 5
index,index2,cosdist[index][index2],thresholdtopk[index]: 6 6 1 0.7897242924064319
model_id_of_model6_used: 6
index,index2,cosdist[index][index2],thresholdtopk[index]: 6 7 0.9976412877509402 0.7897242924064319
model_id_of_model6_used: 7
