Namespace(conf='../conf/EMNIST_balance_conf.json', dataset='mnist', gpu=1.0, iid=True, use_pretrained_model=False)
X shape : (36000, 28, 28)
y shape : (36000,)
X shape : (6000, 28, 28)
y shape : (6000,)
15    6000
14    6000
13    6000
12    6000
11    6000
10    6000
dtype: int64
mod_private_class1: [10 11 12]
mod_private_class2: [13 14 15]
============================================================
============================================================
============================================================
X shape : (3000, 28, 28)
y shape : (3000,)
X shape : (3000, 28, 28)
y shape : (3000,)
model 0 : CNN_128_256
model 1 : CNN_128_384
model 2 : CNN_128_512
model 3 : CNN_256_256
model 4 : CNN_256_512
model 5 : CNN_64_128_256
model 6 : CNN_64_128_192
model 7 : CNN_128_192_256
model 8 : CNN_128_128_128
model 9 : CNN_128_128_192
Training model  0
Training model  1
Training model  2
Training model  3
Training model  4
Training model  5
Training model  6
Training model  7
Training model  8
Training model  9
pre-train accuracy: 
[0.9856606012658228, 0.9878362341772152, 0.9846716772151899, 0.9859572784810127, 0.9859572784810127, 0.9922863924050633, 0.9918908227848101, 0.9919897151898734, 0.9916930379746836, 0.9919897151898734]
publice_dataset[y]: [5 0 4 ... 5 6 8]
calculate the theoretical upper bounds for participants: 
the upper bounds are: [0.0, 0.0, 0.0, 0.0, 0.0, 0.0, 0.0, 0.0, 0.0, 0.0]
start model initialization: 
finish model initialization: 
round  0
update logits ... 
cosdist:
[[1, 0.9880075019734401, 0.966775432053523, 0.9778621096615878, 0.9826905128084826, 0.7973462819379329, 0.7885936223671433, 0.7706391248545013, 0.7840117408952939, 0.7922246874134107], [0.9880075019734401, 1, 0.9491623806878027, 0.9628575755495603, 0.9735286961042671, 0.8054823148163942, 0.7971729899285233, 0.7803141561123764, 0.7947863736941306, 0.8057852566001914], [0.966775432053523, 0.9491623806878027, 1, 0.983339121917338, 0.9689041861577342, 0.6880997396771137, 0.6801287346178405, 0.656137246656103, 0.6750624153799798, 0.674611204349084], [0.9778621096615878, 0.9628575755495603, 0.983339121917338, 1, 0.974434952895484, 0.7682136740173948, 0.7602543609165587, 0.7396086693786771, 0.7543800143831619, 0.7483649123354121], [0.9826905128084826, 0.9735286961042671, 0.9689041861577342, 0.974434952895484, 1, 0.7860072893504326, 0.7761075960200694, 0.7559935556724796, 0.7729951860728851, 0.7726993568419577], [0.7973462819379329, 0.8054823148163942, 0.6880997396771137, 0.7682136740173948, 0.7860072893504326, 1, 0.9881254002866774, 0.9855129501490761, 0.98644203428519, 0.9797472876559405], [0.7885936223671433, 0.7971729899285233, 0.6801287346178405, 0.7602543609165587, 0.7761075960200694, 0.9881254002866774, 1, 0.9893451920791362, 0.9881942680197529, 0.981699039641811], [0.7706391248545013, 0.7803141561123764, 0.656137246656103, 0.7396086693786771, 0.7559935556724796, 0.9855129501490761, 0.9893451920791362, 1, 0.9816196160072965, 0.9820492905915652], [0.7840117408952939, 0.7947863736941306, 0.6750624153799798, 0.7543800143831619, 0.7729951860728851, 0.98644203428519, 0.9881942680197529, 0.9816196160072965, 1, 0.9808301100544022], [0.7922246874134107, 0.8057852566001914, 0.674611204349084, 0.7483649123354121, 0.7726993568419577, 0.9797472876559405, 0.981699039641811, 0.9820492905915652, 0.9808301100544022, 1]]
thresholdtopk: [0.7973462819379329, 0.8057852566001914, 0.6880997396771137, 0.7682136740173948, 0.7860072893504326, 0.8054823148163942, 0.7971729899285233, 0.7803141561123764, 0.7947863736941306, 0.8057852566001914]
index,index2,cosdist[index][index2],thresholdtopk[index]: 0 0 1 0.7973462819379329
model_id_of_model0_used: 0
index,index2,cosdist[index][index2],thresholdtopk[index]: 0 1 0.9880075019734401 0.7973462819379329
model_id_of_model0_used: 1
index,index2,cosdist[index][index2],thresholdtopk[index]: 0 2 0.966775432053523 0.7973462819379329
model_id_of_model0_used: 2
index,index2,cosdist[index][index2],thresholdtopk[index]: 0 3 0.9778621096615878 0.7973462819379329
model_id_of_model0_used: 3
index,index2,cosdist[index][index2],thresholdtopk[index]: 0 4 0.9826905128084826 0.7973462819379329
model_id_of_model0_used: 4
model_num of model 0 used
-- 5 --
index,index2,cosdist[index][index2],thresholdtopk[index]: 1 0 0.9880075019734401 0.8057852566001914
model_id_of_model1_used: 0
index,index2,cosdist[index][index2],thresholdtopk[index]: 1 1 1 0.8057852566001914
model_id_of_model1_used: 1
index,index2,cosdist[index][index2],thresholdtopk[index]: 1 2 0.9491623806878027 0.8057852566001914
model_id_of_model1_used: 2
index,index2,cosdist[index][index2],thresholdtopk[index]: 1 3 0.9628575755495603 0.8057852566001914
model_id_of_model1_used: 3
index,index2,cosdist[index][index2],thresholdtopk[index]: 1 4 0.9735286961042671 0.8057852566001914
model_id_of_model1_used: 4
model_num of model 1 used
-- 5 --
index,index2,cosdist[index][index2],thresholdtopk[index]: 2 0 0.966775432053523 0.6880997396771137
model_id_of_model2_used: 0
index,index2,cosdist[index][index2],thresholdtopk[index]: 2 1 0.9491623806878027 0.6880997396771137
model_id_of_model2_used: 1
index,index2,cosdist[index][index2],thresholdtopk[index]: 2 2 1 0.6880997396771137
model_id_of_model2_used: 2
index,index2,cosdist[index][index2],thresholdtopk[index]: 2 3 0.983339121917338 0.6880997396771137
model_id_of_model2_used: 3
index,index2,cosdist[index][index2],thresholdtopk[index]: 2 4 0.9689041861577342 0.6880997396771137
model_id_of_model2_used: 4
model_num of model 2 used
-- 5 --
index,index2,cosdist[index][index2],thresholdtopk[index]: 3 0 0.9778621096615878 0.7682136740173948
model_id_of_model3_used: 0
index,index2,cosdist[index][index2],thresholdtopk[index]: 3 1 0.9628575755495603 0.7682136740173948
model_id_of_model3_used: 1
index,index2,cosdist[index][index2],thresholdtopk[index]: 3 2 0.983339121917338 0.7682136740173948
model_id_of_model3_used: 2
index,index2,cosdist[index][index2],thresholdtopk[index]: 3 3 1 0.7682136740173948
model_id_of_model3_used: 3
index,index2,cosdist[index][index2],thresholdtopk[index]: 3 4 0.974434952895484 0.7682136740173948
model_id_of_model3_used: 4
model_num of model 3 used
-- 5 --
index,index2,cosdist[index][index2],thresholdtopk[index]: 4 0 0.9826905128084826 0.7860072893504326
model_id_of_model4_used: 0
index,index2,cosdist[index][index2],thresholdtopk[index]: 4 1 0.9735286961042671 0.7860072893504326
model_id_of_model4_used: 1
index,index2,cosdist[index][index2],thresholdtopk[index]: 4 2 0.9689041861577342 0.7860072893504326
model_id_of_model4_used: 2
index,index2,cosdist[index][index2],thresholdtopk[index]: 4 3 0.974434952895484 0.7860072893504326
model_id_of_model4_used: 3
index,index2,cosdist[index][index2],thresholdtopk[index]: 4 4 1 0.7860072893504326
model_id_of_model4_used: 4
model_num of model 4 used
-- 5 --
index,index2,cosdist[index][index2],thresholdtopk[index]: 5 5 1 0.8054823148163942
model_id_of_model5_used: 5
index,index2,cosdist[index][index2],thresholdtopk[index]: 5 6 0.9881254002866774 0.8054823148163942
model_id_of_model5_used: 6
index,index2,cosdist[index][index2],thresholdtopk[index]: 5 7 0.9855129501490761 0.8054823148163942
model_id_of_model5_used: 7
index,index2,cosdist[index][index2],thresholdtopk[index]: 5 8 0.98644203428519 0.8054823148163942
model_id_of_model5_used: 8
index,index2,cosdist[index][index2],thresholdtopk[index]: 5 9 0.9797472876559405 0.8054823148163942
model_id_of_model5_used: 9
model_num of model 5 used
-- 5 --
index,index2,cosdist[index][index2],thresholdtopk[index]: 6 5 0.9881254002866774 0.7971729899285233
model_id_of_model6_used: 5
index,index2,cosdist[index][index2],thresholdtopk[index]: 6 6 1 0.7971729899285233
model_id_of_model6_used: 6
index,index2,cosdist[index][index2],thresholdtopk[index]: 6 7 0.9893451920791362 0.7971729899285233
model_id_of_model6_used: 7
index,index2,cosdist[index][index2],thresholdtopk[index]: 6 8 0.9881942680197529 0.7971729899285233
model_id_of_model6_used: 8
index,index2,cosdist[index][index2],thresholdtopk[index]: 6 9 0.981699039641811 0.7971729899285233
model_id_of_model6_used: 9
model_num of model 6 used
-- 5 --
index,index2,cosdist[index][index2],thresholdtopk[index]: 7 5 0.9855129501490761 0.7803141561123764
model_id_of_model7_used: 5
index,index2,cosdist[index][index2],thresholdtopk[index]: 7 6 0.9893451920791362 0.7803141561123764
model_id_of_model7_used: 6
index,index2,cosdist[index][index2],thresholdtopk[index]: 7 7 1 0.7803141561123764
model_id_of_model7_used: 7
index,index2,cosdist[index][index2],thresholdtopk[index]: 7 8 0.9816196160072965 0.7803141561123764
model_id_of_model7_used: 8
index,index2,cosdist[index][index2],thresholdtopk[index]: 7 9 0.9820492905915652 0.7803141561123764
model_id_of_model7_used: 9
model_num of model 7 used
-- 5 --
index,index2,cosdist[index][index2],thresholdtopk[index]: 8 5 0.98644203428519 0.7947863736941306
model_id_of_model8_used: 5
index,index2,cosdist[index][index2],thresholdtopk[index]: 8 6 0.9881942680197529 0.7947863736941306
model_id_of_model8_used: 6
index,index2,cosdist[index][index2],thresholdtopk[index]: 8 7 0.9816196160072965 0.7947863736941306
model_id_of_model8_used: 7
index,index2,cosdist[index][index2],thresholdtopk[index]: 8 8 1 0.7947863736941306
model_id_of_model8_used: 8
index,index2,cosdist[index][index2],thresholdtopk[index]: 8 9 0.9808301100544022 0.7947863736941306
model_id_of_model8_used: 9
model_num of model 8 used
-- 5 --
index,index2,cosdist[index][index2],thresholdtopk[index]: 9 5 0.9797472876559405 0.8057852566001914
model_id_of_model9_used: 5
index,index2,cosdist[index][index2],thresholdtopk[index]: 9 6 0.981699039641811 0.8057852566001914
model_id_of_model9_used: 6
index,index2,cosdist[index][index2],thresholdtopk[index]: 9 7 0.9820492905915652 0.8057852566001914
model_id_of_model9_used: 7
index,index2,cosdist[index][index2],thresholdtopk[index]: 9 8 0.9808301100544022 0.8057852566001914
model_id_of_model9_used: 8
index,index2,cosdist[index][index2],thresholdtopk[index]: 9 9 1 0.8057852566001914
model_id_of_model9_used: 9
model_num of model 9 used
-- 5 --
test performance ... 
model 0 use private_data_1 test
0.9038120571603167
model 1 use private_data_1 test
0.910904255319149
model 2 use private_data_1 test
0.9198803191489362
model 3 use private_data_1 test
0.9122340425531915
model 4 use private_data_1 test
0.8456338656709549
model 5 use private_data_2 test
0.8283466316284017
model 6 use private_data_2 test
0.928302305175903
model 7 use private_data_2 test
0.9169991136865413
model 8 use private_data_2 test
0.8578235817716476
model 9 use private_data_2 test
0.7693927307078179
updates models ...
model 0 starting alignment with public logits... 
model 0 done alignment
model 0 starting training with private data... 
model 0 done private training. 

model 1 starting alignment with public logits... 
model 1 done alignment
model 1 starting training with private data... 
model 1 done private training. 

model 2 starting alignment with public logits... 
model 2 done alignment
model 2 starting training with private data... 
model 2 done private training. 

model 3 starting alignment with public logits... 
model 3 done alignment
model 3 starting training with private data... 
model 3 done private training. 

model 4 starting alignment with public logits... 
model 4 done alignment
model 4 starting training with private data... 
model 4 done private training. 

model 5 starting alignment with public logits... 
model 5 done alignment
model 5 starting training with private data... 
model 5 done private training. 

model 6 starting alignment with public logits... 
model 6 done alignment
model 6 starting training with private data... 
model 6 done private training. 

model 7 starting alignment with public logits... 
model 7 done alignment
model 7 starting training with private data... 
model 7 done private training. 

model 8 starting alignment with public logits... 
model 8 done alignment
model 8 starting training with private data... 
model 8 done private training. 

model 9 starting alignment with public logits... 
model 9 done alignment
model 9 starting training with private data... 
model 9 done private training. 

round  1
update logits ... 
cosdist:
[[1, 0.9959956343608294, 0.9902754723657513, 0.9958088584805342, 0.994531023691639, 0.9815674926936018, 0.9832403816703691, 0.9848957392492106, 0.9795404715055468, 0.980137075322529], [0.9959956343608294, 1, 0.988650603631803, 0.9967156943598071, 0.9945808108311491, 0.9780062643526585, 0.9806850692881698, 0.9820432409931906, 0.9770539137998638, 0.9788584098167181], [0.9902754723657513, 0.988650603631803, 1, 0.991859198745687, 0.9861503581192224, 0.9836303380146073, 0.9852046271234878, 0.9845923505371061, 0.9819002598544471, 0.9812574975040567], [0.9958088584805342, 0.9967156943598071, 0.991859198745687, 1, 0.9947602942745531, 0.9830575123206691, 0.9845335419687478, 0.9860363134287741, 0.9824247443538248, 0.9823391458820274], [0.994531023691639, 0.9945808108311491, 0.9861503581192224, 0.9947602942745531, 1, 0.9748746885385531, 0.976982355287504, 0.9779812920018128, 0.9746893081905247, 0.9749205526871739], [0.9815674926936018, 0.9780062643526585, 0.9836303380146073, 0.9830575123206691, 0.9748746885385531, 1, 0.9963304382748197, 0.9950214798162805, 0.9921878771497654, 0.9914565845395794], [0.9832403816703691, 0.9806850692881698, 0.9852046271234878, 0.9845335419687478, 0.976982355287504, 0.9963304382748197, 1, 0.9965954092271174, 0.9939926947178092, 0.9946019505519433], [0.9848957392492106, 0.9820432409931906, 0.9845923505371061, 0.9860363134287741, 0.9779812920018128, 0.9950214798162805, 0.9965954092271174, 1, 0.9932759911092939, 0.9949398756026223], [0.9795404715055468, 0.9770539137998638, 0.9819002598544471, 0.9824247443538248, 0.9746893081905247, 0.9921878771497654, 0.9939926947178092, 0.9932759911092939, 1, 0.9952518908922806], [0.980137075322529, 0.9788584098167181, 0.9812574975040567, 0.9823391458820274, 0.9749205526871739, 0.9914565845395794, 0.9946019505519433, 0.9949398756026223, 0.9952518908922806, 1]]
thresholdtopk: [0.9848957392492106, 0.9820432409931906, 0.9852046271234878, 0.9860363134287741, 0.9779812920018128, 0.9836303380146073, 0.9852046271234878, 0.9860363134287741, 0.9824247443538248, 0.9823391458820274]
index,index2,cosdist[index][index2],thresholdtopk[index]: 0 0 1 0.9848957392492106
model_id_of_model0_used: 0
index,index2,cosdist[index][index2],thresholdtopk[index]: 0 1 0.9959956343608294 0.9848957392492106
model_id_of_model0_used: 1
index,index2,cosdist[index][index2],thresholdtopk[index]: 0 2 0.9902754723657513 0.9848957392492106
model_id_of_model0_used: 2
index,index2,cosdist[index][index2],thresholdtopk[index]: 0 3 0.9958088584805342 0.9848957392492106
model_id_of_model0_used: 3
index,index2,cosdist[index][index2],thresholdtopk[index]: 0 4 0.994531023691639 0.9848957392492106
model_id_of_model0_used: 4
model_num of model 0 used
-- 5 --
index,index2,cosdist[index][index2],thresholdtopk[index]: 1 0 0.9959956343608294 0.9820432409931906
model_id_of_model1_used: 0
index,index2,cosdist[index][index2],thresholdtopk[index]: 1 1 1 0.9820432409931906
model_id_of_model1_used: 1
index,index2,cosdist[index][index2],thresholdtopk[index]: 1 2 0.988650603631803 0.9820432409931906
model_id_of_model1_used: 2
index,index2,cosdist[index][index2],thresholdtopk[index]: 1 3 0.9967156943598071 0.9820432409931906
model_id_of_model1_used: 3
index,index2,cosdist[index][index2],thresholdtopk[index]: 1 4 0.9945808108311491 0.9820432409931906
model_id_of_model1_used: 4
model_num of model 1 used
-- 5 --
index,index2,cosdist[index][index2],thresholdtopk[index]: 2 0 0.9902754723657513 0.9852046271234878
model_id_of_model2_used: 0
index,index2,cosdist[index][index2],thresholdtopk[index]: 2 1 0.988650603631803 0.9852046271234878
model_id_of_model2_used: 1
index,index2,cosdist[index][index2],thresholdtopk[index]: 2 2 1 0.9852046271234878
model_id_of_model2_used: 2
index,index2,cosdist[index][index2],thresholdtopk[index]: 2 3 0.991859198745687 0.9852046271234878
model_id_of_model2_used: 3
index,index2,cosdist[index][index2],thresholdtopk[index]: 2 4 0.9861503581192224 0.9852046271234878
model_id_of_model2_used: 4
model_num of model 2 used
-- 5 --
index,index2,cosdist[index][index2],thresholdtopk[index]: 3 0 0.9958088584805342 0.9860363134287741
model_id_of_model3_used: 0
index,index2,cosdist[index][index2],thresholdtopk[index]: 3 1 0.9967156943598071 0.9860363134287741
model_id_of_model3_used: 1
index,index2,cosdist[index][index2],thresholdtopk[index]: 3 2 0.991859198745687 0.9860363134287741
model_id_of_model3_used: 2
index,index2,cosdist[index][index2],thresholdtopk[index]: 3 3 1 0.9860363134287741
model_id_of_model3_used: 3
index,index2,cosdist[index][index2],thresholdtopk[index]: 3 4 0.9947602942745531 0.9860363134287741
model_id_of_model3_used: 4
model_num of model 3 used
-- 5 --
index,index2,cosdist[index][index2],thresholdtopk[index]: 4 0 0.994531023691639 0.9779812920018128
model_id_of_model4_used: 0
index,index2,cosdist[index][index2],thresholdtopk[index]: 4 1 0.9945808108311491 0.9779812920018128
model_id_of_model4_used: 1
index,index2,cosdist[index][index2],thresholdtopk[index]: 4 2 0.9861503581192224 0.9779812920018128
model_id_of_model4_used: 2
index,index2,cosdist[index][index2],thresholdtopk[index]: 4 3 0.9947602942745531 0.9779812920018128
model_id_of_model4_used: 3
index,index2,cosdist[index][index2],thresholdtopk[index]: 4 4 1 0.9779812920018128
model_id_of_model4_used: 4
model_num of model 4 used
-- 5 --
index,index2,cosdist[index][index2],thresholdtopk[index]: 5 5 1 0.9836303380146073
model_id_of_model5_used: 5
index,index2,cosdist[index][index2],thresholdtopk[index]: 5 6 0.9963304382748197 0.9836303380146073
model_id_of_model5_used: 6
index,index2,cosdist[index][index2],thresholdtopk[index]: 5 7 0.9950214798162805 0.9836303380146073
model_id_of_model5_used: 7
index,index2,cosdist[index][index2],thresholdtopk[index]: 5 8 0.9921878771497654 0.9836303380146073
model_id_of_model5_used: 8
index,index2,cosdist[index][index2],thresholdtopk[index]: 5 9 0.9914565845395794 0.9836303380146073
model_id_of_model5_used: 9
model_num of model 5 used
-- 5 --
index,index2,cosdist[index][index2],thresholdtopk[index]: 6 5 0.9963304382748197 0.9852046271234878
model_id_of_model6_used: 5
index,index2,cosdist[index][index2],thresholdtopk[index]: 6 6 1 0.9852046271234878
model_id_of_model6_used: 6
index,index2,cosdist[index][index2],thresholdtopk[index]: 6 7 0.9965954092271174 0.9852046271234878
model_id_of_model6_used: 7
index,index2,cosdist[index][index2],thresholdtopk[index]: 6 8 0.9939926947178092 0.9852046271234878
model_id_of_model6_used: 8
index,index2,cosdist[index][index2],thresholdtopk[index]: 6 9 0.9946019505519433 0.9852046271234878
model_id_of_model6_used: 9
model_num of model 6 used
-- 5 --
index,index2,cosdist[index][index2],thresholdtopk[index]: 7 5 0.9950214798162805 0.9860363134287741
model_id_of_model7_used: 5
index,index2,cosdist[index][index2],thresholdtopk[index]: 7 6 0.9965954092271174 0.9860363134287741
model_id_of_model7_used: 6
index,index2,cosdist[index][index2],thresholdtopk[index]: 7 7 1 0.9860363134287741
model_id_of_model7_used: 7
index,index2,cosdist[index][index2],thresholdtopk[index]: 7 8 0.9932759911092939 0.9860363134287741
model_id_of_model7_used: 8
index,index2,cosdist[index][index2],thresholdtopk[index]: 7 9 0.9949398756026223 0.9860363134287741
model_id_of_model7_used: 9
model_num of model 7 used
-- 5 --
index,index2,cosdist[index][index2],thresholdtopk[index]: 8 5 0.9921878771497654 0.9824247443538248
model_id_of_model8_used: 5
index,index2,cosdist[index][index2],thresholdtopk[index]: 8 6 0.9939926947178092 0.9824247443538248
model_id_of_model8_used: 6
index,index2,cosdist[index][index2],thresholdtopk[index]: 8 7 0.9932759911092939 0.9824247443538248
model_id_of_model8_used: 7
index,index2,cosdist[index][index2],thresholdtopk[index]: 8 8 1 0.9824247443538248
model_id_of_model8_used: 8
index,index2,cosdist[index][index2],thresholdtopk[index]: 8 9 0.9952518908922806 0.9824247443538248
model_id_of_model8_used: 9
model_num of model 8 used
-- 5 --
index,index2,cosdist[index][index2],thresholdtopk[index]: 9 5 0.9914565845395794 0.9823391458820274
model_id_of_model9_used: 5
index,index2,cosdist[index][index2],thresholdtopk[index]: 9 6 0.9946019505519433 0.9823391458820274
model_id_of_model9_used: 6
index,index2,cosdist[index][index2],thresholdtopk[index]: 9 7 0.9949398756026223 0.9823391458820274
model_id_of_model9_used: 7
index,index2,cosdist[index][index2],thresholdtopk[index]: 9 8 0.9952518908922806 0.9823391458820274
model_id_of_model9_used: 8
index,index2,cosdist[index][index2],thresholdtopk[index]: 9 9 1 0.9823391458820274
model_id_of_model9_used: 9
model_num of model 9 used
-- 5 --
test performance ... 
model 0 use private_data_1 test
0.8963874115588817
model 1 use private_data_1 test
0.9225398936170213
model 2 use private_data_1 test
0.6729831562397328
model 3 use private_data_1 test
0.9258643617021277
model 4 use private_data_1 test
0.9017065604950519
model 5 use private_data_2 test
0.7836879434737754
model 6 use private_data_2 test
0.817154255319149
model 7 use private_data_2 test
0.8067375890752102
model 8 use private_data_2 test
0.4267508866305047
model 9 use private_data_2 test
0.6371897167347848
updates models ...
model 0 starting alignment with public logits... 
model 0 done alignment
model 0 starting training with private data... 
model 0 done private training. 

model 1 starting alignment with public logits... 
model 1 done alignment
model 1 starting training with private data... 
model 1 done private training. 

model 2 starting alignment with public logits... 
model 2 done alignment
model 2 starting training with private data... 
model 2 done private training. 

model 3 starting alignment with public logits... 
model 3 done alignment
model 3 starting training with private data... 
model 3 done private training. 

model 4 starting alignment with public logits... 
model 4 done alignment
model 4 starting training with private data... 
model 4 done private training. 

model 5 starting alignment with public logits... 
model 5 done alignment
model 5 starting training with private data... 
model 5 done private training. 

model 6 starting alignment with public logits... 
model 6 done alignment
model 6 starting training with private data... 
model 6 done private training. 

model 7 starting alignment with public logits... 
model 7 done alignment
model 7 starting training with private data... 
model 7 done private training. 

model 8 starting alignment with public logits... 
model 8 done alignment
model 8 starting training with private data... 
model 8 done private training. 

model 9 starting alignment with public logits... 
model 9 done alignment
model 9 starting training with private data... 
model 9 done private training. 

round  2
update logits ... 
cosdist:
[[1, 0.9984111504942516, 0.9979906463937138, 0.9979564000502938, 0.9982844716894206, 0.9924398742444064, 0.9926794761620391, 0.9924310277415733, 0.9935822633930445, 0.9932048919473222], [0.9984111504942516, 1, 0.9968913776494666, 0.9980621156649425, 0.9987388303170646, 0.9921872311126206, 0.9931675437031017, 0.9925354955973402, 0.993114817057358, 0.9937326803643788], [0.9979906463937138, 0.9968913776494666, 1, 0.9971845900862922, 0.9975292083333767, 0.9928882566521758, 0.9930838687664971, 0.9930554795798373, 0.993819952159483, 0.9930710256349875], [0.9979564000502938, 0.9980621156649425, 0.9971845900862922, 1, 0.9988042389589036, 0.9940742887528611, 0.9938803564160735, 0.9937855173521223, 0.9942069569907426, 0.9944832973917528], [0.9982844716894206, 0.9987388303170646, 0.9975292083333767, 0.9988042389589036, 1, 0.9931161552874311, 0.9937466070754536, 0.993085283217148, 0.9937625592207464, 0.9942650517630179], [0.9924398742444064, 0.9921872311126206, 0.9928882566521758, 0.9940742887528611, 0.9931161552874311, 1, 0.9980343501535948, 0.9985424213459305, 0.998145480190835, 0.9978491882878542], [0.9926794761620391, 0.9931675437031017, 0.9930838687664971, 0.9938803564160735, 0.9937466070754536, 0.9980343501535948, 1, 0.998083479814996, 0.9978495693526462, 0.9975614552025389], [0.9924310277415733, 0.9925354955973402, 0.9930554795798373, 0.9937855173521223, 0.993085283217148, 0.9985424213459305, 0.998083479814996, 1, 0.9980216195032863, 0.9981298796620306], [0.9935822633930445, 0.993114817057358, 0.993819952159483, 0.9942069569907426, 0.9937625592207464, 0.998145480190835, 0.9978495693526462, 0.9980216195032863, 1, 0.9978999477574972], [0.9932048919473222, 0.9937326803643788, 0.9930710256349875, 0.9944832973917528, 0.9942650517630179, 0.9978491882878542, 0.9975614552025389, 0.9981298796620306, 0.9978999477574972, 1]]
thresholdtopk: [0.9935822633930445, 0.9937326803643788, 0.993819952159483, 0.9944832973917528, 0.9942650517630179, 0.9940742887528611, 0.9938803564160735, 0.9937855173521223, 0.9942069569907426, 0.9944832973917528]
index,index2,cosdist[index][index2],thresholdtopk[index]: 0 0 1 0.9935822633930445
model_id_of_model0_used: 0
index,index2,cosdist[index][index2],thresholdtopk[index]: 0 1 0.9984111504942516 0.9935822633930445
model_id_of_model0_used: 1
index,index2,cosdist[index][index2],thresholdtopk[index]: 0 2 0.9979906463937138 0.9935822633930445
model_id_of_model0_used: 2
index,index2,cosdist[index][index2],thresholdtopk[index]: 0 3 0.9979564000502938 0.9935822633930445
model_id_of_model0_used: 3
index,index2,cosdist[index][index2],thresholdtopk[index]: 0 4 0.9982844716894206 0.9935822633930445
model_id_of_model0_used: 4
model_num of model 0 used
-- 5 --
index,index2,cosdist[index][index2],thresholdtopk[index]: 1 0 0.9984111504942516 0.9937326803643788
model_id_of_model1_used: 0
index,index2,cosdist[index][index2],thresholdtopk[index]: 1 1 1 0.9937326803643788
model_id_of_model1_used: 1
index,index2,cosdist[index][index2],thresholdtopk[index]: 1 2 0.9968913776494666 0.9937326803643788
model_id_of_model1_used: 2
index,index2,cosdist[index][index2],thresholdtopk[index]: 1 3 0.9980621156649425 0.9937326803643788
model_id_of_model1_used: 3
index,index2,cosdist[index][index2],thresholdtopk[index]: 1 4 0.9987388303170646 0.9937326803643788
model_id_of_model1_used: 4
model_num of model 1 used
-- 5 --
index,index2,cosdist[index][index2],thresholdtopk[index]: 2 0 0.9979906463937138 0.993819952159483
model_id_of_model2_used: 0
index,index2,cosdist[index][index2],thresholdtopk[index]: 2 1 0.9968913776494666 0.993819952159483
model_id_of_model2_used: 1
index,index2,cosdist[index][index2],thresholdtopk[index]: 2 2 1 0.993819952159483
model_id_of_model2_used: 2
index,index2,cosdist[index][index2],thresholdtopk[index]: 2 3 0.9971845900862922 0.993819952159483
model_id_of_model2_used: 3
index,index2,cosdist[index][index2],thresholdtopk[index]: 2 4 0.9975292083333767 0.993819952159483
model_id_of_model2_used: 4
model_num of model 2 used
-- 5 --
index,index2,cosdist[index][index2],thresholdtopk[index]: 3 0 0.9979564000502938 0.9944832973917528
model_id_of_model3_used: 0
index,index2,cosdist[index][index2],thresholdtopk[index]: 3 1 0.9980621156649425 0.9944832973917528
model_id_of_model3_used: 1
index,index2,cosdist[index][index2],thresholdtopk[index]: 3 2 0.9971845900862922 0.9944832973917528
model_id_of_model3_used: 2
index,index2,cosdist[index][index2],thresholdtopk[index]: 3 3 1 0.9944832973917528
model_id_of_model3_used: 3
index,index2,cosdist[index][index2],thresholdtopk[index]: 3 4 0.9988042389589036 0.9944832973917528
model_id_of_model3_used: 4
model_num of model 3 used
-- 5 --
index,index2,cosdist[index][index2],thresholdtopk[index]: 4 0 0.9982844716894206 0.9942650517630179
model_id_of_model4_used: 0
index,index2,cosdist[index][index2],thresholdtopk[index]: 4 1 0.9987388303170646 0.9942650517630179
model_id_of_model4_used: 1
index,index2,cosdist[index][index2],thresholdtopk[index]: 4 2 0.9975292083333767 0.9942650517630179
model_id_of_model4_used: 2
index,index2,cosdist[index][index2],thresholdtopk[index]: 4 3 0.9988042389589036 0.9942650517630179
model_id_of_model4_used: 3
index,index2,cosdist[index][index2],thresholdtopk[index]: 4 4 1 0.9942650517630179
model_id_of_model4_used: 4
model_num of model 4 used
-- 5 --
index,index2,cosdist[index][index2],thresholdtopk[index]: 5 5 1 0.9940742887528611
model_id_of_model5_used: 5
index,index2,cosdist[index][index2],thresholdtopk[index]: 5 6 0.9980343501535948 0.9940742887528611
model_id_of_model5_used: 6
index,index2,cosdist[index][index2],thresholdtopk[index]: 5 7 0.9985424213459305 0.9940742887528611
model_id_of_model5_used: 7
index,index2,cosdist[index][index2],thresholdtopk[index]: 5 8 0.998145480190835 0.9940742887528611
model_id_of_model5_used: 8
index,index2,cosdist[index][index2],thresholdtopk[index]: 5 9 0.9978491882878542 0.9940742887528611
model_id_of_model5_used: 9
model_num of model 5 used
-- 5 --
index,index2,cosdist[index][index2],thresholdtopk[index]: 6 5 0.9980343501535948 0.9938803564160735
model_id_of_model6_used: 5
index,index2,cosdist[index][index2],thresholdtopk[index]: 6 6 1 0.9938803564160735
model_id_of_model6_used: 6
index,index2,cosdist[index][index2],thresholdtopk[index]: 6 7 0.998083479814996 0.9938803564160735
model_id_of_model6_used: 7
index,index2,cosdist[index][index2],thresholdtopk[index]: 6 8 0.9978495693526462 0.9938803564160735
model_id_of_model6_used: 8
index,index2,cosdist[index][index2],thresholdtopk[index]: 6 9 0.9975614552025389 0.9938803564160735
model_id_of_model6_used: 9
model_num of model 6 used
-- 5 --
index,index2,cosdist[index][index2],thresholdtopk[index]: 7 5 0.9985424213459305 0.9937855173521223
model_id_of_model7_used: 5
index,index2,cosdist[index][index2],thresholdtopk[index]: 7 6 0.998083479814996 0.9937855173521223
model_id_of_model7_used: 6
index,index2,cosdist[index][index2],thresholdtopk[index]: 7 7 1 0.9937855173521223
model_id_of_model7_used: 7
index,index2,cosdist[index][index2],thresholdtopk[index]: 7 8 0.9980216195032863 0.9937855173521223
model_id_of_model7_used: 8
index,index2,cosdist[index][index2],thresholdtopk[index]: 7 9 0.9981298796620306 0.9937855173521223
model_id_of_model7_used: 9
model_num of model 7 used
-- 5 --
index,index2,cosdist[index][index2],thresholdtopk[index]: 8 5 0.998145480190835 0.9942069569907426
model_id_of_model8_used: 5
index,index2,cosdist[index][index2],thresholdtopk[index]: 8 6 0.9978495693526462 0.9942069569907426
model_id_of_model8_used: 6
index,index2,cosdist[index][index2],thresholdtopk[index]: 8 7 0.9980216195032863 0.9942069569907426
model_id_of_model8_used: 7
index,index2,cosdist[index][index2],thresholdtopk[index]: 8 8 1 0.9942069569907426
model_id_of_model8_used: 8
index,index2,cosdist[index][index2],thresholdtopk[index]: 8 9 0.9978999477574972 0.9942069569907426
model_id_of_model8_used: 9
model_num of model 8 used
-- 5 --
index,index2,cosdist[index][index2],thresholdtopk[index]: 9 5 0.9978491882878542 0.9944832973917528
model_id_of_model9_used: 5
index,index2,cosdist[index][index2],thresholdtopk[index]: 9 6 0.9975614552025389 0.9944832973917528
model_id_of_model9_used: 6
index,index2,cosdist[index][index2],thresholdtopk[index]: 9 7 0.9981298796620306 0.9944832973917528
model_id_of_model9_used: 7
index,index2,cosdist[index][index2],thresholdtopk[index]: 9 8 0.9978999477574972 0.9944832973917528
model_id_of_model9_used: 8
index,index2,cosdist[index][index2],thresholdtopk[index]: 9 9 1 0.9944832973917528
model_id_of_model9_used: 9
model_num of model 9 used
-- 5 --
test performance ... 
model 0 use private_data_1 test
0.914561170212766
model 1 use private_data_1 test
0.9249778370907966
model 2 use private_data_1 test
0.9269725179418604
model 3 use private_data_1 test
0.9299645392184562
model 4 use private_data_1 test
0.9236480498567541
model 5 use private_data_2 test
0.9055851063829787
model 6 use private_data_2 test
0.8955008869475507
model 7 use private_data_2 test
0.9168882978723404
model 8 use private_data_2 test
0.805186170212766
model 9 use private_data_2 test
0.8365469860269669
updates models ...
model 0 starting alignment with public logits... 
model 0 done alignment
model 0 starting training with private data... 
model 0 done private training. 

model 1 starting alignment with public logits... 
model 1 done alignment
model 1 starting training with private data... 
model 1 done private training. 

model 2 starting alignment with public logits... 
model 2 done alignment
model 2 starting training with private data... 
model 2 done private training. 

model 3 starting alignment with public logits... 
model 3 done alignment
model 3 starting training with private data... 
model 3 done private training. 

model 4 starting alignment with public logits... 
model 4 done alignment
model 4 starting training with private data... 
model 4 done private training. 

model 5 starting alignment with public logits... 
model 5 done alignment
model 5 starting training with private data... 
model 5 done private training. 

model 6 starting alignment with public logits... 
model 6 done alignment
model 6 starting training with private data... 
model 6 done private training. 

model 7 starting alignment with public logits... 
model 7 done alignment
model 7 starting training with private data... 
model 7 done private training. 

model 8 starting alignment with public logits... 
model 8 done alignment
model 8 starting training with private data... 
model 8 done private training. 

model 9 starting alignment with public logits... 
model 9 done alignment
model 9 starting training with private data... 
model 9 done private training. 

round  3
update logits ... 
cosdist:
[[1, 0.9989109153551898, 0.9983640825019483, 0.9990008278802249, 0.9987634261755867, 0.994878015725504, 0.9952440528443963, 0.9943787160171218, 0.9962554653389512, 0.9966682166258167], [0.9989109153551898, 1, 0.998434530923318, 0.9988538414868796, 0.9991044035610391, 0.9939556108023253, 0.9937298287598514, 0.9931531986614924, 0.9944629308509665, 0.9962190338814729], [0.9983640825019483, 0.998434530923318, 1, 0.998383180534737, 0.9988911023371372, 0.9924218106981069, 0.9924332394220398, 0.9911745022757692, 0.9938485491010967, 0.9948506873328936], [0.9990008278802249, 0.9988538414868796, 0.998383180534737, 1, 0.9985053382010489, 0.9935318875387527, 0.9939329114780371, 0.9926230793023665, 0.9953067745489999, 0.9959053885638562], [0.9987634261755867, 0.9991044035610391, 0.9988911023371372, 0.9985053382010489, 1, 0.9936882503091881, 0.9936172732002277, 0.9930573570387741, 0.9947303377163406, 0.9961306229720264], [0.994878015725504, 0.9939556108023253, 0.9924218106981069, 0.9935318875387527, 0.9936882503091881, 1, 0.9989435228519603, 0.9984314600300067, 0.9977537249232808, 0.998246841233804], [0.9952440528443963, 0.9937298287598514, 0.9924332394220398, 0.9939329114780371, 0.9936172732002277, 0.9989435228519603, 1, 0.9989635418958311, 0.9987646541337843, 0.9985923686511079], [0.9943787160171218, 0.9931531986614924, 0.9911745022757692, 0.9926230793023665, 0.9930573570387741, 0.9984314600300067, 0.9989635418958311, 1, 0.997968770174529, 0.9984648350319046], [0.9962554653389512, 0.9944629308509665, 0.9938485491010967, 0.9953067745489999, 0.9947303377163406, 0.9977537249232808, 0.9987646541337843, 0.997968770174529, 1, 0.9985937065834957], [0.9966682166258167, 0.9962190338814729, 0.9948506873328936, 0.9959053885638562, 0.9961306229720264, 0.998246841233804, 0.9985923686511079, 0.9984648350319046, 0.9985937065834957, 1]]
thresholdtopk: [0.9966682166258167, 0.9962190338814729, 0.9948506873328936, 0.9959053885638562, 0.9961306229720264, 0.994878015725504, 0.9952440528443963, 0.9943787160171218, 0.9962554653389512, 0.9966682166258167]
index,index2,cosdist[index][index2],thresholdtopk[index]: 0 0 1 0.9966682166258167
model_id_of_model0_used: 0
index,index2,cosdist[index][index2],thresholdtopk[index]: 0 1 0.9989109153551898 0.9966682166258167
model_id_of_model0_used: 1
index,index2,cosdist[index][index2],thresholdtopk[index]: 0 2 0.9983640825019483 0.9966682166258167
model_id_of_model0_used: 2
index,index2,cosdist[index][index2],thresholdtopk[index]: 0 3 0.9990008278802249 0.9966682166258167
model_id_of_model0_used: 3
index,index2,cosdist[index][index2],thresholdtopk[index]: 0 4 0.9987634261755867 0.9966682166258167
model_id_of_model0_used: 4
model_num of model 0 used
-- 5 --
index,index2,cosdist[index][index2],thresholdtopk[index]: 1 0 0.9989109153551898 0.9962190338814729
model_id_of_model1_used: 0
index,index2,cosdist[index][index2],thresholdtopk[index]: 1 1 1 0.9962190338814729
model_id_of_model1_used: 1
index,index2,cosdist[index][index2],thresholdtopk[index]: 1 2 0.998434530923318 0.9962190338814729
model_id_of_model1_used: 2
index,index2,cosdist[index][index2],thresholdtopk[index]: 1 3 0.9988538414868796 0.9962190338814729
model_id_of_model1_used: 3
index,index2,cosdist[index][index2],thresholdtopk[index]: 1 4 0.9991044035610391 0.9962190338814729
model_id_of_model1_used: 4
model_num of model 1 used
-- 5 --
index,index2,cosdist[index][index2],thresholdtopk[index]: 2 0 0.9983640825019483 0.9948506873328936
model_id_of_model2_used: 0
index,index2,cosdist[index][index2],thresholdtopk[index]: 2 1 0.998434530923318 0.9948506873328936
model_id_of_model2_used: 1
index,index2,cosdist[index][index2],thresholdtopk[index]: 2 2 1 0.9948506873328936
model_id_of_model2_used: 2
index,index2,cosdist[index][index2],thresholdtopk[index]: 2 3 0.998383180534737 0.9948506873328936
model_id_of_model2_used: 3
index,index2,cosdist[index][index2],thresholdtopk[index]: 2 4 0.9988911023371372 0.9948506873328936
model_id_of_model2_used: 4
model_num of model 2 used
-- 5 --
index,index2,cosdist[index][index2],thresholdtopk[index]: 3 0 0.9990008278802249 0.9959053885638562
model_id_of_model3_used: 0
index,index2,cosdist[index][index2],thresholdtopk[index]: 3 1 0.9988538414868796 0.9959053885638562
model_id_of_model3_used: 1
index,index2,cosdist[index][index2],thresholdtopk[index]: 3 2 0.998383180534737 0.9959053885638562
model_id_of_model3_used: 2
index,index2,cosdist[index][index2],thresholdtopk[index]: 3 3 1 0.9959053885638562
model_id_of_model3_used: 3
index,index2,cosdist[index][index2],thresholdtopk[index]: 3 4 0.9985053382010489 0.9959053885638562
model_id_of_model3_used: 4
model_num of model 3 used
-- 5 --
index,index2,cosdist[index][index2],thresholdtopk[index]: 4 0 0.9987634261755867 0.9961306229720264
model_id_of_model4_used: 0
index,index2,cosdist[index][index2],thresholdtopk[index]: 4 1 0.9991044035610391 0.9961306229720264
model_id_of_model4_used: 1
index,index2,cosdist[index][index2],thresholdtopk[index]: 4 2 0.9988911023371372 0.9961306229720264
model_id_of_model4_used: 2
index,index2,cosdist[index][index2],thresholdtopk[index]: 4 3 0.9985053382010489 0.9961306229720264
model_id_of_model4_used: 3
index,index2,cosdist[index][index2],thresholdtopk[index]: 4 4 1 0.9961306229720264
model_id_of_model4_used: 4
model_num of model 4 used
-- 5 --
index,index2,cosdist[index][index2],thresholdtopk[index]: 5 5 1 0.994878015725504
model_id_of_model5_used: 5
index,index2,cosdist[index][index2],thresholdtopk[index]: 5 6 0.9989435228519603 0.994878015725504
model_id_of_model5_used: 6
index,index2,cosdist[index][index2],thresholdtopk[index]: 5 7 0.9984314600300067 0.994878015725504
model_id_of_model5_used: 7
index,index2,cosdist[index][index2],thresholdtopk[index]: 5 8 0.9977537249232808 0.994878015725504
model_id_of_model5_used: 8
index,index2,cosdist[index][index2],thresholdtopk[index]: 5 9 0.998246841233804 0.994878015725504
model_id_of_model5_used: 9
model_num of model 5 used
-- 5 --
index,index2,cosdist[index][index2],thresholdtopk[index]: 6 5 0.9989435228519603 0.9952440528443963
model_id_of_model6_used: 5
index,index2,cosdist[index][index2],thresholdtopk[index]: 6 6 1 0.9952440528443963
model_id_of_model6_used: 6
index,index2,cosdist[index][index2],thresholdtopk[index]: 6 7 0.9989635418958311 0.9952440528443963
model_id_of_model6_used: 7
