Namespace(conf='../conf/EMNIST_balance_conf.json', dataset='mnist', gpu=1.0, iid=True, use_pretrained_model=False)
X shape : (36000, 28, 28)
y shape : (36000,)
X shape : (6000, 28, 28)
y shape : (6000,)
15    6000
14    6000
13    6000
12    6000
11    6000
10    6000
dtype: int64
mod_private_class1: [10 11 12]
mod_private_class2: [13 14 15]
============================================================
============================================================
============================================================
X shape : (3000, 28, 28)
y shape : (3000,)
X shape : (3000, 28, 28)
y shape : (3000,)
model 0 : CNN_128_256
model 1 : CNN_128_384
model 2 : CNN_128_512
model 3 : CNN_256_256
model 4 : CNN_256_512
model 5 : CNN_64_128_256
model 6 : CNN_64_128_192
model 7 : CNN_128_192_256
model 8 : CNN_128_128_128
model 9 : CNN_128_128_192
Training model  0
Training model  1
Training model  2
Training model  3
Training model  4
Training model  5
Training model  6
Training model  7
Training model  8
Training model  9
pre-train accuracy: 
[0.9865506329113924, 0.9876384493670886, 0.986056170886076, 0.9875395569620253, 0.9854628164556962, 0.989814082278481, 0.9901107594936709, 0.9918908227848101, 0.9910007911392406, 0.9910996835443038]
publice_dataset[y]: [5 0 4 ... 5 6 8]
calculate the theoretical upper bounds for participants: 
the upper bounds are: [0.0, 0.0, 0.0, 0.0, 0.0, 0.0, 0.0, 0.0, 0.0, 0.0]
start model initialization: 
finish model initialization: 
round  0
update logits ... 
cosdist:
[[1, 0.9866763607435727, 0.984528801841497, 0.9691827746427142, 0.9872687289104336, 0.7819559951059204, 0.7589713944621771, 0.7885184879753053, 0.7503997725232673, 0.77116963773253], [0.9866763607435727, 1, 0.9851728584939692, 0.950799755653139, 0.9817307306286988, 0.7601065198757064, 0.732538570688413, 0.7515856465884768, 0.7204398733659635, 0.7394719988459039], [0.984528801841497, 0.9851728584939692, 1, 0.9391305132617337, 0.9786151770420475, 0.7231085187313623, 0.6915736021504774, 0.7218314035697462, 0.6847320110071656, 0.7053362122879074], [0.9691827746427142, 0.950799755653139, 0.9391305132617337, 1, 0.9704602506841972, 0.8074023565111081, 0.7936494172928656, 0.8469873522640626, 0.7955746441006492, 0.8238195311291944], [0.9872687289104336, 0.9817307306286988, 0.9786151770420475, 0.9704602506841972, 1, 0.7743650316506014, 0.7496649870444134, 0.7883858283353814, 0.7442030426232955, 0.7670076050787817], [0.7819559951059204, 0.7601065198757064, 0.7231085187313623, 0.8074023565111081, 0.7743650316506014, 1, 0.9875120419734965, 0.9555723902749714, 0.986671783374779, 0.975264028423059], [0.7589713944621771, 0.732538570688413, 0.6915736021504774, 0.7936494172928656, 0.7496649870444134, 0.9875120419734965, 1, 0.954030044155744, 0.9873756640531437, 0.9758372354227843], [0.7885184879753053, 0.7515856465884768, 0.7218314035697462, 0.8469873522640626, 0.7883858283353814, 0.9555723902749714, 0.954030044155744, 1, 0.965120414269554, 0.9812520938871117], [0.7503997725232673, 0.7204398733659635, 0.6847320110071656, 0.7955746441006492, 0.7442030426232955, 0.986671783374779, 0.9873756640531437, 0.965120414269554, 1, 0.9836257295979804], [0.77116963773253, 0.7394719988459039, 0.7053362122879074, 0.8238195311291944, 0.7670076050787817, 0.975264028423059, 0.9758372354227843, 0.9812520938871117, 0.9836257295979804, 1]]
thresholdtopk: [[0.7503997725232673, 0.7589713944621771, 0.77116963773253, 0.7819559951059204, 0.7885184879753053, 0.9691827746427142, 0.984528801841497, 0.9866763607435727, 0.9872687289104336, 1], [0.7204398733659635, 0.732538570688413, 0.7394719988459039, 0.7515856465884768, 0.7601065198757064, 0.950799755653139, 0.9817307306286988, 0.9851728584939692, 0.9866763607435727, 1], [0.6847320110071656, 0.6915736021504774, 0.7053362122879074, 0.7218314035697462, 0.7231085187313623, 0.9391305132617337, 0.9786151770420475, 0.984528801841497, 0.9851728584939692, 1], [0.7936494172928656, 0.7955746441006492, 0.8074023565111081, 0.8238195311291944, 0.8469873522640626, 0.9391305132617337, 0.950799755653139, 0.9691827746427142, 0.9704602506841972, 1], [0.7442030426232955, 0.7496649870444134, 0.7670076050787817, 0.7743650316506014, 0.7883858283353814, 0.9704602506841972, 0.9786151770420475, 0.9817307306286988, 0.9872687289104336, 1], [0.7231085187313623, 0.7601065198757064, 0.7743650316506014, 0.7819559951059204, 0.8074023565111081, 0.9555723902749714, 0.975264028423059, 0.986671783374779, 0.9875120419734965, 1], [0.6915736021504774, 0.732538570688413, 0.7496649870444134, 0.7589713944621771, 0.7936494172928656, 0.954030044155744, 0.9758372354227843, 0.9873756640531437, 0.9875120419734965, 1], [0.7218314035697462, 0.7515856465884768, 0.7883858283353814, 0.7885184879753053, 0.8469873522640626, 0.954030044155744, 0.9555723902749714, 0.965120414269554, 0.9812520938871117, 1], [0.6847320110071656, 0.7204398733659635, 0.7442030426232955, 0.7503997725232673, 0.7955746441006492, 0.965120414269554, 0.9836257295979804, 0.986671783374779, 0.9873756640531437, 1], [0.7053362122879074, 0.7394719988459039, 0.7670076050787817, 0.77116963773253, 0.8238195311291944, 0.975264028423059, 0.9758372354227843, 0.9812520938871117, 0.9836257295979804, 1]]
index,index2,cosdist[index][index2],deepcopy_cosdist[index][0]: 0 0 1 0.7503997725232673
model_id_of_model0_used: 0
index,index2,cosdist[index][index2],deepcopy_cosdist[index][0]: 0 1 0.9866763607435727 0.7503997725232673
model_id_of_model0_used: 1
index,index2,cosdist[index][index2],deepcopy_cosdist[index][0]: 0 2 0.984528801841497 0.7503997725232673
model_id_of_model0_used: 2
index,index2,cosdist[index][index2],deepcopy_cosdist[index][0]: 0 3 0.9691827746427142 0.7503997725232673
model_id_of_model0_used: 3
index,index2,cosdist[index][index2],deepcopy_cosdist[index][0]: 0 4 0.9872687289104336 0.7503997725232673
model_id_of_model0_used: 4
index,index2,cosdist[index][index2],deepcopy_cosdist[index][0]: 0 5 0.7819559951059204 0.7503997725232673
model_id_of_model0_used: 5
index,index2,cosdist[index][index2],deepcopy_cosdist[index][0]: 0 6 0.7589713944621771 0.7503997725232673
model_id_of_model0_used: 6
index,index2,cosdist[index][index2],deepcopy_cosdist[index][0]: 0 7 0.7885184879753053 0.7503997725232673
model_id_of_model0_used: 7
index,index2,cosdist[index][index2],deepcopy_cosdist[index][0]: 0 9 0.77116963773253 0.7503997725232673
model_id_of_model0_used: 9
model_num of model 0 used
-- 9 --
min_max_sun of model 0 used: 1.2746742287047448
index,index2,cosdist[index][index2],deepcopy_cosdist[index][0]: 1 0 0.9866763607435727 0.7204398733659635
model_id_of_model1_used: 0
index,index2,cosdist[index][index2],deepcopy_cosdist[index][0]: 1 1 1 0.7204398733659635
model_id_of_model1_used: 1
index,index2,cosdist[index][index2],deepcopy_cosdist[index][0]: 1 2 0.9851728584939692 0.7204398733659635
model_id_of_model1_used: 2
index,index2,cosdist[index][index2],deepcopy_cosdist[index][0]: 1 3 0.950799755653139 0.7204398733659635
model_id_of_model1_used: 3
index,index2,cosdist[index][index2],deepcopy_cosdist[index][0]: 1 4 0.9817307306286988 0.7204398733659635
model_id_of_model1_used: 4
index,index2,cosdist[index][index2],deepcopy_cosdist[index][0]: 1 5 0.7601065198757064 0.7204398733659635
model_id_of_model1_used: 5
index,index2,cosdist[index][index2],deepcopy_cosdist[index][0]: 1 6 0.732538570688413 0.7204398733659635
model_id_of_model1_used: 6
index,index2,cosdist[index][index2],deepcopy_cosdist[index][0]: 1 7 0.7515856465884768 0.7204398733659635
model_id_of_model1_used: 7
index,index2,cosdist[index][index2],deepcopy_cosdist[index][0]: 1 9 0.7394719988459039 0.7204398733659635
model_id_of_model1_used: 9
model_num of model 1 used
-- 9 --
min_max_sun of model 1 used: 1.4041235812242083
index,index2,cosdist[index][index2],deepcopy_cosdist[index][0]: 2 0 0.984528801841497 0.6847320110071656
model_id_of_model2_used: 0
index,index2,cosdist[index][index2],deepcopy_cosdist[index][0]: 2 1 0.9851728584939692 0.6847320110071656
model_id_of_model2_used: 1
index,index2,cosdist[index][index2],deepcopy_cosdist[index][0]: 2 2 1 0.6847320110071656
model_id_of_model2_used: 2
index,index2,cosdist[index][index2],deepcopy_cosdist[index][0]: 2 3 0.9391305132617337 0.6847320110071656
model_id_of_model2_used: 3
index,index2,cosdist[index][index2],deepcopy_cosdist[index][0]: 2 4 0.9786151770420475 0.6847320110071656
model_id_of_model2_used: 4
index,index2,cosdist[index][index2],deepcopy_cosdist[index][0]: 2 5 0.7231085187313623 0.6847320110071656
model_id_of_model2_used: 5
index,index2,cosdist[index][index2],deepcopy_cosdist[index][0]: 2 6 0.6915736021504774 0.6847320110071656
model_id_of_model2_used: 6
index,index2,cosdist[index][index2],deepcopy_cosdist[index][0]: 2 7 0.7218314035697462 0.6847320110071656
model_id_of_model2_used: 7
index,index2,cosdist[index][index2],deepcopy_cosdist[index][0]: 2 9 0.7053362122879074 0.6847320110071656
model_id_of_model2_used: 9
model_num of model 2 used
-- 9 --
min_max_sun of model 2 used: 1.5667089883142502
index,index2,cosdist[index][index2],deepcopy_cosdist[index][0]: 3 0 0.9691827746427142 0.7936494172928656
model_id_of_model3_used: 0
index,index2,cosdist[index][index2],deepcopy_cosdist[index][0]: 3 1 0.950799755653139 0.7936494172928656
model_id_of_model3_used: 1
index,index2,cosdist[index][index2],deepcopy_cosdist[index][0]: 3 2 0.9391305132617337 0.7936494172928656
model_id_of_model3_used: 2
index,index2,cosdist[index][index2],deepcopy_cosdist[index][0]: 3 3 1 0.7936494172928656
model_id_of_model3_used: 3
index,index2,cosdist[index][index2],deepcopy_cosdist[index][0]: 3 4 0.9704602506841972 0.7936494172928656
model_id_of_model3_used: 4
index,index2,cosdist[index][index2],deepcopy_cosdist[index][0]: 3 5 0.8074023565111081 0.7936494172928656
model_id_of_model3_used: 5
index,index2,cosdist[index][index2],deepcopy_cosdist[index][0]: 3 7 0.8469873522640626 0.7936494172928656
model_id_of_model3_used: 7
index,index2,cosdist[index][index2],deepcopy_cosdist[index][0]: 3 8 0.7955746441006492 0.7936494172928656
model_id_of_model3_used: 8
index,index2,cosdist[index][index2],deepcopy_cosdist[index][0]: 3 9 0.8238195311291944 0.7936494172928656
model_id_of_model3_used: 9
model_num of model 3 used
-- 9 --
min_max_sun of model 3 used: 0.9605124226110076
index,index2,cosdist[index][index2],deepcopy_cosdist[index][0]: 4 0 0.9872687289104336 0.7442030426232955
model_id_of_model4_used: 0
index,index2,cosdist[index][index2],deepcopy_cosdist[index][0]: 4 1 0.9817307306286988 0.7442030426232955
model_id_of_model4_used: 1
index,index2,cosdist[index][index2],deepcopy_cosdist[index][0]: 4 2 0.9786151770420475 0.7442030426232955
model_id_of_model4_used: 2
index,index2,cosdist[index][index2],deepcopy_cosdist[index][0]: 4 3 0.9704602506841972 0.7442030426232955
model_id_of_model4_used: 3
index,index2,cosdist[index][index2],deepcopy_cosdist[index][0]: 4 4 1 0.7442030426232955
model_id_of_model4_used: 4
index,index2,cosdist[index][index2],deepcopy_cosdist[index][0]: 4 5 0.7743650316506014 0.7442030426232955
model_id_of_model4_used: 5
index,index2,cosdist[index][index2],deepcopy_cosdist[index][0]: 4 6 0.7496649870444134 0.7442030426232955
model_id_of_model4_used: 6
index,index2,cosdist[index][index2],deepcopy_cosdist[index][0]: 4 7 0.7883858283353814 0.7442030426232955
model_id_of_model4_used: 7
index,index2,cosdist[index][index2],deepcopy_cosdist[index][0]: 4 9 0.7670076050787817 0.7442030426232955
model_id_of_model4_used: 9
model_num of model 4 used
-- 9 --
min_max_sun of model 4 used: 1.2996709557648953
index,index2,cosdist[index][index2],deepcopy_cosdist[index][0]: 5 0 0.7819559951059204 0.7231085187313623
model_id_of_model5_used: 0
index,index2,cosdist[index][index2],deepcopy_cosdist[index][0]: 5 1 0.7601065198757064 0.7231085187313623
model_id_of_model5_used: 1
index,index2,cosdist[index][index2],deepcopy_cosdist[index][0]: 5 3 0.8074023565111081 0.7231085187313623
model_id_of_model5_used: 3
index,index2,cosdist[index][index2],deepcopy_cosdist[index][0]: 5 4 0.7743650316506014 0.7231085187313623
model_id_of_model5_used: 4
index,index2,cosdist[index][index2],deepcopy_cosdist[index][0]: 5 5 1 0.7231085187313623
model_id_of_model5_used: 5
index,index2,cosdist[index][index2],deepcopy_cosdist[index][0]: 5 6 0.9875120419734965 0.7231085187313623
model_id_of_model5_used: 6
index,index2,cosdist[index][index2],deepcopy_cosdist[index][0]: 5 7 0.9555723902749714 0.7231085187313623
model_id_of_model5_used: 7
index,index2,cosdist[index][index2],deepcopy_cosdist[index][0]: 5 8 0.986671783374779 0.7231085187313623
model_id_of_model5_used: 8
index,index2,cosdist[index][index2],deepcopy_cosdist[index][0]: 5 9 0.975264028423059 0.7231085187313623
model_id_of_model5_used: 9
model_num of model 5 used
-- 9 --
min_max_sun of model 5 used: 1.5208734786073819
index,index2,cosdist[index][index2],deepcopy_cosdist[index][0]: 6 0 0.7589713944621771 0.6915736021504774
model_id_of_model6_used: 0
index,index2,cosdist[index][index2],deepcopy_cosdist[index][0]: 6 1 0.732538570688413 0.6915736021504774
model_id_of_model6_used: 1
index,index2,cosdist[index][index2],deepcopy_cosdist[index][0]: 6 3 0.7936494172928656 0.6915736021504774
model_id_of_model6_used: 3
index,index2,cosdist[index][index2],deepcopy_cosdist[index][0]: 6 4 0.7496649870444134 0.6915736021504774
model_id_of_model6_used: 4
index,index2,cosdist[index][index2],deepcopy_cosdist[index][0]: 6 5 0.9875120419734965 0.6915736021504774
model_id_of_model6_used: 5
index,index2,cosdist[index][index2],deepcopy_cosdist[index][0]: 6 6 1 0.6915736021504774
model_id_of_model6_used: 6
index,index2,cosdist[index][index2],deepcopy_cosdist[index][0]: 6 7 0.954030044155744 0.6915736021504774
model_id_of_model6_used: 7
index,index2,cosdist[index][index2],deepcopy_cosdist[index][0]: 6 8 0.9873756640531437 0.6915736021504774
model_id_of_model6_used: 8
index,index2,cosdist[index][index2],deepcopy_cosdist[index][0]: 6 9 0.9758372354227843 0.6915736021504774
model_id_of_model6_used: 9
model_num of model 6 used
-- 9 --
min_max_sun of model 6 used: 1.7154169357387412
index,index2,cosdist[index][index2],deepcopy_cosdist[index][0]: 7 0 0.7885184879753053 0.7218314035697462
model_id_of_model7_used: 0
index,index2,cosdist[index][index2],deepcopy_cosdist[index][0]: 7 1 0.7515856465884768 0.7218314035697462
model_id_of_model7_used: 1
index,index2,cosdist[index][index2],deepcopy_cosdist[index][0]: 7 3 0.8469873522640626 0.7218314035697462
model_id_of_model7_used: 3
index,index2,cosdist[index][index2],deepcopy_cosdist[index][0]: 7 4 0.7883858283353814 0.7218314035697462
model_id_of_model7_used: 4
index,index2,cosdist[index][index2],deepcopy_cosdist[index][0]: 7 5 0.9555723902749714 0.7218314035697462
model_id_of_model7_used: 5
index,index2,cosdist[index][index2],deepcopy_cosdist[index][0]: 7 6 0.954030044155744 0.7218314035697462
model_id_of_model7_used: 6
index,index2,cosdist[index][index2],deepcopy_cosdist[index][0]: 7 7 1 0.7218314035697462
model_id_of_model7_used: 7
index,index2,cosdist[index][index2],deepcopy_cosdist[index][0]: 7 8 0.965120414269554 0.7218314035697462
model_id_of_model7_used: 8
index,index2,cosdist[index][index2],deepcopy_cosdist[index][0]: 7 9 0.9812520938871117 0.7218314035697462
model_id_of_model7_used: 9
model_num of model 7 used
-- 9 --
min_max_sun of model 7 used: 1.5349696256228917
index,index2,cosdist[index][index2],deepcopy_cosdist[index][0]: 8 0 0.7503997725232673 0.6847320110071656
model_id_of_model8_used: 0
index,index2,cosdist[index][index2],deepcopy_cosdist[index][0]: 8 1 0.7204398733659635 0.6847320110071656
model_id_of_model8_used: 1
index,index2,cosdist[index][index2],deepcopy_cosdist[index][0]: 8 3 0.7955746441006492 0.6847320110071656
model_id_of_model8_used: 3
index,index2,cosdist[index][index2],deepcopy_cosdist[index][0]: 8 4 0.7442030426232955 0.6847320110071656
model_id_of_model8_used: 4
index,index2,cosdist[index][index2],deepcopy_cosdist[index][0]: 8 5 0.986671783374779 0.6847320110071656
model_id_of_model8_used: 5
index,index2,cosdist[index][index2],deepcopy_cosdist[index][0]: 8 6 0.9873756640531437 0.6847320110071656
model_id_of_model8_used: 6
index,index2,cosdist[index][index2],deepcopy_cosdist[index][0]: 8 7 0.965120414269554 0.6847320110071656
model_id_of_model8_used: 7
index,index2,cosdist[index][index2],deepcopy_cosdist[index][0]: 8 8 1 0.6847320110071656
model_id_of_model8_used: 8
index,index2,cosdist[index][index2],deepcopy_cosdist[index][0]: 8 9 0.9836257295979804 0.6847320110071656
model_id_of_model8_used: 9
model_num of model 8 used
-- 9 --
min_max_sun of model 8 used: 1.7708228248441418
index,index2,cosdist[index][index2],deepcopy_cosdist[index][0]: 9 0 0.77116963773253 0.7053362122879074
model_id_of_model9_used: 0
index,index2,cosdist[index][index2],deepcopy_cosdist[index][0]: 9 1 0.7394719988459039 0.7053362122879074
model_id_of_model9_used: 1
index,index2,cosdist[index][index2],deepcopy_cosdist[index][0]: 9 3 0.8238195311291944 0.7053362122879074
model_id_of_model9_used: 3
index,index2,cosdist[index][index2],deepcopy_cosdist[index][0]: 9 4 0.7670076050787817 0.7053362122879074
model_id_of_model9_used: 4
index,index2,cosdist[index][index2],deepcopy_cosdist[index][0]: 9 5 0.975264028423059 0.7053362122879074
model_id_of_model9_used: 5
index,index2,cosdist[index][index2],deepcopy_cosdist[index][0]: 9 6 0.9758372354227843 0.7053362122879074
model_id_of_model9_used: 6
index,index2,cosdist[index][index2],deepcopy_cosdist[index][0]: 9 7 0.9812520938871117 0.7053362122879074
model_id_of_model9_used: 7
index,index2,cosdist[index][index2],deepcopy_cosdist[index][0]: 9 8 0.9836257295979804 0.7053362122879074
model_id_of_model9_used: 8
index,index2,cosdist[index][index2],deepcopy_cosdist[index][0]: 9 9 1 0.7053362122879074
model_id_of_model9_used: 9
model_num of model 9 used
-- 9 --
min_max_sun of model 9 used: 1.6694219495261786
test performance ... 
model 0 use private_data_1 test
0.9257535465220188
model 1 use private_data_1 test
0.9064716316284017
model 2 use private_data_1 test
0.9189937945376051
model 3 use private_data_1 test
0.9179964541120732
model 4 use private_data_1 test
0.8328900711333498
model 5 use private_data_2 test
0.8404255319148937
model 6 use private_data_2 test
0.9217641848198911
model 7 use private_data_2 test
0.7862367021276596
model 8 use private_data_2 test
0.9245345744680851
model 9 use private_data_2 test
0.8896276595744681
updates models ...
model 0 starting alignment with public logits... 
model 0 done alignment
model 0 starting training with private data... 
model 0 done private training. 

model 1 starting alignment with public logits... 
model 1 done alignment
model 1 starting training with private data... 
model 1 done private training. 

model 2 starting alignment with public logits... 
model 2 done alignment
model 2 starting training with private data... 
model 2 done private training. 

model 3 starting alignment with public logits... 
model 3 done alignment
model 3 starting training with private data... 
model 3 done private training. 

model 4 starting alignment with public logits... 
model 4 done alignment
model 4 starting training with private data... 
model 4 done private training. 

model 5 starting alignment with public logits... 
model 5 done alignment
model 5 starting training with private data... 
model 5 done private training. 

model 6 starting alignment with public logits... 
model 6 done alignment
model 6 starting training with private data... 
model 6 done private training. 

model 7 starting alignment with public logits... 
model 7 done alignment
model 7 starting training with private data... 
model 7 done private training. 

model 8 starting alignment with public logits... 
model 8 done alignment
model 8 starting training with private data... 
model 8 done private training. 

model 9 starting alignment with public logits... 
model 9 done alignment
model 9 starting training with private data... 
model 9 done private training. 

round  1
update logits ... 
cosdist:
[[1, 0.9979855671898695, 0.9974293463976106, 0.9948473108859853, 0.9974712151110646, 0.8712122007477787, 0.8652304439024161, 0.8840911342553279, 0.8651619522092691, 0.8719773813881722], [0.9979855671898695, 1, 0.9973388492766915, 0.9935773584163601, 0.9967997983101629, 0.872072153177289, 0.8656790198560745, 0.8845668911605764, 0.8663783381822329, 0.8729355776192503], [0.9974293463976106, 0.9973388492766915, 1, 0.9937075040474961, 0.9977173473297395, 0.8707494870645308, 0.8645614436221132, 0.8845860465144387, 0.8662673661410243, 0.8735010727776814], [0.9948473108859853, 0.9935773584163601, 0.9937075040474961, 1, 0.9939642552245082, 0.8836276043142327, 0.8756039608421904, 0.8940753635316945, 0.8754881450356461, 0.8825866909640929], [0.9974712151110646, 0.9967997983101629, 0.9977173473297395, 0.9939642552245082, 1, 0.8664607418417233, 0.8603256430877244, 0.8793504373170297, 0.8608144361336072, 0.8675245554758222], [0.8712122007477787, 0.872072153177289, 0.8707494870645308, 0.8836276043142327, 0.8664607418417233, 1, 0.9958466361520111, 0.9936713649066098, 0.9955966736977495, 0.9952283358624765], [0.8652304439024161, 0.8656790198560745, 0.8645614436221132, 0.8756039608421904, 0.8603256430877244, 0.9958466361520111, 1, 0.9937352827082122, 0.9970570977473218, 0.9958016903580855], [0.8840911342553279, 0.8845668911605764, 0.8845860465144387, 0.8940753635316945, 0.8793504373170297, 0.9936713649066098, 0.9937352827082122, 1, 0.9940729550375457, 0.9962462067644535], [0.8651619522092691, 0.8663783381822329, 0.8662673661410243, 0.8754881450356461, 0.8608144361336072, 0.9955966736977495, 0.9970570977473218, 0.9940729550375457, 1, 0.9973765308076902], [0.8719773813881722, 0.8729355776192503, 0.8735010727776814, 0.8825866909640929, 0.8675245554758222, 0.9952283358624765, 0.9958016903580855, 0.9962462067644535, 0.9973765308076902, 1]]
thresholdtopk: [[0.8651619522092691, 0.8652304439024161, 0.8712122007477787, 0.8719773813881722, 0.8840911342553279, 0.9948473108859853, 0.9974293463976106, 0.9974712151110646, 0.9979855671898695, 1], [0.8656790198560745, 0.8663783381822329, 0.872072153177289, 0.8729355776192503, 0.8845668911605764, 0.9935773584163601, 0.9967997983101629, 0.9973388492766915, 0.9979855671898695, 1], [0.8645614436221132, 0.8662673661410243, 0.8707494870645308, 0.8735010727776814, 0.8845860465144387, 0.9937075040474961, 0.9973388492766915, 0.9974293463976106, 0.9977173473297395, 1], [0.8754881450356461, 0.8756039608421904, 0.8825866909640929, 0.8836276043142327, 0.8940753635316945, 0.9935773584163601, 0.9937075040474961, 0.9939642552245082, 0.9948473108859853, 1], [0.8603256430877244, 0.8608144361336072, 0.8664607418417233, 0.8675245554758222, 0.8793504373170297, 0.9939642552245082, 0.9967997983101629, 0.9974712151110646, 0.9977173473297395, 1], [0.8664607418417233, 0.8707494870645308, 0.8712122007477787, 0.872072153177289, 0.8836276043142327, 0.9936713649066098, 0.9952283358624765, 0.9955966736977495, 0.9958466361520111, 1], [0.8603256430877244, 0.8645614436221132, 0.8652304439024161, 0.8656790198560745, 0.8756039608421904, 0.9937352827082122, 0.9958016903580855, 0.9958466361520111, 0.9970570977473218, 1], [0.8793504373170297, 0.8840911342553279, 0.8845668911605764, 0.8845860465144387, 0.8940753635316945, 0.9936713649066098, 0.9937352827082122, 0.9940729550375457, 0.9962462067644535, 1], [0.8608144361336072, 0.8651619522092691, 0.8662673661410243, 0.8663783381822329, 0.8754881450356461, 0.9940729550375457, 0.9955966736977495, 0.9970570977473218, 0.9973765308076902, 1], [0.8675245554758222, 0.8719773813881722, 0.8729355776192503, 0.8735010727776814, 0.8825866909640929, 0.9952283358624765, 0.9958016903580855, 0.9962462067644535, 0.9973765308076902, 1]]
index,index2,cosdist[index][index2],deepcopy_cosdist[index][0]: 0 0 1 0.8651619522092691
model_id_of_model0_used: 0
index,index2,cosdist[index][index2],deepcopy_cosdist[index][0]: 0 1 0.9979855671898695 0.8651619522092691
model_id_of_model0_used: 1
index,index2,cosdist[index][index2],deepcopy_cosdist[index][0]: 0 2 0.9974293463976106 0.8651619522092691
model_id_of_model0_used: 2
index,index2,cosdist[index][index2],deepcopy_cosdist[index][0]: 0 3 0.9948473108859853 0.8651619522092691
model_id_of_model0_used: 3
index,index2,cosdist[index][index2],deepcopy_cosdist[index][0]: 0 4 0.9974712151110646 0.8651619522092691
model_id_of_model0_used: 4
index,index2,cosdist[index][index2],deepcopy_cosdist[index][0]: 0 5 0.8712122007477787 0.8651619522092691
model_id_of_model0_used: 5
index,index2,cosdist[index][index2],deepcopy_cosdist[index][0]: 0 6 0.8652304439024161 0.8651619522092691
model_id_of_model0_used: 6
index,index2,cosdist[index][index2],deepcopy_cosdist[index][0]: 0 7 0.8840911342553279 0.8651619522092691
model_id_of_model0_used: 7
index,index2,cosdist[index][index2],deepcopy_cosdist[index][0]: 0 9 0.8719773813881722 0.8651619522092691
model_id_of_model0_used: 9
model_num of model 0 used
-- 9 --
min_max_sun of model 0 used: 0.6937870299948035
index,index2,cosdist[index][index2],deepcopy_cosdist[index][0]: 1 0 0.9979855671898695 0.8656790198560745
model_id_of_model1_used: 0
index,index2,cosdist[index][index2],deepcopy_cosdist[index][0]: 1 1 1 0.8656790198560745
model_id_of_model1_used: 1
index,index2,cosdist[index][index2],deepcopy_cosdist[index][0]: 1 2 0.9973388492766915 0.8656790198560745
model_id_of_model1_used: 2
index,index2,cosdist[index][index2],deepcopy_cosdist[index][0]: 1 3 0.9935773584163601 0.8656790198560745
model_id_of_model1_used: 3
index,index2,cosdist[index][index2],deepcopy_cosdist[index][0]: 1 4 0.9967997983101629 0.8656790198560745
model_id_of_model1_used: 4
index,index2,cosdist[index][index2],deepcopy_cosdist[index][0]: 1 5 0.872072153177289 0.8656790198560745
model_id_of_model1_used: 5
index,index2,cosdist[index][index2],deepcopy_cosdist[index][0]: 1 7 0.8845668911605764 0.8656790198560745
model_id_of_model1_used: 7
index,index2,cosdist[index][index2],deepcopy_cosdist[index][0]: 1 8 0.8663783381822329 0.8656790198560745
model_id_of_model1_used: 8
index,index2,cosdist[index][index2],deepcopy_cosdist[index][0]: 1 9 0.8729355776192503 0.8656790198560745
model_id_of_model1_used: 9
model_num of model 1 used
-- 9 --
min_max_sun of model 1 used: 0.6905433546277617
index,index2,cosdist[index][index2],deepcopy_cosdist[index][0]: 2 0 0.9974293463976106 0.8645614436221132
model_id_of_model2_used: 0
index,index2,cosdist[index][index2],deepcopy_cosdist[index][0]: 2 1 0.9973388492766915 0.8645614436221132
model_id_of_model2_used: 1
index,index2,cosdist[index][index2],deepcopy_cosdist[index][0]: 2 2 1 0.8645614436221132
model_id_of_model2_used: 2
index,index2,cosdist[index][index2],deepcopy_cosdist[index][0]: 2 3 0.9937075040474961 0.8645614436221132
model_id_of_model2_used: 3
index,index2,cosdist[index][index2],deepcopy_cosdist[index][0]: 2 4 0.9977173473297395 0.8645614436221132
model_id_of_model2_used: 4
index,index2,cosdist[index][index2],deepcopy_cosdist[index][0]: 2 5 0.8707494870645308 0.8645614436221132
model_id_of_model2_used: 5
index,index2,cosdist[index][index2],deepcopy_cosdist[index][0]: 2 7 0.8845860465144387 0.8645614436221132
model_id_of_model2_used: 7
index,index2,cosdist[index][index2],deepcopy_cosdist[index][0]: 2 8 0.8662673661410243 0.8645614436221132
model_id_of_model2_used: 8
index,index2,cosdist[index][index2],deepcopy_cosdist[index][0]: 2 9 0.8735010727776814 0.8645614436221132
model_id_of_model2_used: 9
model_num of model 2 used
-- 9 --
min_max_sun of model 2 used: 0.7002440269501943
index,index2,cosdist[index][index2],deepcopy_cosdist[index][0]: 3 0 0.9948473108859853 0.8754881450356461
model_id_of_model3_used: 0
index,index2,cosdist[index][index2],deepcopy_cosdist[index][0]: 3 1 0.9935773584163601 0.8754881450356461
model_id_of_model3_used: 1
index,index2,cosdist[index][index2],deepcopy_cosdist[index][0]: 3 2 0.9937075040474961 0.8754881450356461
model_id_of_model3_used: 2
index,index2,cosdist[index][index2],deepcopy_cosdist[index][0]: 3 3 1 0.8754881450356461
model_id_of_model3_used: 3
index,index2,cosdist[index][index2],deepcopy_cosdist[index][0]: 3 4 0.9939642552245082 0.8754881450356461
model_id_of_model3_used: 4
index,index2,cosdist[index][index2],deepcopy_cosdist[index][0]: 3 5 0.8836276043142327 0.8754881450356461
model_id_of_model3_used: 5
index,index2,cosdist[index][index2],deepcopy_cosdist[index][0]: 3 6 0.8756039608421904 0.8754881450356461
model_id_of_model3_used: 6
index,index2,cosdist[index][index2],deepcopy_cosdist[index][0]: 3 7 0.8940753635316945 0.8754881450356461
model_id_of_model3_used: 7
index,index2,cosdist[index][index2],deepcopy_cosdist[index][0]: 3 9 0.8825866909640929 0.8754881450356461
model_id_of_model3_used: 9
model_num of model 3 used
-- 9 --
min_max_sun of model 3 used: 0.6325967429057453
index,index2,cosdist[index][index2],deepcopy_cosdist[index][0]: 4 0 0.9974712151110646 0.8603256430877244
model_id_of_model4_used: 0
index,index2,cosdist[index][index2],deepcopy_cosdist[index][0]: 4 1 0.9967997983101629 0.8603256430877244
model_id_of_model4_used: 1
index,index2,cosdist[index][index2],deepcopy_cosdist[index][0]: 4 2 0.9977173473297395 0.8603256430877244
model_id_of_model4_used: 2
index,index2,cosdist[index][index2],deepcopy_cosdist[index][0]: 4 3 0.9939642552245082 0.8603256430877244
model_id_of_model4_used: 3
index,index2,cosdist[index][index2],deepcopy_cosdist[index][0]: 4 4 1 0.8603256430877244
model_id_of_model4_used: 4
index,index2,cosdist[index][index2],deepcopy_cosdist[index][0]: 4 5 0.8664607418417233 0.8603256430877244
model_id_of_model4_used: 5
index,index2,cosdist[index][index2],deepcopy_cosdist[index][0]: 4 7 0.8793504373170297 0.8603256430877244
model_id_of_model4_used: 7
index,index2,cosdist[index][index2],deepcopy_cosdist[index][0]: 4 8 0.8608144361336072 0.8603256430877244
model_id_of_model4_used: 8
index,index2,cosdist[index][index2],deepcopy_cosdist[index][0]: 4 9 0.8675245554758222 0.8603256430877244
model_id_of_model4_used: 9
model_num of model 4 used
-- 9 --
min_max_sun of model 4 used: 0.7171719989541377
index,index2,cosdist[index][index2],deepcopy_cosdist[index][0]: 5 0 0.8712122007477787 0.8664607418417233
model_id_of_model5_used: 0
index,index2,cosdist[index][index2],deepcopy_cosdist[index][0]: 5 1 0.872072153177289 0.8664607418417233
model_id_of_model5_used: 1
index,index2,cosdist[index][index2],deepcopy_cosdist[index][0]: 5 2 0.8707494870645308 0.8664607418417233
model_id_of_model5_used: 2
index,index2,cosdist[index][index2],deepcopy_cosdist[index][0]: 5 3 0.8836276043142327 0.8664607418417233
model_id_of_model5_used: 3
index,index2,cosdist[index][index2],deepcopy_cosdist[index][0]: 5 5 1 0.8664607418417233
model_id_of_model5_used: 5
index,index2,cosdist[index][index2],deepcopy_cosdist[index][0]: 5 6 0.9958466361520111 0.8664607418417233
model_id_of_model5_used: 6
index,index2,cosdist[index][index2],deepcopy_cosdist[index][0]: 5 7 0.9936713649066098 0.8664607418417233
model_id_of_model5_used: 7
index,index2,cosdist[index][index2],deepcopy_cosdist[index][0]: 5 8 0.9955966736977495 0.8664607418417233
model_id_of_model5_used: 8
index,index2,cosdist[index][index2],deepcopy_cosdist[index][0]: 5 9 0.9952283358624765 0.8664607418417233
model_id_of_model5_used: 9
model_num of model 5 used
-- 9 --
min_max_sun of model 5 used: 0.6798577793471686
index,index2,cosdist[index][index2],deepcopy_cosdist[index][0]: 6 0 0.8652304439024161 0.8603256430877244
model_id_of_model6_used: 0
index,index2,cosdist[index][index2],deepcopy_cosdist[index][0]: 6 1 0.8656790198560745 0.8603256430877244
model_id_of_model6_used: 1
index,index2,cosdist[index][index2],deepcopy_cosdist[index][0]: 6 2 0.8645614436221132 0.8603256430877244
model_id_of_model6_used: 2
index,index2,cosdist[index][index2],deepcopy_cosdist[index][0]: 6 3 0.8756039608421904 0.8603256430877244
model_id_of_model6_used: 3
index,index2,cosdist[index][index2],deepcopy_cosdist[index][0]: 6 5 0.9958466361520111 0.8603256430877244
model_id_of_model6_used: 5
index,index2,cosdist[index][index2],deepcopy_cosdist[index][0]: 6 6 1 0.8603256430877244
model_id_of_model6_used: 6
index,index2,cosdist[index][index2],deepcopy_cosdist[index][0]: 6 7 0.9937352827082122 0.8603256430877244
model_id_of_model6_used: 7
index,index2,cosdist[index][index2],deepcopy_cosdist[index][0]: 6 8 0.9970570977473218 0.8603256430877244
model_id_of_model6_used: 8
index,index2,cosdist[index][index2],deepcopy_cosdist[index][0]: 6 9 0.9958016903580855 0.8603256430877244
model_id_of_model6_used: 9
model_num of model 6 used
-- 9 --
min_max_sun of model 6 used: 0.7105847873989051
index,index2,cosdist[index][index2],deepcopy_cosdist[index][0]: 7 0 0.8840911342553279 0.8793504373170297
model_id_of_model7_used: 0
index,index2,cosdist[index][index2],deepcopy_cosdist[index][0]: 7 1 0.8845668911605764 0.8793504373170297
model_id_of_model7_used: 1
index,index2,cosdist[index][index2],deepcopy_cosdist[index][0]: 7 2 0.8845860465144387 0.8793504373170297
model_id_of_model7_used: 2
index,index2,cosdist[index][index2],deepcopy_cosdist[index][0]: 7 3 0.8940753635316945 0.8793504373170297
model_id_of_model7_used: 3
index,index2,cosdist[index][index2],deepcopy_cosdist[index][0]: 7 5 0.9936713649066098 0.8793504373170297
model_id_of_model7_used: 5
index,index2,cosdist[index][index2],deepcopy_cosdist[index][0]: 7 6 0.9937352827082122 0.8793504373170297
model_id_of_model7_used: 6
index,index2,cosdist[index][index2],deepcopy_cosdist[index][0]: 7 7 1 0.8793504373170297
model_id_of_model7_used: 7
index,index2,cosdist[index][index2],deepcopy_cosdist[index][0]: 7 8 0.9940729550375457 0.8793504373170297
model_id_of_model7_used: 8
index,index2,cosdist[index][index2],deepcopy_cosdist[index][0]: 7 9 0.9962462067644535 0.8793504373170297
model_id_of_model7_used: 9
model_num of model 7 used
-- 9 --
min_max_sun of model 7 used: 0.6108913090255917
index,index2,cosdist[index][index2],deepcopy_cosdist[index][0]: 8 0 0.8651619522092691 0.8608144361336072
model_id_of_model8_used: 0
index,index2,cosdist[index][index2],deepcopy_cosdist[index][0]: 8 1 0.8663783381822329 0.8608144361336072
model_id_of_model8_used: 1
index,index2,cosdist[index][index2],deepcopy_cosdist[index][0]: 8 2 0.8662673661410243 0.8608144361336072
model_id_of_model8_used: 2
index,index2,cosdist[index][index2],deepcopy_cosdist[index][0]: 8 3 0.8754881450356461 0.8608144361336072
model_id_of_model8_used: 3
index,index2,cosdist[index][index2],deepcopy_cosdist[index][0]: 8 5 0.9955966736977495 0.8608144361336072
model_id_of_model8_used: 5
index,index2,cosdist[index][index2],deepcopy_cosdist[index][0]: 8 6 0.9970570977473218 0.8608144361336072
model_id_of_model8_used: 6
index,index2,cosdist[index][index2],deepcopy_cosdist[index][0]: 8 7 0.9940729550375457 0.8608144361336072
model_id_of_model8_used: 7
index,index2,cosdist[index][index2],deepcopy_cosdist[index][0]: 8 8 1 0.8608144361336072
model_id_of_model8_used: 8
index,index2,cosdist[index][index2],deepcopy_cosdist[index][0]: 8 9 0.9973765308076902 0.8608144361336072
model_id_of_model8_used: 9
model_num of model 8 used
-- 9 --
min_max_sun of model 8 used: 0.7100691336560147
index,index2,cosdist[index][index2],deepcopy_cosdist[index][0]: 9 0 0.8719773813881722 0.8675245554758222
model_id_of_model9_used: 0
index,index2,cosdist[index][index2],deepcopy_cosdist[index][0]: 9 1 0.8729355776192503 0.8675245554758222
model_id_of_model9_used: 1
index,index2,cosdist[index][index2],deepcopy_cosdist[index][0]: 9 2 0.8735010727776814 0.8675245554758222
model_id_of_model9_used: 2
index,index2,cosdist[index][index2],deepcopy_cosdist[index][0]: 9 3 0.8825866909640929 0.8675245554758222
model_id_of_model9_used: 3
index,index2,cosdist[index][index2],deepcopy_cosdist[index][0]: 9 5 0.9952283358624765 0.8675245554758222
model_id_of_model9_used: 5
index,index2,cosdist[index][index2],deepcopy_cosdist[index][0]: 9 6 0.9958016903580855 0.8675245554758222
model_id_of_model9_used: 6
index,index2,cosdist[index][index2],deepcopy_cosdist[index][0]: 9 7 0.9962462067644535 0.8675245554758222
model_id_of_model9_used: 7
index,index2,cosdist[index][index2],deepcopy_cosdist[index][0]: 9 8 0.9973765308076902 0.8675245554758222
model_id_of_model9_used: 8
index,index2,cosdist[index][index2],deepcopy_cosdist[index][0]: 9 9 1 0.8675245554758222
model_id_of_model9_used: 9
model_num of model 9 used
-- 9 --
min_max_sun of model 9 used: 0.6779324872595028
test performance ... 
model 0 use private_data_1 test
0.9297429082241464
model 1 use private_data_1 test
0.9070257094312222
model 2 use private_data_1 test
0.8249113477290945
model 3 use private_data_1 test
0.9017065604950519
model 4 use private_data_1 test
0.8690159574468085
model 5 use private_data_2 test
0.7947695039688273
model 6 use private_data_2 test
0.9392730498567541
model 7 use private_data_2 test
0.8564937945376051
model 8 use private_data_2 test
0.9372783690056903
model 9 use private_data_2 test
0.9208776595744681
updates models ...
model 0 starting alignment with public logits... 
model 0 done alignment
model 0 starting training with private data... 
model 0 done private training. 

model 1 starting alignment with public logits... 
model 1 done alignment
model 1 starting training with private data... 
model 1 done private training. 

model 2 starting alignment with public logits... 
model 2 done alignment
model 2 starting training with private data... 
model 2 done private training. 

model 3 starting alignment with public logits... 
model 3 done alignment
model 3 starting training with private data... 
model 3 done private training. 

model 4 starting alignment with public logits... 
model 4 done alignment
model 4 starting training with private data... 
model 4 done private training. 

model 5 starting alignment with public logits... 
model 5 done alignment
model 5 starting training with private data... 
model 5 done private training. 

model 6 starting alignment with public logits... 
model 6 done alignment
model 6 starting training with private data... 
model 6 done private training. 

model 7 starting alignment with public logits... 
model 7 done alignment
model 7 starting training with private data... 
model 7 done private training. 

model 8 starting alignment with public logits... 
model 8 done alignment
model 8 starting training with private data... 
model 8 done private training. 

model 9 starting alignment with public logits... 
model 9 done alignment
model 9 starting training with private data... 
model 9 done private training. 

round  2
update logits ... 
cosdist:
